72.0 73.49
73.21 74.14
75.06 75.14
77.55 76.5
80.62 78.18
84.15 80.12
88.04 82.24
92.15 84.47
96.33 86.73
100.4 88.93
104.14 90.99
107.4 92.84
110.04 94.44
112.0 95.77
113.27 96.85
113.91 97.72
114.0 98.44
113.65 99.06
112.97 99.63
112.07 100.18
111.02 100.72
109.91 101.25
108.78 101.75
107.66 102.21
106.57 102.62
105.53 102.97
104.53 103.23
103.56 103.4
102.62 103.47
101.69 103.42
100.76 103.25
99.79 102.97
98.77 102.56
97.67 102.02
96.46 101.36
95.16 100.58
93.8 99.7
92.41 98.74
91.04 97.75
89.74 96.76
88.54 95.79
87.47 94.87
86.56 94.0
85.82 93.2
85.25 92.47
84.84 91.8
84.56 91.18
84.39 90.61
84.31 90.07
84.3 89.57
84.34 89.09
84.42 88.64
84.51 88.21
84.61 87.81
84.69 87.42
84.74 87.05
84.75 86.69
84.69 86.34
84.57 85.97
84.37 85.61
84.1 85.23
83.76 84.85
83.38 84.48
82.97 84.12
82.55 83.77
82.12 83.43
81.68 83.1
81.24 82.79
80.79 82.47
80.33 82.15
79.87 81.83
79.41 81.5
78.95 81.16
78.49 80.82
78.05 80.47
77.62 80.12
77.2 79.77
76.81 79.42
76.42 79.07
76.03 78.71
75.65 78.35
75.29 77.98
74.94 77.62
74.61 77.27
74.32 76.94
74.05 76.61
73.8 76.29
73.57 75.98
73.34 75.67
73.1 75.34
72.84 75.01
72.55 74.67
72.26 74.33
71.99 74.02
71.73 73.75
71.55 73.54
71.58 73.46
71.57 73.41
71.68 73.41
