77.0 79.34
79.48 80.64
83.54 82.79
89.11 85.78
95.87 89.43
103.4 93.52
111.23 97.76
118.93 101.92
126.16 105.8
132.64 109.3
138.13 112.36
142.51 114.96
145.74 117.14
147.84 118.94
148.89 120.41
149.0 121.63
148.28 122.66
146.91 123.56
145.02 124.37
142.74 125.09
140.2 125.71
137.49 126.19
134.67 126.49
131.78 126.6
128.84 126.5
125.84 126.17
122.73 125.62
119.51 124.83
116.2 123.81
112.86 122.59
109.57 121.19
106.43 119.68
103.52 118.11
100.9 116.51
98.61 114.93
96.65 113.39
95.05 111.88
93.78 110.43
92.83 109.04
92.16 107.69
91.73 106.4
91.51 105.16
91.44 103.97
91.5 102.83
91.65 101.74
91.85 100.7
92.05 99.71
92.2 98.76
92.26 97.83
92.19 96.93
91.99 96.03
91.66 95.16
91.22 94.3
90.69 93.49
90.1 92.71
89.48 91.98
88.83 91.3
88.17 90.66
87.48 90.05
86.78 89.46
86.06 88.89
85.34 88.34
84.63 87.8
83.94 87.29
83.29 86.78
82.69 86.29
82.13 85.81
81.63 85.34
81.17 84.89
80.72 84.43
80.25 83.96
79.78 83.48
79.29 82.98
78.78 82.46
78.27 81.93
77.79 81.4
77.32 80.88
76.87 80.37
76.46 79.88
76.05 79.4
75.65 78.96
75.36 78.6
75.15 78.32
75.11 78.03
75.24 77.85
