79.99 81.12
81.54 81.94
84.11 83.32
87.72 85.24
92.16 87.62
97.08 90.29
102.08 93.01
106.83 95.61
111.06 97.92
114.6 99.85
117.29 101.37
119.07 102.48
119.95 103.24
120.0 103.7
119.32 103.93
118.1 104.02
116.53 104.05
114.75 104.09
112.89 104.2
111.06 104.38
109.32 104.62
107.7 104.88
106.25 105.12
104.98 105.31
103.9 105.45
103.02 105.54
102.32 105.6
101.8 105.64
101.39 105.62
101.01 105.52
100.57 105.29
99.99 104.89
99.22 104.32
98.25 103.58
97.15 102.71
96.0 101.78
94.93 100.87
94.04 100.04
93.43 99.36
93.14 98.84
93.16 98.5
93.47 98.3
93.99 98.22
94.65 98.2
95.37 98.21
96.07 98.2
96.67 98.14
97.12 98.01
97.38 97.79
97.43 97.49
97.29 97.13
97.0 96.74
96.61 96.35
96.16 95.98
95.65 95.64
95.09 95.33
94.48 95.01
93.8 94.68
93.05 94.31
92.25 93.9
91.41 93.45
90.56 92.97
89.72 92.48
88.91 92.0
88.16 91.53
87.5 91.08
86.91 90.66
86.38 90.26
85.92 89.86
85.49 89.47
85.07 89.06
84.67 88.64
84.29 88.21
83.93 87.76
83.59 87.31
83.29 86.87
83.04 86.45
82.82 86.05
82.65 85.69
82.51 85.35
82.4 85.03
82.29 84.73
82.19 84.44
82.07 84.15
81.94 83.86
81.78 83.57
81.59 83.26
81.37 82.96
81.13 82.66
80.89 82.37
80.68 82.11
80.49 81.87
80.31 81.66
80.15 81.47
80.04 81.32
79.95 81.25
79.87 81.09
79.71 80.67
79.3 80.3
78.75 79.56
