79.99 81.14
81.37 81.84
83.48 82.94
86.33 84.45
89.85 86.35
93.9 88.54
98.31 90.93
102.9 93.4
107.43 95.83
111.6 98.08
115.11 100.02
117.74 101.58
119.36 102.7
119.99 103.4
119.73 103.76
118.75 103.86
117.23 103.82
115.36 103.73
113.32 103.68
111.27 103.7
109.33 103.8
107.56 103.98
106.03 104.22
104.76 104.5
103.75 104.78
102.95 105.02
102.29 105.19
101.69 105.23
101.03 105.1
100.24 104.78
99.29 104.27
98.19 103.61
97.03 102.85
95.87 102.04
94.82 101.24
93.95 100.51
93.31 99.86
92.9 99.32
92.74 98.87
92.8 98.51
93.03 98.24
93.44 98.03
93.98 97.88
94.59 97.76
95.22 97.65
95.82 97.52
96.32 97.37
96.67 97.17
96.86 96.93
96.87 96.63
96.69 96.3
96.35 95.93
95.87 95.55
95.28 95.15
94.61 94.76
93.9 94.37
93.18 93.99
92.47 93.62
91.78 93.27
91.12 92.93
90.48 92.6
89.87 92.26
89.27 91.92
88.7 91.56
88.14 91.19
87.6 90.8
87.09 90.4
86.61 90.0
86.15 89.6
85.73 89.21
85.34 88.81
84.98 88.42
84.66 88.03
84.37 87.65
84.09 87.26
83.83 86.87
83.57 86.48
83.31 86.1
83.04 85.72
82.78 85.35
82.53 85.0
82.3 84.66
82.1 84.35
81.92 84.06
81.75 83.78
81.61 83.51
81.46 83.25
81.3 82.99
81.11 82.72
80.89 82.44
80.64 82.16
80.35 81.87
80.06 81.6
79.79 81.35
79.58 81.16
79.47 81.03
79.5 80.96
79.66 80.98
79.77 81.11
79.88 81.14
80.0 81.24
