79.99 80.5
81.36 81.21
83.51 82.34
86.44 83.9
90.05 85.84
94.14 88.08
98.52 90.49
102.98 92.95
107.31 95.34
111.32 97.57
114.76 99.54
117.43 101.18
119.2 102.44
119.99 103.3
119.88 103.78
118.95 103.95
117.37 103.9
115.36 103.71
113.06 103.49
110.67 103.3
108.35 103.17
106.16 103.11
104.2 103.11
102.51 103.15
101.09 103.21
99.92 103.27
98.98 103.29
98.2 103.26
97.51 103.12
96.83 102.85
96.1 102.43
95.26 101.85
94.35 101.13
93.4 100.32
92.48 99.48
91.68 98.66
91.08 97.92
90.72 97.29
90.61 96.78
90.74 96.4
91.08 96.12
91.56 95.92
92.18 95.79
92.88 95.71
93.62 95.65
94.36 95.61
95.04 95.57
95.62 95.5
96.04 95.4
96.26 95.25
96.29 95.05
96.12 94.81
95.77 94.52
95.27 94.21
94.63 93.87
93.9 93.52
93.1 93.15
92.26 92.77
91.4 92.38
90.54 91.99
89.71 91.61
88.91 91.23
88.15 90.86
87.44 90.49
86.76 90.11
86.14 89.72
85.55 89.31
84.98 88.89
84.46 88.46
83.96 88.01
83.5 87.55
83.05 87.09
82.62 86.62
82.23 86.16
81.88 85.71
81.58 85.28
81.36 84.87
81.18 84.5
81.05 84.16
80.95 83.83
80.85 83.52
80.78 83.22
80.7 82.93
80.63 82.65
80.56 82.37
80.5 82.12
80.45 81.88
80.38 81.67
80.33 81.47
80.28 81.3
80.22 81.14
80.15 80.98
80.05 80.82
79.93 80.66
79.77 80.48
79.58 80.3
79.38 80.11
79.15 79.92
78.93 79.74
78.78 79.61
78.67 79.54
78.7 79.54
78.74 79.47
78.77 79.43
