67.99 69.54
70.0 70.66
73.28 72.47
77.99 75.04
84.03 78.3
90.98 82.04
98.24 85.94
105.15 89.67
111.18 92.92
115.98 95.51
119.38 97.44
121.51 98.79
122.62 99.75
122.99 100.54
122.91 101.35
122.62 102.29
122.28 103.42
121.96 104.75
121.72 106.24
121.56 107.83
121.45 109.45
121.4 111.02
121.36 112.46
121.27 113.71
121.1 114.72
120.77 115.47
120.24 115.94
119.38 116.14
118.14 116.06
116.45 115.7
114.3 115.04
111.73 114.11
108.88 112.96
105.92 111.66
103.05 110.33
100.44 109.04
98.23 107.88
96.51 106.89
95.28 106.08
94.53 105.43
94.17 104.89
94.09 104.4
94.2 103.92
94.42 103.4
94.65 102.81
94.81 102.13
94.85 101.36
94.71 100.5
94.39 99.57
93.9 98.59
93.26 97.61
92.53 96.64
91.76 95.72
90.99 94.87
90.24 94.09
89.52 93.36
88.84 92.69
88.21 92.04
87.58 91.41
86.95 90.79
86.32 90.17
85.67 89.55
84.98 88.92
84.3 88.29
83.62 87.67
82.96 87.06
82.34 86.48
81.77 85.93
81.25 85.4
80.78 84.91
80.36 84.43
79.98 83.97
79.63 83.52
79.29 83.06
78.94 82.59
78.58 82.1
78.19 81.6
77.78 81.09
77.35 80.57
76.91 80.06
76.49 79.58
76.09 79.11
75.72 78.67
75.38 78.26
75.04 77.86
74.7 77.47
74.35 77.07
73.99 76.67
73.64 76.28
73.29 75.9
72.98 75.53
72.7 75.19
72.44 74.86
72.2 74.55
71.98 74.25
71.76 73.95
71.51 73.65
71.24 73.33
70.94 73.0
70.6 72.65
70.22 72.28
69.81 71.9
69.37 71.51
68.93 71.12
68.5 70.74
68.09 70.38
67.72 70.05
67.42 69.77
67.22 69.56
67.21 69.48
67.42 69.58
67.89 69.78
68.5 70.1
