79.99 80.92
81.61 81.75
84.17 83.09
87.73 84.96
92.15 87.32
97.19 90.03
102.48 92.88
107.6 95.66
112.13 98.14
115.78 100.17
118.31 101.66
119.69 102.6
119.99 103.07
119.39 103.18
118.09 103.07
116.32 102.87
114.3 102.69
112.22 102.61
110.2 102.68
108.35 102.88
106.73 103.21
105.36 103.6
104.25 104.02
103.37 104.4
102.69 104.7
102.13 104.88
101.57 104.89
100.9 104.71
100.04 104.33
98.94 103.74
97.67 102.99
96.33 102.15
95.04 101.3
93.95 100.49
93.12 99.79
92.58 99.22
92.34 98.77
92.36 98.43
92.59 98.17
92.97 97.96
93.44 97.77
93.93 97.57
94.38 97.35
94.76 97.08
95.01 96.77
95.12 96.39
95.05 95.97
94.82 95.5
94.42 95.0
93.86 94.48
93.18 93.95
92.41 93.42
91.57 92.89
90.7 92.36
89.83 91.85
88.99 91.35
88.19 90.87
87.45 90.41
86.77 89.98
86.15 89.56
85.57 89.14
85.03 88.71
84.5 88.28
84.0 87.84
83.54 87.39
83.12 86.96
82.75 86.53
82.46 86.13
82.21 85.75
82.01 85.4
81.85 85.05
81.71 84.72
81.56 84.38
81.4 84.03
81.23 83.68
81.04 83.33
80.85 82.98
80.65 82.64
80.45 82.31
80.24 81.99
80.02 81.68
79.78 81.38
79.52 81.08
79.25 80.8
78.98 80.52
78.72 80.25
78.46 80.0
78.23 79.77
78.09 79.62
78.12 79.58
78.24 79.65
78.48 79.74
