80.0 81.95
81.53 82.69
84.03 83.96
87.52 85.77
91.87 88.04
96.74 90.6
101.76 93.26
106.57 95.8
110.82 98.06
114.32 99.92
116.96 101.38
118.74 102.46
119.72 103.23
120.0 103.78
119.69 104.17
118.92 104.49
117.82 104.78
116.47 105.06
114.98 105.37
113.45 105.7
111.91 106.05
110.45 106.38
109.13 106.69
107.96 106.96
106.96 107.17
106.11 107.33
105.36 107.42
104.66 107.41
103.9 107.27
103.01 106.97
101.92 106.48
100.63 105.8
99.2 104.96
97.74 104.04
96.37 103.1
95.22 102.21
94.32 101.44
93.7 100.78
93.34 100.25
93.21 99.81
93.29 99.46
93.53 99.18
93.92 98.94
94.41 98.73
94.94 98.53
95.47 98.32
95.93 98.09
96.26 97.82
96.44 97.49
96.45 97.13
96.3 96.73
95.99 96.3
95.56 95.88
95.03 95.45
94.43 95.03
93.8 94.61
93.15 94.21
92.5 93.82
91.85 93.43
91.17 93.04
90.5 92.65
89.82 92.25
89.15 91.85
88.51 91.44
87.91 91.03
87.36 90.63
86.85 90.24
86.39 89.85
85.95 89.45
85.5 89.04
85.07 88.62
84.64 88.19
84.21 87.74
83.81 87.3
83.44 86.86
83.09 86.43
82.75 86.0
82.42 85.57
82.09 85.15
81.75 84.73
81.41 84.3
81.06 83.88
80.72 83.48
80.41 83.09
80.17 82.77
79.99 82.46
79.87 82.21
79.94 82.04
80.05 81.95
80.16 81.93
