79.99 81.51
81.42 82.26
83.73 83.5
86.94 85.23
90.93 87.37
95.43 89.8
100.12 92.33
104.73 94.81
108.98 97.08
112.67 99.07
115.68 100.72
117.91 102.03
119.34 103.02
119.99 103.74
119.94 104.23
119.28 104.55
118.17 104.77
116.73 104.95
115.11 105.14
113.44 105.36
111.82 105.64
110.32 105.95
108.97 106.28
107.82 106.6
106.84 106.88
106.04 107.13
105.37 107.3
104.77 107.4
104.18 107.37
103.48 107.18
102.62 106.79
101.55 106.21
100.27 105.44
98.88 104.54
97.47 103.57
96.15 102.62
94.99 101.73
94.05 100.93
93.34 100.25
92.86 99.66
92.6 99.17
92.53 98.75
92.65 98.39
92.93 98.1
93.33 97.86
93.83 97.66
94.36 97.47
94.87 97.29
95.32 97.09
95.66 96.86
95.85 96.59
95.87 96.28
95.72 95.94
95.42 95.56
94.98 95.16
94.43 94.74
93.81 94.3
93.12 93.86
92.41 93.43
91.69 93.01
90.98 92.62
90.29 92.23
89.62 91.86
88.97 91.5
88.34 91.12
87.75 90.75
87.19 90.37
86.67 89.98
86.2 89.6
85.76 89.21
85.34 88.83
84.95 88.44
84.58 88.04
84.22 87.65
83.89 87.25
83.58 86.85
83.29 86.47
83.01 86.09
82.75 85.71
82.5 85.34
82.26 84.98
82.03 84.62
81.82 84.28
81.6 83.94
81.38 83.61
81.17 83.29
80.99 83.01
80.89 82.79
80.86 82.64
80.91 82.52
81.05 82.46
81.06 82.35
80.99 82.13
80.86 81.71
