79.99 81.36
81.57 82.18
84.11 83.54
87.66 85.44
92.07 87.8
97.01 90.46
102.09 93.2
106.93 95.8
111.2 98.11
114.69 100.0
117.29 101.45
118.99 102.48
119.86 103.19
119.99 103.65
119.53 103.97
118.58 104.21
117.31 104.43
115.83 104.68
114.25 104.97
112.65 105.29
111.08 105.63
109.6 105.95
108.23 106.22
107.0 106.45
105.95 106.61
105.06 106.73
104.35 106.81
103.77 106.85
103.27 106.81
102.74 106.67
102.1 106.38
101.26 105.91
100.22 105.25
99.02 104.44
97.79 103.56
96.66 102.68
95.75 101.89
95.11 101.22
94.73 100.68
94.6 100.27
94.64 99.95
94.84 99.69
95.18 99.49
95.62 99.32
96.13 99.18
96.69 99.06
97.2 98.93
97.62 98.76
97.88 98.54
97.99 98.27
97.92 97.95
97.7 97.6
97.37 97.23
96.92 96.86
96.37 96.49
95.74 96.1
95.03 95.69
94.26 95.26
93.45 94.82
92.64 94.37
91.83 93.92
91.05 93.49
90.29 93.05
89.56 92.62
88.84 92.17
88.14 91.7
87.45 91.21
86.78 90.7
86.15 90.2
85.57 89.71
85.07 89.23
84.63 88.77
84.25 88.33
83.93 87.9
83.63 87.48
83.35 87.06
83.06 86.62
82.76 86.18
82.45 85.72
82.12 85.26
81.79 84.8
81.49 84.36
81.21 83.94
80.97 83.55
80.76 83.2
80.58 82.87
80.41 82.57
80.22 82.28
80.0 81.97
79.74 81.66
79.48 81.34
79.28 81.07
79.06 80.76
78.76 80.41
78.64 80.17
78.61 80.01
78.53 79.84
