72.0 75.13
74.2 76.3
77.81 78.26
82.83 80.98
88.99 84.31
95.92 88.06
103.24 91.98
110.56 95.86
117.48 99.48
123.65 102.72
128.77 105.47
132.69 107.72
135.43 109.52
137.09 110.95
137.88 112.15
138.0 113.24
137.59 114.3
136.79 115.4
135.72 116.53
134.43 117.66
132.98 118.72
131.38 119.64
129.63 120.37
127.73 120.87
125.65 121.1
123.35 121.03
120.79 120.66
117.91 119.97
114.74 118.98
111.37 117.74
107.91 116.31
104.51 114.79
101.32 113.26
98.46 111.77
95.99 110.36
93.93 109.01
92.25 107.72
90.93 106.46
89.88 105.19
89.03 103.9
88.32 102.59
87.73 101.26
87.19 99.9
86.69 98.52
86.19 97.14
85.69 95.77
85.16 94.43
84.63 93.14
84.09 91.92
83.56 90.77
83.02 89.69
82.49 88.68
81.96 87.72
81.44 86.82
80.96 85.97
80.52 85.18
80.11 84.46
79.74 83.79
79.4 83.19
79.07 82.62
78.72 82.08
78.34 81.54
77.91 81.0
77.43 80.46
76.92 79.92
76.39 79.39
75.87 78.88
75.37 78.38
74.87 77.89
74.36 77.4
73.81 76.88
73.19 76.33
72.51 75.75
71.81 75.2
71.23 74.76
70.86 74.62
70.51 74.47
