79.0 80.1
81.48 81.38
85.5 83.49
91.14 86.48
98.13 90.2
105.92 94.41
113.86 98.74
121.28 102.82
127.63 106.36
132.59 109.19
136.05 111.28
138.11 112.72
139.0 113.7
138.97 114.39
138.29 114.98
137.15 115.58
135.72 116.25
134.12 117.02
132.44 117.88
130.76 118.8
129.12 119.72
127.55 120.58
126.07 121.32
124.66 121.9
123.29 122.27
121.93 122.43
120.54 122.39
119.05 122.14
117.42 121.71
115.61 121.08
113.61 120.26
111.46 119.25
109.2 118.06
106.93 116.74
104.73 115.34
102.69 113.93
100.89 112.55
99.4 111.26
98.24 110.08
97.42 109.04
96.93 108.11
96.71 107.29
96.7 106.54
96.81 105.83
96.99 105.13
97.17 104.43
97.31 103.71
97.36 102.96
97.31 102.2
97.17 101.44
96.93 100.68
96.59 99.93
96.18 99.21
95.68 98.51
95.13 97.84
94.52 97.19
93.88 96.56
93.22 95.95
92.55 95.37
91.89 94.8
91.24 94.26
90.61 93.73
90.0 93.23
89.42 92.74
88.85 92.26
88.3 91.79
87.77 91.33
87.24 90.86
86.72 90.39
86.21 89.91
85.71 89.42
85.22 88.93
84.73 88.44
84.25 87.94
83.78 87.45
83.34 86.97
82.92 86.5
82.54 86.04
82.19 85.61
81.87 85.19
81.58 84.8
81.32 84.41
81.08 84.04
80.85 83.68
80.63 83.33
80.43 82.98
80.22 82.65
80.02 82.31
79.8 81.99
79.57 81.66
79.31 81.33
79.03 81.01
78.74 80.69
78.47 80.38
78.24 80.11
78.15 79.92
78.15 79.82
78.24 79.77
78.53 79.85
78.76 79.95
