78.0 79.32
80.4 80.66
84.19 82.77
89.49 85.7
96.21 89.38
103.98 93.62
112.26 98.13
120.47 102.58
127.98 106.67
134.29 110.15
139.12 112.9
142.4 114.94
144.28 116.4
145.0 117.44
144.8 118.25
143.93 118.98
142.6 119.74
140.98 120.58
139.23 121.53
137.49 122.55
135.82 123.62
134.26 124.69
132.82 125.68
131.47 126.53
130.17 127.21
128.9 127.68
127.65 127.94
126.42 128.02
125.15 127.91
123.8 127.62
122.27 127.11
120.45 126.35
118.31 125.32
115.86 124.01
113.21 122.49
110.54 120.85
108.03 119.2
105.87 117.66
104.16 116.3
102.96 115.16
102.24 114.23
101.97 113.48
102.04 112.85
102.36 112.3
102.82 111.78
103.34 111.25
103.83 110.69
104.24 110.08
104.52 109.42
104.64 108.7
104.57 107.93
104.31 107.13
103.88 106.32
103.29 105.52
102.57 104.73
101.76 103.98
100.9 103.24
100.01 102.53
99.09 101.85
98.18 101.18
97.29 100.53
96.41 99.9
95.56 99.29
94.75 98.69
93.96 98.11
93.21 97.53
92.5 96.95
91.81 96.38
91.17 95.8
90.53 95.21
89.91 94.62
89.29 94.02
88.68 93.41
88.07 92.79
87.49 92.16
86.92 91.54
86.36 90.92
85.83 90.31
85.34 89.72
84.88 89.16
84.46 88.61
84.1 88.09
83.77 87.59
83.44 87.1
83.12 86.62
82.79 86.15
82.45 85.68
82.11 85.22
81.77 84.77
81.45 84.35
81.17 83.94
80.92 83.57
80.71 83.23
80.54 82.93
80.41 82.65
80.28 82.38
80.12 82.11
79.96 81.83
79.77 81.55
79.55 81.25
79.3 80.95
79.03 80.63
78.72 80.31
78.36 79.97
77.95 79.64
77.53 79.31
77.14 79.02
76.83 78.83
76.8 78.74
76.92 78.48
76.68 78.45
76.75 78.24
