59.0 62.08
62.48 63.96
68.26 67.13
76.37 71.57
86.44 77.04
97.65 83.18
109.29 89.56
120.77 95.77
131.44 101.43
140.63 106.3
147.8 110.17
152.59 112.99
154.92 114.8
155.0 115.75
153.23 116.09
150.17 116.11
146.31 116.08
142.04 116.17
137.64 116.48
133.26 116.95
128.98 117.47
124.8 117.89
120.72 118.1
116.75 118.0
112.87 117.59
109.06 116.86
105.32 115.85
101.66 114.59
98.13 113.13
94.81 111.52
91.75 109.82
89.01 108.09
86.62 106.37
84.59 104.68
82.92 103.03
81.64 101.42
80.74 99.85
80.22 98.33
80.04 96.89
80.12 95.52
80.41 94.23
80.79 93.0
81.2 91.83
81.59 90.69
81.89 89.58
82.05 88.48
82.04 87.4
81.87 86.34
81.53 85.29
81.01 84.27
80.34 83.27
79.54 82.3
78.65 81.36
77.69 80.46
76.68 79.62
75.68 78.84
74.72 78.13
73.79 77.46
72.91 76.82
72.05 76.2
71.21 75.58
70.38 74.94
69.56 74.29
68.76 73.63
67.98 72.97
67.22 72.31
66.52 71.65
65.85 71.01
65.24 70.39
64.7 69.78
64.2 69.19
63.74 68.62
63.3 68.05
62.87 67.48
62.45 66.9
62.04 66.32
61.63 65.73
61.19 65.14
60.73 64.52
60.2 63.89
59.61 63.27
59.01 62.72
58.52 62.33
58.04 61.86
57.43 61.47
56.99 61.17
