82.99 86.68
85.1 87.79
88.53 89.63
93.33 92.19
99.31 95.36
106.06 98.92
113.12 102.63
120.13 106.28
126.75 109.7
132.72 112.77
137.82 115.44
141.88 117.68
144.77 119.48
146.46 120.85
147.0 121.83
146.48 122.49
145.08 122.89
142.97 123.12
140.35 123.27
137.42 123.37
134.31 123.45
131.18 123.49
128.12 123.49
125.2 123.41
122.47 123.25
119.93 123.0
117.56 122.65
115.34 122.17
113.21 121.54
111.12 120.72
109.04 119.71
106.97 118.51
104.95 117.18
103.0 115.75
101.2 114.29
99.59 112.84
98.2 111.43
97.05 110.08
96.14 108.8
95.45 107.6
94.99 106.48
94.72 105.44
94.64 104.48
94.71 103.6
94.9 102.8
95.17 102.07
95.49 101.39
95.83 100.77
96.16 100.2
96.46 99.66
96.7 99.17
96.85 98.7
96.92 98.25
96.89 97.83
96.77 97.43
96.58 97.05
96.32 96.69
96.01 96.35
95.67 96.03
95.28 95.73
94.85 95.42
94.39 95.12
93.9 94.8
93.37 94.47
92.79 94.12
92.18 93.76
91.54 93.37
90.89 92.96
90.2 92.53
89.49 92.07
88.76 91.58
87.99 91.05
87.19 90.49
86.37 89.91
85.57 89.32
84.79 88.73
84.03 88.14
83.3 87.56
82.63 87.01
82.05 86.5
81.62 86.07
81.36 85.79
81.37 85.68
81.5 85.33
81.76 85.15
