77.0 77.71
77.48 77.96
78.24 78.38
79.31 78.96
80.65 79.68
82.19 80.5
83.84 81.37
85.49 82.24
87.04 83.05
88.39 83.75
89.48 84.33
90.28 84.78
90.77 85.11
91.0 85.33
90.98 85.49
90.76 85.59
90.38 85.67
89.89 85.74
89.33 85.8
88.71 85.86
88.08 85.91
87.45 85.96
86.82 85.98
86.22 85.97
85.63 85.93
85.06 85.85
84.49 85.72
83.92 85.54
83.34 85.32
82.75 85.05
82.17 84.75
81.59 84.43
81.04 84.09
80.54 83.75
80.11 83.41
79.75 83.1
79.48 82.8
79.31 82.55
79.23 82.32
79.24 82.13
79.33 81.96
79.48 81.82
79.66 81.69
79.86 81.57
80.07 81.46
80.27 81.35
80.46 81.25
80.62 81.15
80.75 81.06
80.85 80.97
80.92 80.88
80.94 80.8
80.93 80.72
80.89 80.64
80.82 80.56
80.71 80.48
80.58 80.4
80.43 80.32
80.27 80.24
80.09 80.16
79.92 80.09
79.74 80.01
79.57 79.94
79.4 79.87
79.25 79.8
79.12 79.74
79.0 79.67
78.9 79.61
78.82 79.55
78.74 79.49
78.67 79.42
78.59 79.34
78.51 79.25
78.41 79.16
78.3 79.05
78.17 78.93
78.04 78.8
77.89 78.66
77.73 78.52
77.57 78.38
77.41 78.24
77.27 78.1
77.14 77.99
77.05 77.9
77.01 77.85
76.99 77.85
77.0 77.88
