80.0 80.37
81.4 81.14
83.55 82.33
86.58 83.99
90.5 86.14
95.2 88.69
100.36 91.51
105.59 94.37
110.48 97.04
114.59 99.32
117.64 101.07
119.45 102.21
120.0 102.76
119.37 102.81
117.78 102.49
115.47 101.94
112.73 101.33
109.82 100.77
106.96 100.37
104.35 100.17
102.12 100.18
100.32 100.39
98.98 100.74
98.12 101.17
97.65 101.61
97.47 101.99
97.43 102.23
97.36 102.26
97.06 102.03
96.44 101.53
95.46 100.76
94.24 99.81
92.9 98.78
91.62 97.77
90.58 96.88
89.88 96.19
89.58 95.72
89.7 95.47
90.21 95.42
91.04 95.51
92.1 95.69
93.26 95.9
94.41 96.08
95.43 96.18
96.25 96.18
96.8 96.05
97.04 95.79
96.94 95.42
96.54 94.95
95.86 94.42
94.95 93.86
93.87 93.28
92.69 92.7
91.43 92.12
90.16 91.55
88.89 90.98
87.68 90.42
86.53 89.87
85.47 89.33
84.52 88.81
83.67 88.31
82.94 87.84
82.35 87.39
81.88 86.97
81.53 86.58
81.28 86.21
81.1 85.85
80.99 85.48
80.9 85.12
80.85 84.76
80.82 84.4
80.81 84.04
80.79 83.69
80.76 83.34
80.72 83.0
80.65 82.67
80.57 82.35
80.49 82.05
80.41 81.77
80.34 81.52
80.26 81.3
80.19 81.11
80.11 80.92
80.0 80.75
79.86 80.57
79.7 80.39
79.51 80.21
79.32 80.03
79.13 79.86
78.97 79.72
78.86 79.6
78.82 79.53
78.77 79.43
78.56 79.3
78.26 79.12
77.99 78.88
77.77 78.67
77.63 78.57
77.74 78.49
