62.0 63.63
63.98 64.7
67.2 66.41
71.66 68.79
77.13 71.73
83.31 75.09
89.85 78.67
96.49 82.29
102.98 85.82
109.11 89.15
114.62 92.22
119.26 94.96
122.9 97.34
125.54 99.39
127.28 101.15
128.31 102.72
128.83 104.22
129.0 105.71
128.92 107.27
128.7 108.89
128.38 110.54
127.97 112.15
127.49 113.66
126.95 115.03
126.33 116.25
125.65 117.3
124.86 118.19
123.99 118.9
123.01 119.42
121.91 119.75
120.66 119.86
119.24 119.74
117.6 119.37
115.65 118.73
113.34 117.79
110.64 116.55
107.63 115.05
104.47 113.36
101.35 111.6
98.47 109.87
96.0 108.27
94.01 106.86
92.45 105.62
91.29 104.52
90.46 103.51
89.87 102.55
89.42 101.57
89.05 100.56
88.69 99.51
88.31 98.39
87.86 97.23
87.33 96.02
86.73 94.79
86.07 93.56
85.35 92.35
84.6 91.19
83.83 90.09
83.05 89.06
82.28 88.08
81.54 87.15
80.82 86.26
80.12 85.4
79.44 84.57
78.77 83.76
78.11 82.98
77.46 82.22
76.82 81.5
76.19 80.8
75.57 80.13
74.98 79.48
74.41 78.86
73.87 78.25
73.36 77.67
72.87 77.1
72.4 76.54
71.93 75.99
71.49 75.45
71.06 74.92
70.64 74.4
70.23 73.9
69.86 73.41
69.5 72.93
69.16 72.47
68.84 72.02
68.52 71.59
68.2 71.16
67.88 70.74
67.58 70.34
67.3 69.95
67.05 69.6
66.83 69.26
66.62 68.94
66.41 68.63
66.19 68.33
65.95 68.03
65.7 67.72
65.44 67.41
65.17 67.09
64.89 66.77
64.59 66.45
64.29 66.13
63.98 65.81
63.65 65.49
63.31 65.16
62.95 64.83
62.57 64.51
62.19 64.18
61.83 63.87
61.48 63.56
61.17 63.29
60.96 63.09
60.86 62.99
60.89 62.95
61.04 63.0
