83.0 84.11
84.93 85.14
88.03 86.82
92.36 89.18
97.81 92.13
104.0 95.49
110.52 99.03
116.93 102.49
122.77 105.65
127.68 108.35
131.48 110.54
134.17 112.23
135.86 113.52
136.72 114.56
137.0 115.48
136.85 116.37
136.4 117.32
135.74 118.32
134.89 119.35
133.88 120.38
132.71 121.33
131.39 122.14
129.93 122.77
128.35 123.18
126.61 123.34
124.71 123.26
122.59 122.91
120.23 122.33
117.67 121.52
114.97 120.53
112.24 119.42
109.56 118.22
107.04 117.0
104.73 115.76
102.62 114.51
100.74 113.25
99.09 111.99
97.69 110.73
96.54 109.5
95.62 108.31
94.94 107.18
94.45 106.11
94.13 105.09
93.93 104.12
93.83 103.18
93.78 102.25
93.73 101.34
93.66 100.44
93.54 99.55
93.36 98.69
93.14 97.86
92.85 97.06
92.53 96.31
92.17 95.6
91.8 94.94
91.44 94.33
91.07 93.77
90.7 93.24
90.31 92.73
89.88 92.24
89.42 91.77
88.96 91.31
88.51 90.87
88.08 90.45
87.67 90.06
87.27 89.69
86.87 89.32
86.44 88.95
86.02 88.58
85.61 88.21
85.21 87.83
84.83 87.46
84.49 87.1
84.16 86.75
83.82 86.4
83.48 86.05
83.15 85.71
82.82 85.36
82.51 85.01
82.24 84.67
81.99 84.34
81.74 84.02
81.5 83.72
81.28 83.43
81.08 83.17
80.92 82.94
80.9 82.82
81.23 82.9
81.79 83.14
