84.0 84.97
86.31 86.21
90.08 88.26
95.41 91.14
102.13 94.78
109.77 98.93
117.69 103.25
125.23 107.39
131.85 111.04
137.18 114.02
141.05 116.29
143.51 117.91
144.75 119.04
145.0 119.85
144.48 120.5
143.41 121.1
141.96 121.74
140.26 122.46
138.45 123.25
136.61 124.11
134.83 124.99
133.15 125.83
131.59 126.58
130.16 127.2
128.87 127.67
127.69 127.98
126.61 128.14
125.56 128.17
124.5 128.06
123.36 127.79
122.02 127.3
120.37 126.54
118.35 125.46
115.94 124.08
113.26 122.45
110.49 120.68
107.88 118.9
105.64 117.26
103.92 115.86
102.76 114.71
102.1 113.81
101.82 113.08
101.79 112.44
101.92 111.83
102.1 111.19
102.27 110.5
102.39 109.75
102.45 108.95
102.42 108.12
102.3 107.28
102.1 106.43
101.79 105.6
101.37 104.79
100.85 104.01
100.23 103.25
99.52 102.53
98.76 101.82
97.96 101.11
97.15 100.41
96.35 99.72
95.57 99.05
94.83 98.41
94.11 97.8
93.43 97.23
92.78 96.68
92.18 96.16
91.61 95.66
91.08 95.17
90.57 94.67
90.09 94.18
89.63 93.68
89.17 93.18
88.73 92.68
88.33 92.18
87.96 91.7
87.63 91.25
87.35 90.83
87.14 90.43
86.98 90.07
86.84 89.72
86.7 89.38
86.53 89.03
86.31 88.66
86.02 88.27
85.68 87.87
85.32 87.45
84.93 87.04
84.55 86.64
84.19 86.27
83.85 85.93
83.54 85.62
83.29 85.34
83.07 85.09
82.87 84.86
82.71 84.67
82.63 84.55
82.64 84.53
82.68 84.53
82.73 84.53
82.77 84.6
