79.0 79.63
81.73 81.0
86.29 83.31
92.76 86.65
100.81 90.88
109.63 95.63
118.26 100.42
125.83 104.74
131.71 108.21
135.64 110.64
137.64 112.05
138.0 112.66
137.13 112.77
135.51 112.69
133.54 112.69
131.55 112.93
129.75 113.5
128.27 114.41
127.14 115.63
126.36 117.06
125.88 118.6
125.62 120.12
125.52 121.49
125.5 122.64
125.47 123.5
125.34 124.08
125.06 124.39
124.56 124.49
123.78 124.4
122.72 124.14
121.37 123.69
119.74 123.06
117.87 122.22
115.76 121.17
113.43 119.91
110.89 118.45
108.14 116.81
105.24 115.02
102.29 113.15
99.43 111.27
96.83 109.46
94.66 107.83
93.04 106.43
92.01 105.3
91.53 104.42
91.53 103.76
91.88 103.24
92.46 102.8
93.13 102.37
93.81 101.9
94.38 101.36
94.79 100.72
95.01 100.0
95.02 99.21
94.83 98.36
94.47 97.48
93.97 96.62
93.35 95.78
92.64 94.98
91.87 94.24
91.05 93.54
90.22 92.88
89.39 92.25
88.58 91.64
87.79 91.05
87.05 90.49
86.35 89.96
85.71 89.45
85.13 88.98
84.61 88.53
84.15 88.11
83.75 87.71
83.4 87.33
83.09 86.96
82.82 86.6
82.57 86.23
82.34 85.87
82.14 85.5
81.95 85.13
81.78 84.77
81.61 84.42
81.47 84.08
81.33 83.77
81.21 83.47
81.09 83.18
80.96 82.9
80.82 82.63
80.67 82.36
80.5 82.1
80.34 81.85
80.17 81.61
79.99 81.37
79.79 81.14
79.59 80.92
79.38 80.69
79.15 80.47
78.91 80.25
78.67 80.03
78.44 79.84
78.31 79.73
78.58 79.85
79.09 80.27
