79.0 80.54
81.07 81.6
84.29 83.27
88.71 85.59
94.21 88.49
100.48 91.85
107.17 95.44
113.86 99.06
120.17 102.49
125.77 105.59
130.45 108.27
134.11 110.52
136.78 112.39
138.55 113.94
139.57 115.3
140.0 116.54
139.95 117.73
139.55 118.93
138.87 120.14
137.98 121.34
136.94 122.5
135.8 123.59
134.59 124.57
133.35 125.42
132.11 126.12
130.88 126.68
129.68 127.11
128.5 127.42
127.35 127.61
126.2 127.68
125.04 127.61
123.81 127.38
122.46 126.95
120.9 126.3
119.09 125.4
117.03 124.26
114.77 122.91
112.44 121.44
110.19 119.93
108.16 118.47
106.46 117.15
105.14 116.0
104.23 115.02
103.67 114.2
103.4 113.48
103.35 112.84
103.43 112.22
103.58 111.59
103.73 110.95
103.87 110.29
103.99 109.62
104.07 108.94
104.09 108.28
104.05 107.62
103.92 106.99
103.7 106.38
103.36 105.77
102.93 105.17
102.39 104.56
101.76 103.94
101.08 103.32
100.34 102.69
99.58 102.08
98.84 101.48
98.09 100.91
97.36 100.37
96.65 99.85
95.96 99.34
95.29 98.84
94.63 98.35
94.02 97.86
93.42 97.37
92.86 96.88
92.32 96.38
91.79 95.88
91.29 95.37
90.8 94.86
90.32 94.34
89.86 93.83
89.43 93.32
89.03 92.83
88.65 92.35
88.28 91.88
87.93 91.42
87.57 90.95
87.2 90.48
86.81 90.01
86.42 89.55
86.05 89.09
85.7 88.66
85.38 88.26
85.11 87.88
84.87 87.53
84.66 87.21
84.48 86.91
84.31 86.62
84.14 86.33
83.97 86.04
83.78 85.76
83.58 85.46
83.38 85.18
83.18 84.89
82.97 84.61
82.74 84.34
82.52 84.08
82.28 83.82
82.02 83.56
81.75 83.31
81.45 83.04
81.12 82.75
80.75 82.44
80.37 82.12
79.96 81.79
79.56 81.46
79.2 81.18
78.99 80.93
78.72 80.6
78.28 80.34
77.81 79.95
77.18 79.63
76.62 79.07
76.0 78.72
