81.99 85.95
86.0 88.15
92.79 91.84
102.34 97.02
114.08 103.34
126.87 110.23
139.52 117.04
151.12 123.25
161.1 128.51
169.15 132.72
175.16 135.96
179.18 138.4
181.38 140.25
182.0 141.69
181.3 142.85
179.54 143.83
176.94 144.71
173.7 145.54
170.01 146.36
166.06 147.15
161.96 147.84
157.82 148.35
153.7 148.58
149.65 148.49
145.68 148.08
141.76 147.35
137.84 146.34
133.87 145.06
129.79 143.5
125.6 141.68
121.41 139.62
117.42 137.41
113.79 135.16
110.71 132.97
108.29 130.93
106.54 129.09
105.41 127.42
104.81 125.9
104.66 124.49
104.83 123.14
105.2 121.81
105.66 120.47
106.12 119.13
106.5 117.78
106.77 116.42
106.92 115.08
106.93 113.78
106.8 112.52
106.55 111.34
106.15 110.22
105.61 109.17
104.92 108.16
104.11 107.19
103.17 106.23
102.12 105.27
101.01 104.34
99.84 103.42
98.67 102.53
97.51 101.69
96.38 100.88
95.31 100.12
94.29 99.38
93.34 98.68
92.45 97.99
91.63 97.32
90.86 96.64
90.11 95.95
89.36 95.23
88.61 94.48
87.84 93.71
87.08 92.92
86.35 92.14
85.69 91.38
85.07 90.63
84.46 89.91
83.87 89.2
83.28 88.5
82.68 87.8
82.1 87.11
81.58 86.52
81.32 86.1
81.42 85.92
81.68 85.89
