97.0 97.72
98.35 98.5
100.5 99.72
103.48 101.41
107.24 103.5
111.58 105.91
116.21 108.46
120.84 110.99
125.16 113.35
128.95 115.43
132.11 117.2
134.58 118.67
136.39 119.89
137.63 120.95
138.4 121.91
138.83 122.84
139.0 123.79
138.98 124.78
138.86 125.8
138.63 126.85
138.35 127.89
138.0 128.89
137.62 129.8
137.19 130.6
136.71 131.3
136.23 131.88
135.75 132.35
135.25 132.74
134.72 133.03
134.14 133.22
133.48 133.27
132.64 133.16
131.56 132.83
130.19 132.27
128.5 131.48
126.55 130.48
124.45 129.36
122.35 128.19
120.43 127.07
118.78 126.08
117.5 125.25
116.61 124.59
116.07 124.08
115.84 123.67
115.82 123.31
115.92 122.94
116.09 122.55
116.25 122.09
116.36 121.58
116.4 121.0
116.36 120.39
116.22 119.75
116.0 119.11
115.72 118.47
115.36 117.87
114.95 117.3
114.53 116.77
114.07 116.27
113.61 115.78
113.13 115.31
112.64 114.85
112.14 114.38
111.61 113.91
111.08 113.45
110.56 113.0
110.01 112.55
109.49 112.12
108.98 111.7
108.48 111.29
108.01 110.88
107.55 110.48
107.1 110.08
106.67 109.68
106.24 109.27
105.84 108.87
105.47 108.48
105.13 108.09
104.81 107.72
104.5 107.35
104.21 106.98
103.93 106.62
103.68 106.27
103.42 105.92
103.17 105.58
102.93 105.24
102.69 104.91
102.46 104.6
102.25 104.3
102.04 104.01
101.84 103.72
101.63 103.43
101.4 103.15
101.18 102.87
100.94 102.59
100.72 102.32
100.49 102.06
100.25 101.79
99.99 101.52
99.71 101.25
99.43 100.98
99.15 100.72
98.88 100.46
98.63 100.21
98.4 99.98
98.17 99.74
97.94 99.51
97.68 99.26
97.41 99.0
97.12 98.74
96.82 98.46
96.53 98.2
96.25 97.94
96.01 97.7
95.79 97.47
95.6 97.27
95.45 97.08
95.33 96.93
95.29 96.82
95.34 96.81
95.52 96.9
95.94 97.01
96.08 97.26
