49.0 50.99
52.3 52.6
57.4 55.23
64.35 58.9
72.96 63.48
82.68 68.71
93.0 74.3
103.38 79.91
113.14 85.18
121.52 89.8
127.96 93.55
132.15 96.29
134.0 98.0
133.67 98.79
131.54 98.86
128.01 98.46
123.5 97.84
118.47 97.22
113.33 96.73
108.26 96.42
103.38 96.24
98.76 96.11
94.39 95.91
90.2 95.53
86.24 94.94
82.52 94.09
79.04 93.02
75.8 91.73
72.82 90.27
70.08 88.68
67.61 87.02
65.47 85.33
63.69 83.66
62.24 82.03
61.11 80.44
60.28 78.9
59.73 77.4
59.43 75.94
59.34 74.54
59.48 73.2
59.79 71.94
60.18 70.76
60.62 69.65
61.08 68.63
61.5 67.68
61.83 66.8
62.05 65.97
62.13 65.17
62.0 64.39
61.68 63.61
61.17 62.83
60.48 62.04
59.64 61.26
58.71 60.49
57.77 59.77
56.88 59.11
56.06 58.53
55.3 58.02
54.63 57.56
53.99 57.13
53.38 56.73
52.87 56.36
52.47 56.03
52.17 55.72
51.95 55.43
51.76 55.15
51.55 54.84
51.28 54.49
50.95 54.09
50.58 53.64
50.18 53.16
49.72 52.64
49.18 52.1
48.6 51.55
47.98 51.01
47.38 50.53
46.95 50.14
46.44 49.81
46.26 49.63
46.11 49.58
