68.0 68.67
69.05 69.19
70.75 70.05
73.09 71.25
75.94 72.75
79.09 74.44
82.34 76.21
85.52 77.96
88.51 79.62
91.28 81.16
93.75 82.58
95.89 83.87
97.62 85.03
98.9 86.05
99.68 86.91
100.0 87.62
99.88 88.18
99.4 88.62
98.62 88.98
97.64 89.28
96.5 89.53
95.29 89.75
94.08 89.92
92.89 90.06
91.76 90.16
90.69 90.22
89.7 90.24
88.76 90.23
87.86 90.15
86.97 89.99
86.04 89.71
85.04 89.31
83.97 88.78
82.83 88.13
81.66 87.39
80.55 86.63
79.54 85.87
78.68 85.14
78.0 84.48
77.49 83.88
77.15 83.35
76.96 82.87
76.89 82.43
76.92 82.03
77.01 81.66
77.15 81.3
77.32 80.95
77.49 80.61
77.64 80.28
77.76 79.94
77.83 79.61
77.84 79.29
77.79 78.98
77.69 78.69
77.55 78.4
77.36 78.13
77.11 77.85
76.81 77.57
76.47 77.29
76.12 77.02
75.74 76.74
75.35 76.48
74.96 76.21
74.58 75.96
74.2 75.71
73.83 75.46
73.48 75.21
73.13 74.96
72.79 74.7
72.44 74.44
72.1 74.18
71.76 73.91
71.44 73.63
71.14 73.36
70.86 73.1
70.63 72.84
70.43 72.6
70.27 72.37
70.11 72.14
69.95 71.91
69.8 71.68
69.64 71.45
69.49 71.22
69.35 70.99
69.23 70.78
69.1 70.57
68.96 70.37
68.82 70.16
68.68 69.97
68.54 69.77
68.38 69.57
68.22 69.38
68.05 69.2
67.9 69.04
67.8 68.93
67.67 68.87
67.57 68.79
67.5 68.75
67.35 68.72
