65.0 65.92
66.89 66.92
69.98 68.54
74.21 70.79
79.4 73.56
85.17 76.7
91.14 79.97
96.97 83.19
102.41 86.2
107.27 88.92
111.44 91.33
114.83 93.41
117.39 95.2
119.1 96.7
119.96 97.93
120.0 98.91
119.31 99.68
118.05 100.3
116.38 100.83
114.51 101.32
112.59 101.81
110.74 102.31
109.05 102.82
107.54 103.33
106.22 103.81
105.09 104.25
104.14 104.64
103.33 104.97
102.63 105.22
102.02 105.37
101.44 105.4
100.87 105.31
100.27 105.06
99.59 104.66
98.79 104.1
97.84 103.39
96.71 102.53
95.42 101.55
94.01 100.47
92.57 99.34
91.19 98.22
89.96 97.16
88.92 96.2
88.12 95.35
87.53 94.61
87.13 93.97
86.88 93.4
86.74 92.88
86.68 92.4
86.7 91.94
86.8 91.52
86.94 91.12
87.12 90.76
87.3 90.42
87.44 90.09
87.52 89.75
87.51 89.4
87.4 89.03
87.18 88.63
86.87 88.21
86.45 87.77
85.97 87.32
85.43 86.87
84.86 86.43
84.28 85.99
83.7 85.58
83.15 85.19
82.6 84.82
82.08 84.46
81.57 84.11
81.09 83.76
80.61 83.4
80.14 83.04
79.68 82.65
79.2 82.25
78.7 81.82
78.17 81.37
77.62 80.91
77.07 80.44
76.55 79.97
76.07 79.52
75.63 79.08
75.25 78.67
74.91 78.27
74.61 77.89
74.33 77.51
74.05 77.14
73.77 76.76
73.48 76.38
73.16 75.99
72.84 75.6
72.53 75.22
72.27 74.85
72.02 74.51
71.82 74.2
71.66 73.91
71.5 73.63
71.33 73.36
71.12 73.09
70.89 72.8
70.59 72.49
70.26 72.16
69.91 71.84
69.6 71.52
69.31 71.23
69.08 70.96
68.9 70.72
68.72 70.5
68.55 70.28
68.35 70.06
68.13 69.83
67.9 69.59
67.68 69.36
67.47 69.14
67.29 68.93
67.14 68.74
67.02 68.56
66.92 68.39
66.84 68.23
66.76 68.07
66.67 67.91
66.55 67.74
66.38 67.55
66.15 67.34
65.87 67.11
65.58 66.91
65.37 66.73
65.26 66.63
64.98 66.52
64.89 66.4
