57.99 63.35
62.65 65.83
70.88 70.22
82.46 76.46
96.69 84.09
112.07 92.28
126.8 100.17
139.63 107.04
150.04 112.51
157.91 116.56
163.36 119.44
166.75 121.53
168.52 123.22
168.99 124.75
168.38 126.25
166.85 127.76
164.62 129.3
161.92 130.87
158.96 132.47
155.87 134.07
152.74 135.59
149.6 136.88
146.41 137.83
143.14 138.33
139.77 138.36
136.21 137.92
132.36 137.07
128.2 135.87
123.74 134.34
119.05 132.5
114.26 130.35
109.5 127.94
104.86 125.32
100.45 122.58
96.36 119.8
92.69 117.07
89.51 114.45
86.9 111.98
84.9 109.69
83.49 107.55
82.54 105.55
81.95 103.64
81.62 101.78
81.42 99.93
81.24 98.08
81.07 96.24
80.87 94.44
80.65 92.72
80.41 91.11
80.14 89.6
79.84 88.2
79.47 86.87
79.0 85.58
78.4 84.31
77.62 83.05
76.69 81.8
75.66 80.57
74.6 79.41
73.52 78.32
72.47 77.33
71.5 76.43
70.64 75.61
69.82 74.84
69.03 74.11
68.28 73.39
67.51 72.64
66.66 71.86
65.74 71.04
64.81 70.21
63.9 69.4
63.06 68.61
62.33 67.88
61.69 67.17
61.1 66.48
60.48 65.76
59.71 64.96
58.75 64.1
57.72 63.25
56.92 62.68
56.64 62.27
56.49 62.02
