44.99 47.4
47.98 48.88
52.95 51.4
59.84 54.99
68.26 59.42
77.34 64.3
86.3 69.24
94.71 73.88
102.31 78.02
108.82 81.54
113.92 84.38
117.37 86.52
118.99 87.95
118.78 88.68
116.86 88.77
113.52 88.34
109.14 87.58
104.15 86.7
98.9 85.88
93.67 85.18
88.63 84.6
83.87 84.06
79.39 83.46
75.19 82.71
71.25 81.76
67.58 80.64
64.21 79.39
61.16 78.05
58.47 76.65
56.15 75.2
54.21 73.71
52.64 72.2
51.4 70.69
50.48 69.21
49.83 67.78
49.42 66.39
49.23 65.04
49.22 63.74
49.37 62.48
49.66 61.27
50.03 60.13
50.47 59.06
50.92 58.07
51.36 57.18
51.77 56.37
52.12 55.64
52.39 54.99
52.56 54.39
52.64 53.84
52.6 53.33
52.47 52.84
52.22 52.38
51.87 51.95
51.45 51.54
50.95 51.15
50.4 50.79
49.84 50.46
49.26 50.14
48.69 49.84
48.14 49.55
47.59 49.27
47.07 48.98
46.56 48.68
46.06 48.37
45.58 48.05
45.11 47.72
44.65 47.38
44.21 47.04
43.79 46.72
43.48 46.4
43.17 46.12
43.23 46.13
43.31 46.15
