65.0 65.55
66.35 66.32
68.42 67.49
71.3 69.1
74.96 71.12
79.23 73.47
83.86 76.0
88.53 78.55
92.93 80.97
96.83 83.15
100.12 85.05
102.81 86.68
104.93 88.09
106.51 89.31
107.53 90.39
108.0 91.33
107.94 92.13
107.41 92.81
106.51 93.38
105.31 93.87
103.95 94.29
102.49 94.67
101.0 95.01
99.53 95.29
98.12 95.51
96.8 95.68
95.61 95.79
94.55 95.86
93.64 95.91
92.88 95.93
92.25 95.92
91.68 95.83
91.12 95.63
90.51 95.28
89.8 94.79
88.94 94.13
87.96 93.35
86.88 92.47
85.76 91.54
84.66 90.6
83.63 89.7
82.72 88.85
81.99 88.1
81.44 87.44
81.1 86.89
80.94 86.43
80.96 86.06
81.13 85.77
81.41 85.53
81.77 85.32
82.19 85.15
82.63 84.99
83.08 84.85
83.48 84.71
83.84 84.58
84.11 84.43
84.28 84.28
84.33 84.1
84.25 83.89
84.07 83.66
83.78 83.41
83.41 83.14
82.97 82.87
82.48 82.58
81.95 82.3
81.41 82.03
80.87 81.76
80.36 81.51
79.88 81.27
79.42 81.04
78.98 80.8
78.54 80.55
78.12 80.28
77.69 79.99
77.26 79.69
76.85 79.37
76.45 79.04
76.06 78.7
75.69 78.37
75.34 78.03
75.01 77.7
74.7 77.37
74.41 77.03
74.12 76.69
73.82 76.35
73.5 75.99
73.18 75.63
72.84 75.26
72.52 74.89
72.21 74.53
71.9 74.18
71.57 73.82
71.23 73.46
70.87 73.11
70.51 72.75
70.15 72.4
69.84 72.07
69.56 71.76
69.32 71.48
69.09 71.21
68.89 70.95
68.69 70.7
68.5 70.44
68.29 70.18
68.08 69.91
67.84 69.63
67.6 69.36
67.36 69.09
67.14 68.83
66.93 68.58
66.75 68.35
66.58 68.14
66.43 67.93
66.27 67.73
66.11 67.53
65.93 67.32
65.74 67.12
65.58 66.92
65.44 66.74
65.36 66.6
65.36 66.51
65.35 66.44
65.34 66.4
65.4 66.38
65.3 66.22
65.03 66.03
64.77 65.81
64.51 65.58
64.18 65.32
64.01 65.2
63.99 65.13
64.06 65.11
64.28 65.17
64.34 65.15
