93.99 97.3
97.18 98.97
102.2 101.67
109.1 105.38
117.57 109.95
127.15 115.15
137.39 120.66
147.72 126.17
157.49 131.36
166.1 136.0
173.19 139.95
178.63 143.21
182.52 145.86
185.07 148.05
186.5 149.95
187.0 151.7
186.71 153.38
185.74 155.02
184.2 156.59
182.19 158.04
179.8 159.33
177.1 160.38
174.17 161.17
170.99 161.64
167.58 161.78
163.96 161.58
160.14 161.05
156.19 160.23
152.21 159.16
148.31 157.93
144.59 156.58
141.11 155.16
137.92 153.69
135.05 152.16
132.47 150.57
130.19 148.91
128.22 147.19
126.51 145.42
125.02 143.63
123.76 141.84
122.67 140.04
121.7 138.25
120.85 136.48
120.11 134.74
119.46 133.07
118.9 131.47
118.42 129.96
117.99 128.54
117.58 127.19
117.16 125.91
116.7 124.67
116.21 123.48
115.68 122.33
115.11 121.23
114.53 120.18
113.93 119.2
113.31 118.26
112.65 117.37
111.95 116.5
111.22 115.66
110.45 114.85
109.67 114.06
108.9 113.29
108.13 112.56
107.37 111.84
106.61 111.14
105.86 110.44
105.13 109.76
104.41 109.08
103.73 108.42
103.06 107.77
102.43 107.13
101.82 106.51
101.24 105.9
100.68 105.28
100.13 104.67
99.57 104.04
98.99 103.41
98.4 102.76
97.78 102.11
97.16 101.46
96.55 100.82
95.97 100.22
95.47 99.7
94.81 99.14
94.16 98.52
93.69 98.03
93.26 97.81
92.22 97.03
91.76 96.43
