88.0 89.38
89.26 90.02
91.2 91.04
93.84 92.45
97.11 94.2
100.9 96.24
105.01 98.43
109.2 100.67
113.22 102.8
116.81 104.72
119.77 106.34
121.97 107.61
123.36 108.55
124.0 109.19
123.97 109.6
123.43 109.88
122.51 110.09
121.32 110.29
119.98 110.52
118.57 110.77
117.14 111.03
115.75 111.3
114.41 111.53
113.16 111.72
111.99 111.84
110.89 111.87
109.84 111.8
108.78 111.6
107.67 111.27
106.5 110.8
105.27 110.22
104.0 109.54
102.76 108.81
101.6 108.06
100.57 107.33
99.71 106.64
99.04 106.0
98.56 105.42
98.26 104.88
98.11 104.39
98.09 103.93
98.14 103.49
98.24 103.06
98.37 102.64
98.49 102.21
98.57 101.78
98.62 101.34
98.61 100.91
98.55 100.49
98.43 100.08
98.25 99.68
98.02 99.3
97.73 98.93
97.4 98.56
97.01 98.2
96.59 97.83
96.14 97.46
95.66 97.1
95.18 96.74
94.71 96.4
94.23 96.06
93.78 95.73
93.35 95.42
92.95 95.12
92.58 94.82
92.22 94.53
91.89 94.24
91.56 93.94
91.25 93.64
90.93 93.32
90.61 93.0
90.28 92.66
89.95 92.32
89.62 91.97
89.27 91.61
88.93 91.26
88.59 90.9
88.26 90.56
87.94 90.21
87.63 89.88
87.34 89.56
87.07 89.26
86.84 88.98
86.67 88.75
86.61 88.61
86.76 88.58
87.13 88.68
87.73 88.94
