74.0 76.2
76.33 77.4
80.0 79.32
84.87 81.92
90.68 85.08
97.19 88.67
104.24 92.56
111.75 96.65
119.53 100.82
127.25 104.96
134.36 108.85
140.35 112.31
144.85 115.17
147.71 117.33
149.0 118.83
148.9 119.79
147.67 120.36
145.55 120.72
142.74 120.95
139.44 121.11
135.79 121.17
131.9 121.11
127.87 120.89
123.78 120.49
119.67 119.92
115.56 119.18
111.54 118.28
107.67 117.21
104.02 115.99
100.64 114.64
97.6 113.2
94.9 111.72
92.56 110.24
90.55 108.76
88.86 107.29
87.46 105.81
86.31 104.3
85.38 102.76
84.62 101.2
84.03 99.64
83.56 98.09
83.18 96.57
82.85 95.09
82.55 93.65
82.25 92.27
81.97 90.96
81.7 89.72
81.43 88.57
81.16 87.5
80.9 86.52
80.63 85.61
80.33 84.77
80.02 84.0
79.69 83.28
79.32 82.62
78.93 81.99
78.53 81.4
78.09 80.83
77.64 80.29
77.17 79.76
76.68 79.25
76.16 78.76
75.65 78.29
75.14 77.85
74.67 77.43
74.25 77.05
73.86 76.69
73.48 76.33
73.11 76.0
72.83 75.76
72.86 75.69
73.42 75.8
74.02 76.02
