62.99 65.38
66.86 67.41
73.11 70.74
81.8 75.41
92.51 81.2
104.44 87.71
116.79 94.47
128.72 100.97
139.38 106.77
148.08 111.56
154.33 115.16
157.94 117.55
159.0 118.85
157.83 119.28
154.92 119.15
150.86 118.75
146.13 118.37
141.18 118.19
136.31 118.31
131.74 118.72
127.56 119.31
123.81 119.96
120.49 120.54
117.57 120.96
114.97 121.12
112.57 121.01
110.26 120.58
107.95 119.86
105.61 118.84
103.29 117.6
101.04 116.2
98.94 114.72
97.08 113.23
95.48 111.75
94.12 110.31
93.03 108.9
92.22 107.54
91.7 106.23
91.47 105.0
91.51 103.87
91.79 102.86
92.25 101.95
92.81 101.14
93.39 100.38
93.91 99.64
94.28 98.9
94.44 98.13
94.37 97.34
94.03 96.5
93.46 95.64
92.7 94.76
91.77 93.86
90.72 92.97
89.58 92.1
88.39 91.25
87.17 90.44
85.96 89.66
84.78 88.92
83.63 88.2
82.54 87.49
81.5 86.79
80.53 86.09
79.62 85.4
78.79 84.71
78.05 84.05
77.36 83.39
76.73 82.75
76.14 82.1
75.56 81.45
74.97 80.78
74.39 80.08
73.82 79.38
73.26 78.67
72.72 77.97
72.2 77.29
71.7 76.62
71.21 75.98
70.74 75.35
70.29 74.74
69.85 74.15
69.44 73.58
69.03 73.03
68.62 72.49
68.21 71.96
67.81 71.44
67.4 70.92
66.96 70.39
66.48 69.87
65.99 69.36
65.56 68.94
65.19 68.64
64.71 68.2
64.02 67.55
63.16 66.97
62.56 66.45
61.54 65.87
