87.0 89.1
89.29 90.28
93.26 92.33
98.83 95.23
105.61 98.79
112.83 102.64
119.72 106.39
125.77 109.7
130.78 112.43
134.73 114.54
137.58 116.1
139.33 117.22
140.0 117.99
139.68 118.5
138.57 118.8
136.87 118.99
134.79 119.14
132.53 119.33
130.24 119.63
128.02 120.04
125.96 120.52
124.12 121.0
122.49 121.4
121.01 121.65
119.62 121.71
118.21 121.56
116.66 121.2
114.93 120.62
113.02 119.85
111.02 118.92
109.05 117.87
107.24 116.78
105.67 115.71
104.39 114.71
103.39 113.8
102.63 112.97
102.09 112.19
101.72 111.43
101.5 110.69
101.39 109.95
101.37 109.21
101.39 108.49
101.42 107.77
101.44 107.06
101.42 106.34
101.33 105.64
101.17 104.95
100.91 104.27
100.57 103.62
100.16 102.99
99.69 102.39
99.2 101.81
98.7 101.26
98.21 100.74
97.73 100.25
97.27 99.8
96.83 99.38
96.42 98.98
96.01 98.61
95.63 98.26
95.26 97.91
94.91 97.57
94.59 97.24
94.28 96.91
93.98 96.58
93.66 96.24
93.32 95.89
92.95 95.52
92.54 95.12
92.09 94.71
91.61 94.28
91.12 93.85
90.61 93.41
90.13 92.98
89.68 92.56
89.27 92.16
88.89 91.79
88.55 91.44
88.24 91.11
87.97 90.79
87.77 90.53
87.62 90.29
87.54 90.05
87.37 89.79
87.13 89.48
