61.0 62.91
63.12 64.07
66.56 65.98
71.33 68.61
77.22 71.85
83.86 75.5
90.84 79.33
97.87 83.13
104.62 86.73
110.74 89.98
115.84 92.74
119.64 94.95
122.02 96.56
123.0 97.61
122.7 98.2
121.36 98.45
119.25 98.52
116.63 98.55
113.75 98.64
110.84 98.84
108.04 99.13
105.45 99.49
103.13 99.86
101.06 100.19
99.23 100.44
97.6 100.58
96.13 100.59
94.77 100.45
93.51 100.17
92.31 99.72
91.13 99.11
89.91 98.33
88.57 97.38
87.06 96.24
85.37 94.94
83.56 93.52
81.74 92.02
80.04 90.54
78.53 89.11
77.28 87.8
76.3 86.61
75.55 85.54
75.02 84.58
74.71 83.72
74.63 82.98
74.78 82.37
75.15 81.88
75.73 81.52
76.45 81.25
77.23 81.04
77.99 80.84
78.65 80.63
79.15 80.36
79.43 80.04
79.5 79.67
79.36 79.25
79.06 78.81
78.62 78.36
78.1 77.91
77.52 77.49
76.91 77.09
76.27 76.71
75.6 76.35
74.89 75.99
74.15 75.63
73.39 75.25
72.63 74.85
71.88 74.44
71.17 74.01
70.5 73.59
69.88 73.18
69.31 72.77
68.78 72.37
68.3 71.97
67.84 71.57
67.42 71.16
67.02 70.75
66.63 70.32
66.26 69.87
65.89 69.42
65.53 68.95
65.17 68.49
64.81 68.02
64.45 67.56
64.08 67.11
63.71 66.66
63.33 66.21
62.96 65.78
62.58 65.34
62.2 64.91
61.82 64.49
61.46 64.07
61.1 63.68
60.78 63.31
60.5 62.98
60.33 62.75
60.27 62.56
60.15 62.41
60.27 61.96
60.38 61.55
