85.0 85.76
86.57 86.62
89.17 88.03
92.85 90.03
97.46 92.55
102.69 95.41
108.12 98.39
113.36 101.27
118.06 103.85
121.97 106.02
124.95 107.71
126.92 108.95
127.91 109.78
128.0 110.29
127.35 110.57
126.15 110.73
124.6 110.86
122.87 111.04
121.1 111.31
119.41 111.69
117.86 112.16
116.5 112.68
115.34 113.19
114.36 113.64
113.51 113.97
112.7 114.15
111.83 114.12
110.74 113.84
109.29 113.26
107.41 112.38
105.2 111.25
102.84 109.97
100.6 108.69
98.73 107.55
97.43 106.65
96.73 106.04
96.6 105.69
96.93 105.53
97.6 105.5
98.5 105.5
99.5 105.48
100.51 105.41
101.44 105.25
102.21 105.0
102.76 104.66
103.09 104.21
103.17 103.7
103.02 103.14
102.69 102.58
102.22 102.04
101.63 101.54
100.95 101.08
100.2 100.64
99.41 100.21
98.59 99.77
97.76 99.33
96.93 98.87
96.11 98.42
95.33 97.98
94.58 97.55
93.91 97.15
93.31 96.76
92.8 96.4
92.36 96.05
91.99 95.71
91.64 95.37
91.31 95.03
91.01 94.66
90.7 94.29
90.4 93.89
90.13 93.5
89.87 93.11
89.65 92.73
89.48 92.38
89.35 92.06
89.24 91.76
89.16 91.49
89.09 91.23
89.05 91.0
89.02 90.78
89.01 90.58
89.01 90.4
89.03 90.24
89.06 90.1
89.08 89.97
89.1 89.85
89.08 89.72
89.01 89.58
88.87 89.41
88.64 89.21
88.32 88.97
87.91 88.69
87.44 88.4
86.97 88.1
86.52 87.82
86.14 87.58
85.83 87.37
85.6 87.2
85.42 87.07
85.28 86.95
85.18 86.84
85.1 86.73
85.05 86.62
85.04 86.53
85.09 86.48
85.09 86.39
85.28 86.31
85.42 86.18
