80.0 81.95
81.64 82.84
84.23 84.28
87.8 86.26
92.27 88.72
97.44 91.54
103.02 94.56
108.72 97.61
114.23 100.52
119.24 103.18
123.54 105.5
126.97 107.45
129.5 109.03
131.14 110.28
131.94 111.27
132.0 112.05
131.42 112.7
130.34 113.26
128.89 113.78
127.19 114.28
125.38 114.75
123.53 115.18
121.67 115.53
119.79 115.75
117.83 115.77
115.71 115.54
113.36 115.05
110.78 114.29
108.03 113.31
105.21 112.16
102.44 110.92
99.84 109.66
97.51 108.45
95.51 107.31
93.91 106.27
92.71 105.33
91.91 104.5
91.49 103.75
91.41 103.09
91.62 102.5
92.09 101.98
92.75 101.51
93.57 101.06
94.45 100.64
95.31 100.21
96.1 99.79
96.76 99.36
97.26 98.91
97.59 98.46
97.73 98.01
97.69 97.55
97.49 97.09
97.18 96.65
96.78 96.25
96.36 95.89
95.93 95.59
95.52 95.34
95.09 95.11
94.62 94.89
94.09 94.64
93.5 94.35
92.82 94.01
92.08 93.61
91.29 93.18
90.49 92.74
89.71 92.3
88.99 91.88
88.35 91.51
87.83 91.17
87.4 90.86
87.05 90.57
86.77 90.29
86.53 89.98
86.29 89.65
86.04 89.27
85.75 88.85
85.4 88.38
84.96 87.86
84.45 87.31
83.9 86.75
83.31 86.18
82.71 85.63
82.13 85.1
81.57 84.6
81.05 84.14
80.61 83.72
80.25 83.34
79.97 83.0
79.74 82.69
79.57 82.41
79.46 82.15
79.43 81.96
79.47 81.87
79.52 81.72
79.55 81.43
79.49 81.17
