65.0 68.92
68.87 70.85
75.44 74.2
84.51 78.94
95.49 84.69
107.02 90.83
117.85 96.71
127.27 101.81
134.84 105.8
140.24 108.6
143.27 110.25
144.0 110.95
142.76 110.95
140.08 110.52
136.44 109.91
132.29 109.33
127.94 108.92
123.58 108.77
119.33 108.84
115.22 109.03
111.26 109.2
107.43 109.16
103.69 108.8
100.01 108.05
96.37 106.93
92.77 105.53
89.28 103.95
86.0 102.28
83.02 100.62
80.44 99.0
78.31 97.46
76.67 96.02
75.53 94.68
74.86 93.46
74.64 92.33
74.81 91.27
75.27 90.27
75.93 89.29
76.71 88.33
77.5 87.39
78.23 86.45
78.87 85.53
79.35 84.6
79.64 83.69
79.74 82.79
79.65 81.93
79.38 81.1
78.97 80.32
78.44 79.58
77.82 78.9
77.15 78.27
76.45 77.7
75.75 77.18
75.04 76.7
74.35 76.26
73.68 75.84
73.03 75.44
72.38 75.04
71.75 74.64
71.13 74.23
70.52 73.81
69.91 73.38
69.3 72.92
68.69 72.44
68.07 71.95
67.44 71.43
66.8 70.88
66.17 70.35
65.61 69.98
65.05 69.45
64.68 69.07
64.35 68.78
