73.0 73.22
74.16 73.85
75.98 74.83
78.48 76.18
81.58 77.86
85.12 79.8
88.9 81.89
92.75 84.03
96.45 86.09
99.81 87.99
102.66 89.65
104.85 91.03
106.3 92.09
107.0 92.84
106.98 93.3
106.33 93.53
105.17 93.6
103.62 93.55
101.8 93.45
99.84 93.33
97.85 93.22
95.91 93.13
94.09 93.05
92.43 92.97
90.98 92.9
89.73 92.82
88.7 92.73
87.86 92.63
87.23 92.51
86.77 92.37
86.49 92.21
86.34 92.03
86.28 91.81
86.25 91.55
86.22 91.23
86.12 90.84
85.94 90.38
85.71 89.86
85.41 89.3
85.1 88.72
84.81 88.17
84.56 87.66
84.38 87.22
84.28 86.84
84.27 86.55
84.36 86.33
84.53 86.19
84.79 86.12
85.1 86.1
85.44 86.11
85.8 86.15
86.16 86.2
86.48 86.24
86.74 86.27
86.93 86.28
87.04 86.27
87.06 86.24
87.0 86.19
86.84 86.11
86.61 86.0
86.32 85.87
85.97 85.72
85.56 85.56
85.13 85.38
84.67 85.19
84.21 84.99
83.75 84.78
83.3 84.57
82.86 84.36
82.44 84.13
82.02 83.9
81.61 83.66
81.22 83.4
80.83 83.14
80.47 82.86
80.12 82.59
79.8 82.31
79.51 82.03
79.24 81.75
79.0 81.48
78.79 81.21
78.59 80.95
78.42 80.7
78.26 80.45
78.12 80.21
77.99 79.97
77.87 79.74
77.75 79.52
77.65 79.31
77.55 79.1
77.46 78.91
77.38 78.73
77.3 78.56
77.21 78.39
77.13 78.23
77.04 78.07
76.94 77.92
76.84 77.77
76.74 77.63
76.64 77.49
76.52 77.36
76.4 77.23
76.27 77.09
76.15 76.97
76.03 76.84
75.92 76.73
75.83 76.63
75.74 76.53
75.66 76.43
75.57 76.34
75.48 76.25
75.4 76.15
75.32 76.06
75.25 75.97
75.19 75.89
75.13 75.81
75.07 75.73
75.01 75.65
74.95 75.57
74.88 75.49
74.81 75.41
74.75 75.33
74.68 75.25
74.62 75.18
74.55 75.1
74.49 75.03
74.41 74.95
74.34 74.87
74.25 74.79
74.17 74.72
74.1 74.67
74.08 74.65
74.1 74.67
74.16 74.7
74.14 74.61
73.82 74.52
73.49 74.26
73.16 73.98
72.74 73.73
72.54 73.6
