82.0 85.17
83.75 86.05
86.54 87.5
90.4 89.53
95.23 92.07
100.78 94.98
106.68 98.05
112.53 101.07
117.93 103.85
122.59 106.25
126.32 108.23
129.1 109.8
131.01 111.05
132.2 112.1
132.81 113.05
133.0 113.99
132.86 114.94
132.45 115.93
131.81 116.92
130.99 117.89
130.02 118.79
128.95 119.6
127.82 120.3
126.66 120.88
125.51 121.33
124.4 121.67
123.28 121.89
122.11 121.97
120.86 121.88
119.42 121.6
117.78 121.12
115.97 120.45
114.06 119.61
112.12 118.67
110.28 117.66
108.58 116.65
107.09 115.67
105.82 114.73
104.76 113.85
103.93 113.03
103.28 112.25
102.8 111.51
102.45 110.79
102.19 110.08
101.98 109.36
101.8 108.64
101.64 107.9
101.49 107.17
101.35 106.47
101.2 105.79
101.03 105.15
100.82 104.54
100.58 103.96
100.27 103.37
99.87 102.78
99.39 102.16
98.83 101.53
98.19 100.89
97.47 100.24
96.77 99.62
96.07 99.02
95.4 98.46
94.76 97.92
94.16 97.42
93.56 96.92
92.96 96.43
92.38 95.94
91.79 95.44
91.22 94.94
90.67 94.43
90.14 93.91
89.61 93.38
89.07 92.85
88.49 92.29
87.89 91.72
87.26 91.12
86.63 90.52
86.01 89.93
85.41 89.33
84.82 88.75
84.23 88.17
83.62 87.59
83.03 87.02
82.48 86.49
82.07 86.05
81.89 85.78
82.14 85.75
82.74 85.89
