67.0 68.25
68.41 68.95
70.64 70.1
73.7 71.7
77.48 73.7
81.78 76.0
86.33 78.46
90.9 80.93
95.27 83.31
99.24 85.5
102.68 87.46
105.52 89.17
107.75 90.67
109.43 91.99
110.61 93.19
111.38 94.3
111.83 95.38
112.0 96.44
111.94 97.5
111.69 98.54
111.27 99.52
110.69 100.41
109.96 101.19
109.09 101.82
108.07 102.29
106.92 102.61
105.65 102.77
104.25 102.78
102.74 102.64
101.11 102.34
99.37 101.89
97.52 101.3
95.61 100.58
93.69 99.75
91.83 98.86
90.11 97.94
88.57 97.03
87.25 96.15
86.15 95.3
85.24 94.48
84.52 93.69
83.93 92.91
83.47 92.14
83.09 91.37
82.8 90.61
82.56 89.85
82.36 89.11
82.2 88.39
82.05 87.68
81.9 87.01
81.76 86.36
81.6 85.75
81.43 85.16
81.24 84.61
81.03 84.09
80.8 83.59
80.55 83.11
80.28 82.64
79.99 82.2
79.67 81.77
79.34 81.35
78.99 80.95
78.62 80.57
78.23 80.2
77.84 79.84
77.44 79.48
77.02 79.13
76.6 78.78
76.16 78.42
75.72 78.06
75.29 77.7
74.86 77.34
74.44 76.97
74.03 76.61
73.63 76.25
73.23 75.89
72.85 75.53
72.48 75.17
72.14 74.83
71.82 74.49
71.53 74.16
71.26 73.84
71.01 73.53
70.76 73.22
70.51 72.91
70.26 72.6
69.99 72.28
69.72 71.95
69.45 71.62
69.16 71.3
68.86 70.97
68.56 70.65
68.27 70.33
67.98 70.02
67.69 69.73
67.42 69.44
67.15 69.16
66.91 68.9
66.75 68.69
66.72 68.58
66.82 68.56
67.05 68.59
