70.99 73.2
72.86 74.19
76.13 75.91
80.84 78.37
86.64 81.4
92.93 84.7
99.01 87.94
104.39 90.83
108.87 93.24
112.53 95.2
115.5 96.79
117.83 98.16
119.53 99.38
120.58 100.5
121.0 101.52
120.87 102.43
120.32 103.26
119.48 104.04
118.42 104.81
117.21 105.57
115.91 106.3
114.55 106.96
113.18 107.49
111.84 107.88
110.54 108.13
109.31 108.28
108.15 108.37
107.07 108.42
106.05 108.43
105.05 108.35
104.02 108.12
102.89 107.68
101.59 107.03
100.1 106.17
98.47 105.15
96.76 104.02
95.09 102.87
93.55 101.73
92.23 100.67
91.17 99.71
90.39 98.88
89.9 98.16
89.65 97.55
89.6 97.01
89.69 96.52
89.87 96.05
90.07 95.58
90.24 95.1
90.36 94.58
90.4 94.03
90.34 93.46
90.2 92.88
89.96 92.3
89.64 91.74
89.25 91.19
88.79 90.66
88.28 90.13
87.71 89.62
87.09 89.09
86.43 88.56
85.72 88.02
84.99 87.47
84.22 86.91
83.45 86.36
82.68 85.8
81.91 85.25
81.16 84.7
80.44 84.16
79.75 83.63
79.11 83.11
78.51 82.61
77.97 82.11
77.48 81.63
77.02 81.14
76.58 80.65
76.16 80.15
75.72 79.63
75.28 79.1
74.83 78.57
74.37 78.03
73.91 77.49
73.46 76.97
73.03 76.46
72.62 75.96
72.22 75.48
71.83 75.02
71.46 74.56
71.08 74.11
70.68 73.67
70.3 73.24
69.96 72.85
69.7 72.59
69.61 72.35
69.55 72.0
69.48 71.74
