65.0 66.43
67.36 67.73
71.23 69.85
76.6 72.78
83.26 76.42
90.72 80.51
98.47 84.77
106.05 88.92
113.1 92.76
119.26 96.11
124.2 98.87
127.67 100.98
129.59 102.45
130.0 103.32
129.04 103.69
126.98 103.7
124.09 103.49
120.66 103.22
116.95 102.97
113.18 102.8
109.52 102.72
106.06 102.68
102.89 102.63
100.04 102.54
97.53 102.4
95.39 102.2
93.63 101.95
92.2 101.67
91.08 101.33
90.19 100.91
89.46 100.39
88.77 99.72
88.05 98.9
87.24 97.92
86.32 96.79
85.33 95.56
84.32 94.27
83.36 92.97
82.52 91.72
81.83 90.56
81.33 89.52
81.04 88.63
80.98 87.9
81.15 87.32
81.53 86.9
82.12 86.62
82.85 86.46
83.7 86.39
84.58 86.37
85.45 86.39
86.25 86.41
86.94 86.4
87.46 86.37
87.81 86.3
87.95 86.18
87.9 86.02
87.64 85.8
87.19 85.54
86.58 85.24
85.84 84.9
85.0 84.54
84.1 84.16
83.17 83.78
82.23 83.39
81.29 83.0
80.36 82.59
79.47 82.18
78.62 81.76
77.82 81.34
77.08 80.9
76.4 80.46
75.76 80.01
75.15 79.55
74.59 79.08
74.06 78.59
73.54 78.08
73.06 77.56
72.59 77.03
72.11 76.49
71.66 75.94
71.23 75.4
70.82 74.86
70.43 74.34
70.07 73.84
69.73 73.35
69.41 72.87
69.1 72.41
68.79 71.96
68.49 71.53
68.18 71.1
67.89 70.69
67.61 70.29
67.33 69.91
67.06 69.54
66.79 69.18
66.52 68.83
66.26 68.48
66.01 68.16
65.78 67.9
65.54 67.67
65.39 67.44
65.24 67.26
64.99 67.09
64.8 66.91
64.82 66.84
64.66 66.73
