78.0 80.5
80.06 81.65
83.51 83.54
88.35 86.17
94.31 89.39
100.91 92.94
107.67 96.58
114.23 100.09
120.35 103.34
125.86 106.27
130.65 108.87
134.57 111.14
137.56 113.09
139.6 114.75
140.72 116.12
141.0 117.23
140.52 118.14
139.39 118.87
137.66 119.45
135.44 119.89
132.8 120.14
129.81 120.18
126.55 119.98
123.1 119.54
119.53 118.89
115.9 118.07
112.3 117.12
108.83 116.09
105.56 115.02
102.56 113.91
99.89 112.77
97.56 111.62
95.58 110.45
93.92 109.27
92.56 108.07
91.46 106.86
90.58 105.62
89.91 104.37
89.38 103.11
88.98 101.85
88.68 100.61
88.46 99.39
88.29 98.21
88.14 97.08
88.01 95.99
87.88 94.95
87.72 93.97
87.53 93.05
87.32 92.17
87.08 91.35
86.81 90.59
86.51 89.87
86.19 89.21
85.85 88.6
85.5 88.04
85.15 87.52
84.81 87.06
84.47 86.63
84.14 86.24
83.82 85.86
83.48 85.5
83.1 85.13
82.69 84.75
82.24 84.35
81.73 83.93
81.18 83.49
80.61 83.04
80.03 82.59
79.45 82.14
78.89 81.69
78.34 81.25
77.82 80.83
77.34 80.46
77.0 80.22
76.93 80.22
77.14 80.29
77.66 80.59
