67.0 67.61
68.41 68.46
70.78 69.83
74.17 71.72
78.4 74.06
83.13 76.69
88.01 79.42
92.82 82.13
97.48 84.76
101.99 87.3
106.36 89.79
110.51 92.2
114.22 94.5
117.22 96.58
119.35 98.37
120.59 99.81
121.0 100.94
120.72 101.81
119.92 102.52
118.72 103.14
117.24 103.71
115.57 104.21
113.76 104.64
111.88 104.97
109.99 105.19
108.12 105.33
106.29 105.39
104.53 105.39
102.87 105.31
101.28 105.14
99.8 104.84
98.39 104.41
97.02 103.82
95.64 103.1
94.22 102.23
92.72 101.25
91.15 100.14
89.54 98.95
87.97 97.7
86.52 96.44
85.25 95.23
84.22 94.12
83.46 93.12
82.95 92.24
82.67 91.47
82.59 90.79
82.67 90.19
82.87 89.65
83.19 89.17
83.56 88.73
83.97 88.32
84.38 87.94
84.76 87.58
85.09 87.24
85.36 86.91
85.54 86.6
85.64 86.31
85.65 86.02
85.56 85.74
85.38 85.46
85.12 85.17
84.77 84.88
84.36 84.58
83.9 84.28
83.4 83.97
82.86 83.67
82.3 83.36
81.72 83.05
81.13 82.74
80.54 82.41
79.95 82.09
79.39 81.75
78.82 81.41
78.28 81.05
77.76 80.69
77.25 80.32
76.76 79.94
76.3 79.55
75.87 79.16
75.46 78.77
75.07 78.38
74.71 77.99
74.37 77.61
74.05 77.23
73.76 76.85
73.49 76.49
73.25 76.14
73.03 75.79
72.81 75.46
72.62 75.14
72.42 74.83
72.24 74.52
72.07 74.23
71.92 73.96
71.78 73.7
71.65 73.46
71.53 73.23
71.42 73.02
71.32 72.82
71.23 72.63
71.13 72.45
71.03 72.27
70.93 72.1
70.83 71.94
70.73 71.79
70.63 71.64
70.54 71.5
70.44 71.36
70.34 71.23
70.22 71.09
70.1 70.96
69.98 70.83
69.87 70.72
69.78 70.61
69.71 70.52
69.67 70.44
69.64 70.38
69.61 70.31
69.57 70.24
69.53 70.17
69.46 70.08
69.38 69.99
69.29 69.89
69.18 69.78
69.06 69.67
68.93 69.56
68.8 69.45
68.67 69.34
68.53 69.23
68.38 69.12
68.24 69.02
68.14 68.97
68.18 68.97
68.3 68.99
68.52 69.09
