77.0 77.99
78.09 78.57
79.81 79.48
82.16 80.75
85.05 82.32
88.38 84.13
92.0 86.1
95.76 88.14
99.5 90.17
103.03 92.09
106.17 93.84
108.76 95.36
110.72 96.63
112.05 97.64
112.77 98.44
113.0 99.08
112.8 99.62
112.28 100.09
111.49 100.53
110.49 100.92
109.31 101.27
108.0 101.54
106.6 101.73
105.15 101.83
103.66 101.84
102.18 101.76
100.7 101.6
99.24 101.34
97.81 101.0
96.39 100.55
94.97 100.0
93.54 99.35
92.11 98.61
90.68 97.79
89.28 96.91
87.95 95.99
86.74 95.05
85.66 94.13
84.75 93.23
84.0 92.38
83.43 91.59
83.02 90.85
82.76 90.17
82.64 89.55
82.63 88.98
82.72 88.46
82.88 87.98
83.09 87.54
83.32 87.13
83.57 86.76
83.81 86.41
84.04 86.1
84.25 85.82
84.42 85.57
84.57 85.35
84.67 85.15
84.73 84.97
84.75 84.81
84.74 84.66
84.69 84.53
84.61 84.4
84.49 84.28
84.33 84.17
84.15 84.06
83.94 83.95
83.72 83.83
83.47 83.71
83.21 83.59
82.94 83.46
82.66 83.32
82.36 83.18
82.07 83.03
81.77 82.86
81.47 82.69
81.18 82.51
80.9 82.32
80.63 82.13
80.38 81.94
80.13 81.75
79.9 81.55
79.69 81.36
79.49 81.16
79.3 80.96
79.12 80.76
78.95 80.56
78.78 80.36
78.6 80.16
78.43 79.95
78.25 79.73
78.06 79.52
77.87 79.3
77.67 79.08
77.46 78.86
77.25 78.64
77.04 78.43
76.87 78.23
76.77 78.08
76.71 78.01
76.68 77.92
76.75 77.85
