68.21 69.56
71.97 71.62
78.3 75.03
87.4 79.88
98.8 85.99
111.58 92.93
124.62 100.09
136.7 106.8
146.77 112.5
154.21 116.86
158.88 119.8
161.0 121.48
160.94 122.22
159.18 122.34
156.07 122.1
151.83 121.68
146.69 121.14
140.83 120.52
134.44 119.78
127.73 118.92
120.89 117.91
114.13 116.74
107.59 115.38
101.38 113.81
95.61 112.04
90.33 110.1
85.59 108.05
81.41 105.96
77.79 103.88
74.74 101.85
72.24 99.87
70.27 97.94
68.8 96.02
67.8 94.1
67.22 92.19
67.0 90.29
67.04 88.43
67.27 86.63
67.63 84.89
68.06 83.23
68.53 81.66
69.04 80.18
69.56 78.81
70.07 77.56
70.54 76.44
70.96 75.44
71.3 74.57
71.53 73.79
71.65 73.11
71.66 72.49
71.54 71.93
71.32 71.43
71.02 70.97
70.64 70.55
70.2 70.17
69.71 69.81
69.14 69.47
68.49 69.12
67.78 68.76
67.01 68.4
66.33 68.13
66.11 68.09
66.81 68.44
68.14 69.49
