69.0 69.85
71.89 71.48
76.55 74.1
83.19 77.78
91.62 82.42
101.32 87.74
111.55 93.35
121.53 98.79
130.42 103.66
137.6 107.65
142.72 110.63
145.78 112.65
147.0 113.89
146.74 114.6
145.4 115.05
143.35 115.44
140.85 115.92
138.12 116.54
135.31 117.3
132.5 118.15
129.74 119.0
127.06 119.78
124.49 120.41
122.04 120.82
119.69 120.97
117.42 120.85
115.16 120.46
112.82 119.79
110.33 118.84
107.62 117.62
104.71 116.16
101.62 114.47
98.44 112.6
95.3 110.6
92.3 108.54
89.54 106.47
87.11 104.44
85.04 102.51
83.35 100.7
82.05 99.02
81.12 97.48
80.53 96.07
80.25 94.79
80.23 93.62
80.43 92.55
80.78 91.57
81.23 90.65
81.71 89.79
82.17 88.98
82.57 88.2
82.86 87.45
83.03 86.71
83.06 86.0
82.95 85.29
82.7 84.6
82.33 83.92
81.86 83.26
81.28 82.62
80.64 82.01
79.93 81.42
79.17 80.85
78.39 80.3
77.59 79.77
76.79 79.25
76.0 78.75
75.25 78.26
74.53 77.79
73.86 77.33
73.24 76.89
72.69 76.46
72.19 76.05
71.75 75.64
71.33 75.23
70.95 74.81
70.59 74.39
70.25 73.96
69.92 73.52
69.6 73.09
69.31 72.67
69.04 72.25
68.79 71.86
68.57 71.49
68.41 71.16
68.33 70.86
68.17 70.53
68.03 70.22
67.89 69.93
67.76 69.65
67.68 69.47
67.68 69.43
67.63 69.23
67.71 68.89
67.43 68.47
66.91 67.82
