61.99 62.84
64.01 63.93
67.19 65.66
71.61 68.07
77.21 71.13
83.71 74.68
90.67 78.5
97.62 82.31
104.04 85.82
109.42 88.78
113.34 91.01
115.54 92.42
116.0 93.04
114.88 92.99
112.54 92.49
109.42 91.78
105.97 91.11
102.58 90.67
99.56 90.59
97.08 90.9
95.22 91.56
94.01 92.48
93.4 93.56
93.32 94.7
93.7 95.82
94.42 96.87
95.38 97.81
96.45 98.6
97.5 99.21
98.41 99.64
99.07 99.85
99.35 99.81
99.17 99.52
98.45 98.94
97.17 98.09
95.39 96.98
93.22 95.68
90.89 94.29
88.6 92.94
86.56 91.73
84.93 90.76
83.78 90.05
83.14 89.63
82.98 89.44
83.24 89.44
83.84 89.56
84.67 89.73
85.62 89.9
86.57 90.03
87.44 90.06
88.15 89.99
88.64 89.81
88.89 89.51
88.9 89.13
88.67 88.67
88.23 88.16
87.6 87.63
86.83 87.08
85.96 86.53
85.04 85.98
84.1 85.44
83.17 84.93
82.29 84.44
81.46 83.97
80.7 83.54
80.02 83.14
79.4 82.75
78.83 82.36
78.32 81.98
77.83 81.6
77.38 81.21
76.96 80.81
76.58 80.4
76.22 80.0
75.89 79.59
75.59 79.19
75.31 78.79
75.04 78.39
74.8 78.0
74.58 77.62
74.36 77.24
74.15 76.87
73.94 76.51
73.72 76.15
73.48 75.79
73.24 75.44
73.0 75.1
72.77 74.77
72.55 74.46
72.32 74.17
72.11 73.89
71.9 73.62
71.7 73.37
71.49 73.13
71.29 72.89
71.08 72.65
70.86 72.41
70.62 72.17
70.37 71.92
70.13 71.68
69.89 71.44
69.66 71.2
69.44 70.98
69.24 70.76
69.03 70.55
68.82 70.33
68.6 70.11
68.38 69.89
68.14 69.66
67.9 69.43
67.66 69.19
67.42 68.96
67.18 68.73
66.94 68.5
66.72 68.27
66.49 68.05
66.26 67.82
66.04 67.6
65.82 67.38
65.6 67.16
65.38 66.95
65.18 66.74
64.99 66.53
64.82 66.34
64.68 66.16
64.56 65.99
64.46 65.82
64.37 65.66
64.28 65.51
64.17 65.34
64.04 65.17
63.89 64.98
63.71 64.78
63.5 64.58
63.27 64.36
63.01 64.14
62.73 63.92
62.45 63.71
62.19 63.52
62.02 63.39
61.9 63.23
61.63 63.07
61.4 62.93
61.23 62.84
61.19 62.84
61.27 63.05
61.57 63.37
