69.0 71.6
73.58 74.08
81.1 78.16
91.55 83.85
104.47 90.87
118.72 98.7
133.24 106.74
147.29 114.45
160.18 121.41
171.19 127.33
179.69 132.06
185.29 135.56
187.97 137.9
188.0 139.22
185.77 139.74
181.74 139.72
176.35 139.38
169.96 138.9
162.88 138.35
155.33 137.75
147.53 137.01
139.66 136.03
131.85 134.75
124.26 133.15
117.02 131.26
110.23 129.15
103.97 126.89
98.26 124.52
93.1 122.05
88.47 119.46
84.34 116.77
80.72 114.0
77.61 111.2
75.07 108.4
73.1 105.67
71.71 103.02
70.86 100.48
70.47 98.05
70.47 95.75
70.78 93.59
71.31 91.56
71.99 89.67
72.77 87.92
73.57 86.3
74.34 84.81
75.06 83.45
75.69 82.2
76.2 81.07
76.6 80.05
76.86 79.15
76.99 78.35
77.01 77.66
76.92 77.06
76.72 76.54
76.42 76.08
76.04 75.67
75.6 75.3
75.12 74.97
74.63 74.67
74.11 74.4
73.56 74.14
72.96 73.87
72.32 73.58
71.64 73.27
70.95 72.94
70.3 72.6
69.7 72.27
69.19 71.96
68.76 71.68
68.4 71.41
68.06 71.15
67.74 70.92
67.67 70.94
68.21 71.32
68.82 71.9
