87.0 90.35
89.85 91.81
94.89 94.42
102.17 98.19
111.12 102.85
120.69 107.9
129.78 112.77
137.53 116.93
143.48 120.11
147.56 122.26
149.97 123.55
151.0 124.27
150.95 124.68
150.11 125.01
148.67 125.35
146.78 125.76
144.57 126.22
142.14 126.73
139.58 127.28
136.98 127.83
134.43 128.36
132.01 128.79
129.75 129.06
127.66 129.11
125.69 128.94
123.77 128.53
121.8 127.92
119.67 127.12
117.34 126.12
114.8 124.92
112.15 123.54
109.52 122.01
107.06 120.42
104.91 118.84
103.15 117.34
101.81 115.98
100.86 114.77
100.28 113.69
100.03 112.73
100.04 111.86
100.26 111.05
100.61 110.28
101.02 109.53
101.41 108.78
101.73 108.0
101.94 107.21
102.01 106.4
101.95 105.6
101.76 104.81
101.43 104.04
100.97 103.3
100.41 102.59
99.76 101.91
99.05 101.24
98.31 100.59
97.55 99.97
96.8 99.38
96.06 98.81
95.35 98.28
94.66 97.78
94.03 97.3
93.43 96.84
92.87 96.39
92.33 95.95
91.82 95.51
91.32 95.06
90.82 94.59
90.31 94.11
89.77 93.59
89.2 93.05
88.61 92.49
88.02 91.92
87.42 91.36
86.85 90.83
86.35 90.42
86.2 90.25
86.11 90.18
