60.0 60.96
61.83 61.95
64.69 63.5
68.63 65.64
73.5 68.3
79.03 71.33
84.91 74.56
90.84 77.81
96.5 80.92
101.61 83.74
105.91 86.18
109.24 88.2
111.51 89.78
112.73 90.95
113.0 91.78
112.43 92.35
111.22 92.74
109.53 93.05
107.5 93.33
105.28 93.61
103.0 93.89
100.75 94.17
98.59 94.42
96.6 94.63
94.78 94.78
93.15 94.87
91.7 94.89
90.44 94.84
89.34 94.71
88.4 94.51
87.6 94.24
86.92 93.9
86.29 93.46
85.66 92.93
84.99 92.28
84.21 91.49
83.3 90.57
82.29 89.54
81.21 88.44
80.11 87.31
79.07 86.21
78.15 85.17
77.36 84.22
76.74 83.38
76.29 82.65
76.03 82.04
75.94 81.52
76.01 81.11
76.23 80.79
76.58 80.54
77.04 80.36
77.55 80.22
78.08 80.11
78.6 80.01
79.07 79.92
79.46 79.82
79.75 79.7
79.93 79.56
79.98 79.41
79.91 79.23
79.72 79.02
79.42 78.79
79.03 78.54
78.57 78.28
78.03 78.0
77.45 77.72
76.83 77.43
76.19 77.13
75.53 76.82
74.88 76.5
74.23 76.17
73.6 75.83
72.98 75.48
72.38 75.13
71.82 74.77
71.28 74.4
70.76 74.02
70.27 73.63
69.8 73.23
69.34 72.82
68.9 72.4
68.48 71.97
68.07 71.54
67.68 71.11
67.31 70.67
66.94 70.24
66.58 69.81
66.23 69.38
65.89 68.95
65.55 68.53
65.21 68.12
64.88 67.71
64.57 67.32
64.26 66.94
63.98 66.57
63.71 66.21
63.43 65.86
63.16 65.52
62.89 65.19
62.62 64.86
62.34 64.53
62.08 64.22
61.82 63.91
61.55 63.6
61.29 63.31
61.04 63.02
60.8 62.74
60.6 62.48
60.45 62.26
60.34 62.07
60.28 61.87
60.23 61.74
60.12 61.58
59.99 61.37
59.93 61.2
59.91 61.09
59.7 60.79
59.4 60.37
59.05 59.91
