97.0 98.63
98.43 99.38
100.73 100.6
103.92 102.31
107.9 104.44
112.42 106.85
117.14 109.37
121.76 111.83
125.98 114.07
129.59 116.0
132.46 117.57
134.57 118.83
135.97 119.81
136.74 120.6
137.0 121.28
136.84 121.89
136.38 122.5
135.69 123.11
134.85 123.74
133.92 124.39
132.97 125.03
132.03 125.64
131.14 126.2
130.31 126.7
129.55 127.11
128.84 127.45
128.16 127.69
127.49 127.85
126.82 127.91
126.11 127.86
125.32 127.69
124.42 127.37
123.33 126.88
122.03 126.19
120.49 125.31
118.79 124.28
116.98 123.14
115.21 121.98
113.58 120.86
112.18 119.84
111.07 118.95
110.25 118.2
109.7 117.57
109.41 117.04
109.31 116.57
109.36 116.13
109.51 115.71
109.7 115.28
109.89 114.83
110.05 114.36
110.14 113.87
110.14 113.35
110.05 112.82
109.89 112.29
109.65 111.77
109.35 111.27
109.0 110.79
108.61 110.33
108.17 109.89
107.69 109.44
107.19 109.0
106.67 108.57
106.14 108.14
105.61 107.73
105.1 107.33
104.6 106.94
104.12 106.56
103.65 106.2
103.2 105.84
102.77 105.48
102.34 105.13
101.94 104.77
101.57 104.43
101.22 104.09
100.91 103.75
100.62 103.41
100.34 103.08
100.07 102.74
99.8 102.41
99.53 102.07
99.25 101.74
98.98 101.4
98.7 101.06
98.41 100.7
98.08 100.34
97.72 99.96
97.33 99.58
96.97 99.22
96.68 98.93
96.61 98.78
96.74 98.75
97.03 98.8
