57.99 58.28
59.91 59.34
62.91 60.98
67.07 63.26
72.28 66.12
78.29 69.42
84.74 72.98
91.21 76.56
97.27 79.94
102.57 82.94
106.82 85.42
109.85 87.33
111.56 88.67
112.0 89.48
111.29 89.86
109.64 89.93
107.28 89.8
104.47 89.61
101.44 89.43
98.36 89.31
95.39 89.29
92.63 89.34
90.15 89.44
88.0 89.54
86.18 89.62
84.68 89.66
83.48 89.64
82.55 89.57
81.86 89.44
81.36 89.25
81.03 89.01
80.83 88.7
80.67 88.31
80.51 87.83
80.27 87.25
79.9 86.55
79.39 85.74
78.78 84.84
78.09 83.9
77.42 82.96
76.82 82.09
76.36 81.31
76.05 80.66
75.92 80.14
75.98 79.77
76.2 79.51
76.58 79.38
77.12 79.35
77.79 79.41
78.56 79.54
79.37 79.71
80.17 79.91
80.91 80.09
81.54 80.24
82.02 80.34
82.33 80.39
82.45 80.38
82.38 80.31
82.11 80.18
81.68 79.99
81.12 79.76
80.45 79.5
79.71 79.21
78.92 78.91
78.1 78.6
77.28 78.29
76.48 77.98
75.69 77.65
74.93 77.32
74.21 76.98
73.52 76.62
72.87 76.25
72.27 75.86
71.72 75.47
71.21 75.08
70.76 74.68
70.34 74.28
69.95 73.87
69.59 73.46
69.25 73.04
68.91 72.61
68.6 72.18
68.31 71.76
68.04 71.35
67.8 70.95
67.58 70.56
67.37 70.19
67.18 69.84
66.99 69.49
66.8 69.16
66.62 68.84
66.43 68.53
66.24 68.23
66.04 67.93
65.85 67.65
65.66 67.39
65.48 67.13
65.32 66.9
65.16 66.68
65.0 66.47
64.86 66.26
64.69 66.06
64.51 65.86
64.32 65.65
64.12 65.44
63.91 65.23
63.72 65.03
63.55 64.84
63.39 64.67
63.26 64.51
63.12 64.35
63.0 64.21
62.88 64.06
62.76 63.91
62.63 63.77
62.52 63.62
62.4 63.47
62.27 63.33
62.14 63.17
62.0 63.02
61.85 62.86
61.69 62.7
61.53 62.55
61.39 62.39
61.24 62.25
61.11 62.11
60.98 61.98
60.84 61.84
60.7 61.7
60.57 61.57
60.43 61.42
60.29 61.28
60.14 61.14
59.98 60.99
59.81 60.83
59.64 60.67
59.45 60.51
59.27 60.34
59.1 60.18
58.94 60.03
58.79 59.89
58.66 59.76
58.54 59.63
58.43 59.5
58.32 59.37
58.19 59.24
58.07 59.12
58.0 59.03
58.04 58.92
57.75 58.61
57.61 58.4
57.53 58.32
57.54 58.15
57.03 57.79
56.9 57.64
