82.99 86.42
85.47 87.81
89.6 90.1
95.39 93.29
102.61 97.21
110.74 101.6
119.21 106.13
127.45 110.48
134.96 114.4
141.34 117.72
146.37 120.38
149.94 122.41
152.09 123.9
153.0 124.99
152.87 125.81
151.95 126.5
150.44 127.15
148.54 127.82
146.35 128.53
143.97 129.25
141.47 129.9
138.91 130.44
136.31 130.79
133.69 130.93
131.06 130.83
128.39 130.49
125.65 129.89
122.78 129.04
119.77 127.94
116.64 126.61
113.49 125.1
110.4 123.47
107.5 121.8
104.91 120.15
102.68 118.57
100.84 117.06
99.37 115.62
98.23 114.25
97.39 112.93
96.8 111.64
96.42 110.4
96.23 109.2
96.17 108.03
96.19 106.89
96.22 105.78
96.22 104.68
96.15 103.6
96.0 102.55
95.81 101.55
95.57 100.62
95.29 99.75
94.95 98.94
94.58 98.18
94.16 97.47
93.71 96.79
93.26 96.15
92.81 95.56
92.37 95.01
91.92 94.51
91.48 94.04
91.04 93.59
90.57 93.14
90.06 92.69
89.53 92.22
88.97 91.74
88.37 91.26
87.76 90.77
87.14 90.27
86.5 89.75
85.82 89.22
85.12 88.66
84.41 88.1
83.74 87.58
83.26 87.22
83.34 87.26
83.6 87.46
