73.99 76.64
75.9 77.56
79.19 79.21
83.92 81.61
89.82 84.62
96.26 87.93
102.46 91.15
107.67 93.88
111.4 95.83
113.47 96.9
113.99 97.18
113.26 96.87
111.61 96.23
109.39 95.51
106.92 94.88
104.42 94.46
102.09 94.29
99.99 94.35
98.18 94.6
96.63 94.98
95.33 95.41
94.24 95.81
93.34 96.1
92.59 96.25
91.97 96.22
91.42 96.04
90.9 95.73
90.32 95.32
89.62 94.81
88.78 94.23
87.81 93.55
86.77 92.8
85.72 91.99
84.75 91.16
83.92 90.36
83.25 89.61
82.75 88.93
82.43 88.34
82.29 87.84
82.34 87.42
82.54 87.09
82.85 86.81
83.22 86.58
83.59 86.36
83.9 86.13
84.11 85.86
84.19 85.55
84.13 85.19
83.93 84.8
83.59 84.38
83.15 83.95
82.62 83.51
82.04 83.07
81.4 82.63
80.72 82.19
80.02 81.75
79.32 81.32
78.64 80.9
78.0 80.5
77.4 80.11
76.85 79.74
76.33 79.36
75.84 78.99
75.37 78.61
74.91 78.22
74.46 77.82
74.05 77.42
73.66 77.02
73.34 76.68
73.2 76.43
73.4 76.39
73.9 76.49
