70.99 72.73
73.1 73.86
76.47 75.69
81.2 78.26
87.16 81.48
93.99 85.15
101.14 88.98
108.01 92.65
114.06 95.87
118.87 98.46
122.26 100.35
124.25 101.59
124.99 102.32
124.71 102.71
123.62 102.91
121.97 103.05
119.95 103.21
117.72 103.45
115.4 103.78
113.13 104.19
110.98 104.64
108.98 105.09
107.16 105.49
105.54 105.79
104.08 105.96
102.76 105.98
101.55 105.85
100.44 105.6
99.38 105.25
98.33 104.79
97.26 104.21
96.09 103.5
94.78 102.61
93.32 101.56
91.73 100.35
90.1 99.06
88.54 97.74
87.16 96.48
86.02 95.32
85.16 94.31
84.61 93.45
84.35 92.73
84.35 92.15
84.58 91.68
85.02 91.31
85.61 91.02
86.28 90.79
86.99 90.58
87.68 90.39
88.28 90.18
88.77 89.94
89.11 89.66
89.29 89.36
89.28 89.03
89.1 88.67
88.75 88.3
88.28 87.91
87.71 87.52
87.07 87.12
86.39 86.74
85.69 86.37
84.99 86.01
84.27 85.66
83.55 85.31
82.85 84.95
82.17 84.59
81.5 84.22
80.88 83.83
80.29 83.44
79.7 83.03
79.12 82.6
78.55 82.16
77.96 81.69
77.38 81.2
76.82 80.71
76.3 80.22
75.81 79.73
75.36 79.25
74.93 78.78
74.53 78.3
74.14 77.82
73.76 77.35
73.38 76.87
73.0 76.4
72.62 75.93
72.23 75.47
71.86 75.02
71.52 74.59
71.23 74.2
71.03 73.85
70.73 73.47
70.52 73.18
70.52 73.03
70.41 72.9
70.32 72.59
70.03 72.32
