78.0 81.27
80.69 82.59
85.15 84.87
91.41 88.11
99.13 92.14
107.68 96.65
116.34 101.25
124.39 105.54
131.25 109.19
136.55 112.05
140.17 114.1
142.24 115.45
143.0 116.32
142.79 116.91
141.92 117.43
140.63 117.99
139.07 118.68
137.35 119.48
135.53 120.37
133.64 121.3
131.74 122.19
129.87 122.97
128.04 123.59
126.25 124.01
124.49 124.2
122.69 124.15
120.8 123.87
118.78 123.36
116.59 122.63
114.24 121.7
111.79 120.61
109.33 119.39
106.95 118.08
104.76 116.72
102.8 115.36
101.11 114.04
99.71 112.77
98.62 111.58
97.8 110.46
97.25 109.42
96.93 108.44
96.79 107.51
96.78 106.63
96.86 105.77
96.95 104.93
97.03 104.1
97.07 103.3
97.04 102.5
96.95 101.72
96.79 100.95
96.53 100.19
96.12 99.41
95.56 98.62
94.83 97.8
93.96 96.97
93.01 96.14
92.05 95.34
91.11 94.59
90.24 93.91
89.47 93.29
88.79 92.75
88.19 92.24
87.65 91.77
87.17 91.32
86.72 90.86
86.26 90.4
85.82 89.94
85.41 89.47
85.05 89.02
84.73 88.56
84.43 88.11
84.11 87.64
83.75 87.15
83.3 86.64
82.77 86.1
82.17 85.52
81.49 84.91
80.74 84.27
79.94 83.61
79.15 82.97
78.5 82.44
78.02 81.96
77.6 81.52
77.39 81.25
