75.0 76.37
76.55 77.2
79.03 78.53
82.48 80.38
86.82 82.71
91.83 85.4
97.18 88.28
102.49 91.13
107.37 93.77
111.53 96.05
114.77 97.88
117.04 99.27
118.41 100.29
119.0 101.02
118.95 101.58
118.46 102.08
117.66 102.59
116.66 103.15
115.57 103.78
114.46 104.45
113.36 105.15
112.29 105.84
111.3 106.47
110.36 107.01
109.48 107.45
108.64 107.76
107.79 107.94
106.89 107.96
105.89 107.82
104.73 107.51
103.38 107.02
101.86 106.37
100.21 105.57
98.5 104.66
96.84 103.69
95.3 102.72
93.94 101.77
92.77 100.88
91.83 100.05
91.09 99.29
90.55 98.6
90.21 97.97
90.03 97.4
89.99 96.86
90.05 96.35
90.18 95.86
90.3 95.37
90.4 94.87
90.44 94.35
90.42 93.83
90.31 93.3
90.13 92.76
89.88 92.24
89.56 91.73
89.19 91.23
88.79 90.75
88.38 90.29
87.95 89.85
87.53 89.44
87.11 89.06
86.7 88.69
86.29 88.34
85.88 87.99
85.46 87.64
85.04 87.3
84.64 86.96
84.25 86.63
83.9 86.32
83.57 86.01
83.25 85.71
82.92 85.4
82.59 85.08
82.25 84.75
81.91 84.41
81.58 84.07
81.26 83.74
80.97 83.41
80.69 83.09
80.42 82.77
80.14 82.45
79.88 82.14
79.61 81.83
79.34 81.52
79.09 81.22
78.84 80.93
78.6 80.65
78.36 80.38
78.13 80.11
77.89 79.83
77.64 79.55
77.39 79.27
77.12 78.97
76.82 78.67
76.5 78.37
76.18 78.06
75.86 77.77
75.58 77.5
75.4 77.3
75.23 77.08
75.14 76.96
75.33 76.93
75.8 77.13
