78.0 79.18
79.26 79.88
81.25 80.99
83.99 82.5
87.42 84.39
91.39 86.55
95.67 88.87
100.0 91.2
104.15 93.43
107.9 95.45
111.09 97.21
113.64 98.69
115.54 99.92
116.84 100.95
117.61 101.84
117.97 102.64
118.0 103.43
117.79 104.21
117.42 105.03
116.96 105.86
116.43 106.68
115.87 107.49
115.28 108.23
114.67 108.89
114.04 109.46
113.39 109.92
112.74 110.29
112.08 110.55
111.4 110.73
110.71 110.81
109.97 110.78
109.17 110.65
108.26 110.37
107.2 109.94
105.97 109.34
104.57 108.58
103.03 107.69
101.41 106.71
99.82 105.7
98.34 104.72
97.02 103.81
95.94 102.99
95.11 102.28
94.54 101.69
94.22 101.18
94.1 100.74
94.14 100.35
94.27 99.97
94.45 99.58
94.62 99.18
94.77 98.74
94.86 98.28
94.88 97.81
94.82 97.32
94.7 96.85
94.52 96.38
94.3 95.94
94.02 95.52
93.69 95.1
93.3 94.69
92.88 94.28
92.41 93.88
91.94 93.48
91.47 93.09
91.01 92.72
90.56 92.37
90.13 92.03
89.71 91.71
89.31 91.39
88.92 91.08
88.53 90.76
88.14 90.43
87.75 90.09
87.36 89.75
86.97 89.4
86.58 89.05
86.19 88.69
85.81 88.32
85.45 87.96
85.1 87.61
84.77 87.25
84.45 86.9
84.14 86.56
83.84 86.22
83.54 85.88
83.25 85.54
82.98 85.22
82.72 84.9
82.49 84.61
82.28 84.32
82.08 84.04
81.87 83.77
81.67 83.5
81.46 83.22
81.24 82.95
81.01 82.68
80.81 82.41
80.61 82.16
80.41 81.92
80.22 81.68
80.01 81.44
79.79 81.2
79.56 80.96
79.32 80.72
79.07 80.48
78.83 80.24
78.6 80.01
78.37 79.78
78.14 79.55
77.91 79.32
77.67 79.09
77.43 78.86
77.23 78.64
77.04 78.45
76.74 78.26
76.45 77.98
76.17 77.73
75.93 77.51
75.8 77.24
75.79 77.04
75.9 76.96
