59.99 62.44
65.89 65.47
75.67 70.61
89.6 77.92
106.81 87.04
125.64 97.23
144.39 107.51
161.41 116.91
175.28 124.65
185.07 130.28
190.54 133.76
191.99 135.33
190.06 135.46
185.52 134.69
179.18 133.51
171.8 132.32
163.98 131.41
156.13 130.89
148.56 130.77
141.39 130.94
134.65 131.2
128.33 131.31
122.34 131.05
116.57 130.25
110.98 128.87
105.58 126.97
100.46 124.7
95.76 122.24
91.61 119.78
88.16 117.44
85.48 115.28
83.56 113.32
82.36 111.52
81.82 109.82
81.8 108.17
82.15 106.53
82.8 104.88
83.63 103.22
84.53 101.56
85.46 99.92
86.31 98.31
87.0 96.74
87.48 95.22
87.68 93.73
87.55 92.28
87.1 90.86
86.36 89.47
85.33 88.11
84.1 86.81
82.75 85.56
81.33 84.39
79.9 83.3
78.5 82.29
77.12 81.36
75.8 80.5
74.55 79.7
73.38 78.94
72.3 78.21
71.31 77.5
70.39 76.78
69.52 76.05
68.68 75.31
67.88 74.56
67.13 73.81
66.44 73.06
65.81 72.34
65.25 71.64
64.77 70.95
64.35 70.28
63.97 69.63
63.61 68.97
63.23 68.31
62.8 67.64
62.31 66.94
61.78 66.24
61.22 65.53
60.65 64.83
60.08 64.14
59.5 63.49
58.91 62.91
58.47 62.52
58.07 62.24
57.75 61.85
57.37 61.51
56.9 60.89
