75.0 78.01
77.44 79.27
81.44 81.39
87.08 84.4
94.18 88.18
102.22 92.44
110.52 96.84
118.41 100.99
125.33 104.6
130.9 107.5
134.91 109.66
137.44 111.17
138.72 112.22
139.0 113.01
138.56 113.7
137.63 114.42
136.4 115.23
134.96 116.15
133.4 117.15
131.78 118.2
130.15 119.22
128.52 120.13
126.89 120.87
125.21 121.37
123.41 121.56
121.42 121.41
119.14 120.93
116.56 120.15
113.75 119.12
110.83 117.93
107.93 116.66
105.23 115.39
102.85 114.18
100.85 113.05
99.26 112.0
98.05 111.03
97.19 110.11
96.65 109.24
96.36 108.38
96.23 107.52
96.22 106.65
96.22 105.74
96.18 104.77
96.06 103.76
95.83 102.7
95.47 101.61
95.0 100.54
94.45 99.5
93.84 98.51
93.18 97.58
92.53 96.72
91.88 95.92
91.25 95.17
90.63 94.45
90.02 93.76
89.4 93.08
88.75 92.41
88.08 91.74
87.38 91.07
86.65 90.4
85.89 89.73
85.12 89.05
84.33 88.37
83.52 87.69
82.71 87.02
81.92 86.34
81.15 85.68
80.41 85.03
79.72 84.38
79.07 83.75
78.44 83.12
77.82 82.49
77.2 81.84
76.58 81.19
75.95 80.52
75.32 79.85
74.72 79.19
74.15 78.55
73.63 77.95
73.17 77.4
72.83 76.94
72.7 76.68
73.06 76.66
73.89 76.76
