62.0 62.36
63.53 63.2
65.99 64.54
69.42 66.41
73.71 68.74
78.56 71.4
83.63 74.2
88.61 76.95
93.2 79.49
97.11 81.66
100.1 83.4
102.07 84.67
103.0 85.49
102.94 85.92
102.07 86.04
100.53 85.95
98.51 85.76
96.23 85.56
93.84 85.42
91.49 85.36
89.28 85.38
87.28 85.47
85.52 85.58
84.01 85.68
82.76 85.75
81.75 85.78
80.96 85.77
80.35 85.7
79.9 85.59
79.55 85.4
79.26 85.14
78.96 84.79
78.61 84.35
78.19 83.81
77.67 83.18
77.08 82.48
76.44 81.72
75.78 80.94
75.15 80.16
74.57 79.41
74.05 78.7
73.63 78.07
73.32 77.52
73.15 77.05
73.12 76.69
73.23 76.41
73.47 76.22
73.8 76.1
74.19 76.02
74.6 75.96
75.0 75.91
75.35 75.86
75.61 75.78
75.77 75.67
75.81 75.52
75.73 75.35
75.54 75.14
75.25 74.91
74.87 74.66
74.42 74.39
73.91 74.11
73.36 73.82
72.77 73.52
72.17 73.21
71.56 72.89
70.94 72.57
70.34 72.24
69.78 71.91
69.25 71.59
68.76 71.28
68.3 70.97
67.88 70.65
67.48 70.34
67.11 70.02
66.77 69.69
66.46 69.37
66.18 69.05
65.91 68.72
65.67 68.41
65.46 68.09
65.26 67.78
65.08 67.48
64.91 67.18
64.75 66.88
64.58 66.6
64.42 66.32
64.25 66.04
64.06 65.76
63.86 65.48
63.65 65.2
63.42 64.93
63.19 64.67
62.99 64.42
62.8 64.2
62.64 64.0
62.5 63.81
62.37 63.63
62.25 63.46
62.13 63.29
62.0 63.12
61.87 62.94
61.73 62.78
61.6 62.61
61.47 62.46
61.35 62.31
61.25 62.18
61.16 62.05
61.08 61.93
61.0 61.81
60.93 61.69
60.85 61.59
60.77 61.5
60.74 61.43
60.73 61.37
60.64 61.35
60.5 61.29
60.38 61.14
60.12 61.02
59.74 60.84
59.65 60.51
59.4 60.31
