82.0 82.71
84.03 83.81
87.26 85.56
91.79 88.0
97.5 91.08
104.01 94.6
110.82 98.32
117.41 101.93
123.29 105.18
128.13 107.92
131.82 110.11
134.44 111.81
136.16 113.17
137.21 114.34
137.78 115.46
138.0 116.62
137.95 117.85
137.73 119.16
137.35 120.51
136.87 121.89
136.33 123.24
135.8 124.55
135.32 125.79
134.94 126.95
134.65 128.01
134.44 128.96
134.26 129.79
134.04 130.49
133.73 131.06
133.29 131.48
132.69 131.75
131.98 131.87
131.14 131.82
130.21 131.61
129.13 131.22
127.82 130.62
126.22 129.79
124.28 128.74
122.06 127.48
119.68 126.11
117.33 124.69
115.2 123.35
113.41 122.15
112.01 121.12
110.97 120.26
110.22 119.51
109.67 118.82
109.24 118.14
108.9 117.44
108.59 116.71
108.3 115.94
108.02 115.15
107.72 114.34
107.38 113.51
107.0 112.66
106.57 111.8
106.06 110.93
105.46 110.06
104.74 109.19
103.94 108.32
103.06 107.45
102.16 106.59
101.31 105.77
100.53 104.98
99.83 104.26
99.21 103.59
98.65 102.97
98.11 102.39
97.58 101.82
97.04 101.25
96.49 100.67
95.94 100.08
95.4 99.5
94.91 98.93
94.44 98.38
94.0 97.85
93.57 97.32
93.13 96.8
92.68 96.28
92.24 95.77
91.81 95.28
91.43 94.81
91.11 94.37
90.83 93.96
90.6 93.58
90.41 93.22
90.23 92.86
90.01 92.51
89.77 92.14
89.47 91.74
89.07 91.31
88.6 90.85
88.07 90.36
87.5 89.86
86.93 89.38
86.41 88.92
85.98 88.52
85.63 88.18
85.38 87.88
85.17 87.62
84.98 87.37
84.78 87.11
84.55 86.83
84.29 86.52
84.02 86.19
83.73 85.84
83.44 85.5
83.17 85.17
82.9 84.86
82.65 84.56
82.42 84.27
82.19 84.0
81.94 83.73
81.7 83.47
81.46 83.21
81.25 82.96
81.08 82.74
80.95 82.53
80.85 82.33
80.76 82.15
80.65 81.96
80.51 81.75
80.32 81.53
80.06 81.28
79.76 81.01
79.45 80.73
79.14 80.46
78.87 80.22
78.68 80.05
78.66 79.96
78.73 80.01
79.13 80.26
80.09 80.74
