80.0 80.82
81.38 81.57
83.81 82.87
87.27 84.72
91.53 87.01
96.11 89.49
100.5 91.91
104.36 94.06
107.5 95.8
109.88 97.12
111.54 98.07
112.56 98.75
113.0 99.24
112.9 99.6
112.36 99.88
111.44 100.09
110.24 100.26
108.85 100.41
107.38 100.58
105.94 100.79
104.59 101.04
103.41 101.32
102.42 101.6
101.65 101.86
101.07 102.09
100.67 102.3
100.42 102.5
100.3 102.69
100.27 102.86
100.29 102.99
100.32 103.05
100.3 103.01
100.18 102.84
99.92 102.53
99.48 102.1
98.87 101.56
98.13 100.95
97.33 100.3
96.54 99.66
95.85 99.08
95.3 98.58
94.91 98.18
94.69 97.88
94.63 97.68
94.73 97.54
94.95 97.48
95.27 97.46
95.68 97.47
96.11 97.5
96.54 97.52
96.91 97.51
97.18 97.46
97.32 97.35
97.3 97.18
97.11 96.94
96.75 96.64
96.25 96.29
95.64 95.91
94.96 95.52
94.27 95.13
93.59 94.76
92.93 94.41
92.33 94.09
91.76 93.79
91.25 93.51
90.78 93.24
90.37 92.98
90.01 92.71
89.7 92.45
89.42 92.19
89.19 91.93
88.97 91.67
88.79 91.4
88.61 91.14
88.45 90.88
88.29 90.61
88.14 90.35
88.0 90.1
87.85 89.84
87.69 89.57
87.51 89.3
87.3 89.02
87.06 88.73
86.82 88.44
86.58 88.16
86.35 87.9
86.13 87.65
85.92 87.41
85.7 87.18
85.48 86.96
85.27 86.74
85.06 86.53
84.86 86.32
84.67 86.11
84.48 85.91
84.29 85.71
84.11 85.52
83.93 85.32
83.76 85.13
83.58 84.94
83.4 84.75
83.24 84.58
83.08 84.4
82.92 84.23
82.77 84.06
82.61 83.87
82.42 83.68
82.24 83.48
82.06 83.29
81.9 83.11
81.76 82.95
81.65 82.8
81.54 82.67
81.44 82.54
81.34 82.41
81.24 82.27
81.13 82.13
81.01 81.99
80.88 81.84
80.73 81.68
80.55 81.51
80.36 81.36
80.2 81.25
80.08 81.19
80.06 81.21
80.15 81.32
