67.0 70.13
69.52 71.52
73.65 73.79
79.44 76.94
86.6 80.81
94.66 85.15
103.05 89.65
111.24 93.99
118.73 97.92
125.09 101.24
130.03 103.86
133.33 105.75
134.95 106.94
135.0 107.54
133.67 107.69
131.27 107.54
128.1 107.26
124.53 107.01
120.84 106.88
117.27 106.93
113.97 107.15
111.03 107.48
108.49 107.85
106.35 108.19
104.58 108.46
103.13 108.62
101.9 108.62
100.78 108.44
99.64 108.03
98.35 107.35
96.84 106.4
95.11 105.19
93.24 103.8
91.32 102.31
89.49 100.81
87.87 99.38
86.56 98.08
85.61 96.95
85.03 95.98
84.85 95.19
85.03 94.56
85.54 94.07
86.3 93.71
87.24 93.44
88.25 93.22
89.24 93.0
90.12 92.75
90.8 92.43
91.23 92.04
91.39 91.57
91.26 91.04
90.87 90.47
90.24 89.86
89.42 89.23
88.44 88.58
87.35 87.93
86.2 87.29
85.04 86.68
83.91 86.1
82.84 85.55
81.83 85.04
80.91 84.55
80.06 84.07
79.28 83.6
78.56 83.12
77.92 82.63
77.33 82.13
76.78 81.63
76.27 81.12
75.79 80.61
75.35 80.1
74.92 79.58
74.52 79.06
74.16 78.53
73.8 78.01
73.44 77.47
73.06 76.93
72.63 76.36
72.16 75.78
71.65 75.18
71.1 74.58
70.54 73.97
69.95 73.36
69.35 72.78
68.79 72.26
68.36 71.78
67.89 71.35
67.58 71.09
67.55 71.03
67.35 71.01
