80.99 81.7
83.0 82.85
86.07 84.61
90.37 87.05
95.87 90.13
102.33 93.73
109.37 97.61
116.49 101.51
123.14 105.16
128.94 108.37
133.63 111.02
137.12 113.11
139.44 114.71
140.67 115.92
141.0 116.86
140.57 117.65
139.55 118.35
138.09 119.01
136.32 119.65
134.33 120.28
132.2 120.86
130.01 121.38
127.8 121.8
125.62 122.08
123.48 122.21
121.42 122.17
119.45 121.99
117.55 121.65
115.69 121.17
113.83 120.53
111.9 119.71
109.84 118.69
107.62 117.46
105.29 116.03
102.92 114.47
100.61 112.83
98.47 111.19
96.57 109.6
94.96 108.11
93.66 106.73
92.67 105.48
91.99 104.34
91.59 103.32
91.43 102.39
91.48 101.56
91.72 100.81
92.08 100.13
92.55 99.51
93.05 98.93
93.54 98.38
93.98 97.85
94.33 97.34
94.56 96.83
94.67 96.34
94.65 95.85
94.51 95.37
94.25 94.89
93.88 94.42
93.42 93.95
92.88 93.48
92.27 93.03
91.62 92.58
90.94 92.16
90.26 91.74
89.56 91.34
88.87 90.93
88.19 90.53
87.52 90.13
86.86 89.71
86.22 89.3
85.61 88.87
85.03 88.45
84.5 88.03
84.01 87.62
83.57 87.22
83.17 86.82
82.82 86.42
82.49 86.02
82.19 85.62
81.89 85.22
81.6 84.81
81.31 84.41
81.03 84.01
80.78 83.63
80.56 83.26
80.37 82.92
80.2 82.59
80.03 82.28
79.86 81.99
79.7 81.71
79.56 81.46
79.47 81.27
79.51 81.2
79.83 81.32
80.55 81.69
81.77 82.3
