81.0 81.83
82.83 82.85
85.56 84.36
89.18 86.37
93.6 88.84
98.74 91.72
104.51 94.92
110.71 98.33
117.03 101.79
123.08 105.13
128.48 108.19
132.91 110.8
136.14 112.9
138.14 114.46
139.0 115.57
138.89 116.33
138.04 116.91
136.66 117.41
134.99 117.93
133.16 118.5
131.3 119.13
129.51 119.81
127.84 120.5
126.32 121.17
124.97 121.81
123.78 122.38
122.76 122.85
121.88 123.22
121.11 123.45
120.42 123.56
119.8 123.54
119.16 123.39
118.48 123.11
117.7 122.69
116.77 122.12
115.69 121.39
114.51 120.54
113.26 119.59
112.02 118.6
110.87 117.61
109.84 116.67
108.97 115.8
108.26 115.02
107.72 114.32
107.35 113.7
107.14 113.16
107.09 112.69
107.15 112.29
107.3 111.93
107.53 111.6
107.79 111.3
108.05 111.02
108.28 110.74
108.47 110.45
108.59 110.16
108.62 109.86
108.54 109.55
108.38 109.22
108.1 108.87
107.73 108.5
107.29 108.12
106.77 107.72
106.21 107.32
105.61 106.92
105.0 106.53
104.38 106.14
103.75 105.75
103.11 105.35
102.47 104.95
101.82 104.53
101.17 104.1
100.52 103.65
99.87 103.18
99.22 102.7
98.59 102.22
97.98 101.72
97.37 101.22
96.8 100.71
96.24 100.21
95.7 99.7
95.19 99.19
94.71 98.69
94.26 98.2
93.84 97.72
93.45 97.24
93.09 96.78
92.73 96.32
92.4 95.87
92.08 95.43
91.77 94.99
91.46 94.57
91.17 94.16
90.89 93.77
90.63 93.38
90.36 93.01
90.11 92.65
89.87 92.31
89.63 91.97
89.39 91.65
89.15 91.33
88.91 91.02
88.69 90.72
88.45 90.43
88.23 90.15
88.01 89.88
87.79 89.61
87.56 89.35
87.33 89.08
87.09 88.82
86.85 88.56
86.59 88.3
86.34 88.04
86.08 87.78
85.82 87.52
85.57 87.27
85.32 87.03
85.09 86.81
84.94 86.63
84.68 86.45
84.43 86.21
84.19 85.97
83.97 85.75
83.75 85.53
83.47 85.29
83.18 85.0
82.89 84.7
82.59 84.4
82.3 84.11
81.95 83.8
81.62 83.45
81.27 83.09
80.89 82.72
80.47 82.32
80.36 82.03
80.08 81.83
79.93 81.59
