72.0 73.05
73.34 73.79
75.53 74.97
78.6 76.62
82.4 78.67
86.66 80.97
91.08 83.37
95.41 85.74
99.5 87.99
103.29 90.09
106.76 92.05
109.83 93.87
112.42 95.55
114.44 97.07
115.86 98.4
116.68 99.54
117.0 100.54
116.92 101.44
116.56 102.29
116.03 103.14
115.4 104.01
114.75 104.87
114.11 105.71
113.52 106.51
112.98 107.25
112.49 107.93
112.02 108.55
111.57 109.09
111.11 109.54
110.62 109.88
110.08 110.1
109.48 110.17
108.8 110.08
107.99 109.82
106.96 109.38
105.67 108.75
104.09 107.92
102.24 106.9
100.22 105.74
98.14 104.51
96.13 103.27
94.32 102.09
92.78 101.03
91.55 100.11
90.65 99.34
90.07 98.69
89.75 98.13
89.65 97.65
89.7 97.19
89.84 96.75
90.01 96.29
90.19 95.8
90.35 95.29
90.47 94.75
90.52 94.21
90.49 93.66
90.37 93.11
90.15 92.57
89.85 92.04
89.47 91.51
89.03 90.99
88.54 90.48
88.01 89.97
87.45 89.47
86.88 88.99
86.3 88.51
85.71 88.05
85.11 87.6
84.53 87.15
83.94 86.72
83.36 86.28
82.79 85.85
82.24 85.43
81.71 85.0
81.2 84.57
80.72 84.14
80.27 83.72
79.84 83.3
79.43 82.89
79.04 82.48
78.67 82.07
78.32 81.67
77.99 81.27
77.7 80.88
77.44 80.5
77.22 80.15
77.03 79.81
76.86 79.5
76.7 79.19
76.53 78.89
76.34 78.58
76.12 78.27
75.9 77.95
75.68 77.64
75.47 77.35
75.29 77.08
75.14 76.84
75.0 76.62
74.85 76.4
74.68 76.18
74.47 75.95
74.24 75.71
73.99 75.46
73.73 75.21
73.47 74.97
73.24 74.75
73.05 74.55
72.89 74.38
72.78 74.24
72.79 74.19
72.88 74.19
73.03 74.22
