79.0 79.74
80.82 80.7
83.78 82.28
87.95 84.5
93.16 87.3
99.01 90.47
105.06 93.76
110.77 96.9
115.71 99.64
119.58 101.82
122.23 103.4
123.65 104.41
124.0 104.96
123.48 105.22
122.37 105.35
120.93 105.47
119.35 105.7
117.78 106.09
116.32 106.65
115.02 107.33
113.89 108.1
112.94 108.88
112.16 109.61
111.53 110.24
111.03 110.76
110.62 111.14
110.27 111.41
109.95 111.58
109.61 111.64
109.2 111.59
108.68 111.41
107.95 111.07
106.96 110.54
105.69 109.8
104.15 108.86
102.43 107.78
100.67 106.62
98.99 105.46
97.51 104.39
96.31 103.46
95.45 102.7
94.93 102.11
94.75 101.7
94.89 101.42
95.28 101.24
95.86 101.13
96.52 101.05
97.22 100.95
97.85 100.82
98.36 100.62
98.71 100.34
98.88 99.99
98.83 99.57
98.59 99.1
98.17 98.6
97.6 98.08
96.92 97.56
96.16 97.04
95.39 96.55
94.62 96.08
93.9 95.65
93.22 95.25
92.57 94.87
91.96 94.51
91.38 94.15
90.83 93.79
90.3 93.41
89.8 93.04
89.33 92.66
88.91 92.29
88.53 91.93
88.2 91.58
87.9 91.23
87.62 90.88
87.32 90.51
86.99 90.11
86.62 89.7
86.23 89.26
85.84 88.83
85.49 88.4
85.18 88.01
84.94 87.65
84.75 87.33
84.6 87.04
84.47 86.77
84.35 86.52
84.22 86.26
84.08 86.01
83.94 85.76
83.79 85.51
83.64 85.26
83.51 85.03
83.39 84.82
83.28 84.62
83.18 84.44
83.07 84.26
82.95 84.08
82.79 83.9
82.6 83.71
82.4 83.51
82.16 83.3
81.92 83.07
81.65 82.84
81.38 82.61
81.08 82.37
80.77 82.13
80.44 81.88
80.13 81.64
79.83 81.41
79.56 81.2
79.33 81.0
79.14 80.82
79.0 80.65
78.87 80.49
78.76 80.34
78.67 80.21
78.69 80.15
78.8 80.08
78.74 79.97
78.91 79.91
78.82 79.65
