103.99 106.45
108.21 108.79
115.91 112.89
127.22 118.83
141.24 126.2
156.07 134.16
169.78 141.74
181.0 148.06
189.11 152.69
194.22 155.64
196.98 157.29
198.0 158.17
197.64 158.77
196.32 159.42
194.46 160.31
192.41 161.5
190.43 163.01
188.63 164.81
187.06 166.86
185.7 169.08
184.5 171.32
183.42 173.39
182.46 175.12
181.57 176.43
180.7 177.31
179.83 177.86
178.96 178.23
178.06 178.52
177.12 178.76
176.11 178.92
174.95 178.87
173.51 178.49
171.65 177.69
169.24 176.4
166.22 174.67
162.74 172.59
159.09 170.31
155.57 168.01
152.52 165.89
150.15 164.09
148.54 162.67
147.61 161.6
147.19 160.8
147.1 160.11
147.15 159.42
147.18 158.64
147.09 157.71
146.86 156.64
146.48 155.45
145.98 154.2
145.4 152.94
144.79 151.7
144.16 150.52
143.52 149.43
142.86 148.43
142.14 147.48
141.32 146.56
140.37 145.61
139.31 144.62
138.16 143.57
136.94 142.48
135.7 141.38
134.48 140.29
133.29 139.25
132.15 138.26
131.07 137.34
130.08 136.47
129.14 135.64
128.24 134.83
127.35 134.02
126.46 133.17
125.53 132.29
124.57 131.37
123.58 130.42
122.62 129.45
121.7 128.49
120.83 127.57
120.05 126.7
119.38 125.89
118.81 125.14
118.35 124.45
117.99 123.82
117.69 123.21
117.43 122.63
117.19 122.07
116.93 121.5
116.66 120.94
116.37 120.38
116.06 119.81
115.71 119.25
115.35 118.71
114.99 118.18
114.64 117.68
114.28 117.2
113.93 116.75
113.58 116.32
113.22 115.9
112.86 115.5
112.49 115.09
112.13 114.7
111.77 114.32
111.43 113.96
111.11 113.62
110.82 113.3
110.51 112.96
110.17 112.62
109.8 112.25
109.38 111.85
108.94 111.44
108.47 111.02
107.99 110.6
107.51 110.17
107.03 109.75
106.53 109.34
106.06 108.93
105.63 108.55
105.33 108.26
105.2 108.02
104.85 107.63
104.35 107.17
104.31 107.05
104.21 106.73
