60.99 62.67
63.54 64.03
67.71 66.26
73.55 69.39
80.76 73.27
88.77 77.61
96.92 82.06
104.63 86.27
111.42 89.98
116.94 92.99
120.95 95.24
123.3 96.74
124.0 97.55
123.15 97.77
120.97 97.53
117.77 97.0
113.88 96.33
109.65 95.67
105.37 95.13
101.26 94.77
97.49 94.58
94.12 94.51
91.2 94.48
88.73 94.43
86.67 94.31
85.01 94.1
83.71 93.84
82.74 93.51
82.04 93.13
81.51 92.66
81.07 92.08
80.58 91.34
79.96 90.42
79.15 89.32
78.19 88.08
77.16 86.78
76.19 85.47
75.39 84.26
74.85 83.18
74.57 82.27
74.54 81.53
74.71 80.93
75.01 80.45
75.42 80.05
75.89 79.72
76.41 79.45
76.94 79.21
77.43 79.0
77.85 78.79
78.15 78.56
78.3 78.31
78.27 78.02
78.06 77.69
77.68 77.33
77.15 76.94
76.49 76.53
75.73 76.11
74.89 75.66
74.0 75.19
73.08 74.7
72.15 74.21
71.24 73.73
70.38 73.26
69.58 72.82
68.86 72.39
68.2 71.98
67.61 71.57
67.09 71.16
66.61 70.75
66.17 70.33
65.77 69.9
65.39 69.47
65.05 69.03
64.73 68.59
64.44 68.16
64.18 67.74
63.93 67.33
63.7 66.92
63.49 66.53
63.27 66.14
63.05 65.75
62.8 65.36
62.52 64.96
62.2 64.55
61.82 64.12
61.41 63.69
60.98 63.26
60.54 62.86
60.17 62.54
60.03 62.4
60.16 62.44
60.48 62.64
