71.99 72.91
73.25 73.63
75.22 74.75
77.98 76.3
81.47 78.23
85.5 80.44
89.82 82.79
94.15 85.12
98.21 87.29
101.76 89.2
104.64 90.77
106.76 92.02
108.14 92.97
108.84 93.69
109.0 94.26
108.71 94.73
108.12 95.18
107.31 95.63
106.34 96.09
105.25 96.55
104.07 96.99
102.85 97.37
101.61 97.67
100.38 97.89
99.19 98.02
98.04 98.04
96.9 97.96
95.74 97.76
94.52 97.44
93.22 96.98
91.82 96.38
90.35 95.67
88.84 94.85
87.35 93.97
85.92 93.05
84.6 92.13
83.42 91.23
82.42 90.38
81.61 89.58
81.0 88.84
80.59 88.18
80.37 87.59
80.33 87.07
80.45 86.62
80.7 86.23
81.05 85.88
81.44 85.55
81.83 85.23
82.17 84.91
82.45 84.58
82.64 84.24
82.74 83.9
82.75 83.55
82.66 83.21
82.49 82.87
82.24 82.54
81.93 82.22
81.57 81.91
81.19 81.63
80.79 81.36
80.37 81.09
79.93 80.83
79.47 80.55
78.99 80.27
78.51 79.97
78.03 79.68
77.57 79.39
77.14 79.11
76.76 78.85
76.42 78.6
76.14 78.38
75.89 78.15
75.66 77.93
75.45 77.7
75.23 77.45
74.99 77.19
74.76 76.91
74.54 76.63
74.33 76.36
74.15 76.09
74.0 75.84
73.85 75.59
73.69 75.34
73.51 75.08
73.3 74.82
73.05 74.54
72.77 74.26
72.47 73.97
72.16 73.69
71.86 73.41
71.57 73.15
71.31 72.92
71.09 72.7
70.93 72.52
70.85 72.37
70.83 72.28
70.87 72.27
71.12 72.33
71.51 72.5
