79.0 79.07
80.92 80.15
84.17 81.93
89.04 84.51
95.23 87.8
102.13 91.55
109.05 95.35
115.17 98.76
119.78 101.44
122.68 103.21
124.0 104.12
123.95 104.35
122.9 104.16
121.17 103.83
119.1 103.55
116.97 103.46
114.97 103.61
113.22 104.02
111.79 104.66
110.7 105.48
109.91 106.42
109.38 107.38
109.05 108.27
108.88 109.01
108.82 109.56
108.8 109.92
108.78 110.11
108.67 110.15
108.4 110.07
107.88 109.84
107.03 109.44
105.8 108.81
104.23 107.96
102.42 106.92
100.51 105.76
98.66 104.58
97.05 103.49
95.78 102.56
94.87 101.81
94.33 101.24
94.09 100.82
94.1 100.5
94.28 100.24
94.54 99.99
94.85 99.73
95.15 99.43
95.38 99.08
95.53 98.69
95.58 98.25
95.51 97.77
95.33 97.27
95.07 96.77
94.73 96.29
94.34 95.83
93.91 95.38
93.41 94.95
92.84 94.5
92.23 94.04
91.59 93.56
90.93 93.07
90.3 92.6
89.73 92.16
89.19 91.75
88.69 91.37
88.23 91.0
87.76 90.63
87.27 90.25
86.77 89.84
86.27 89.42
85.76 88.98
85.27 88.53
84.79 88.09
84.33 87.63
83.86 87.17
83.4 86.71
82.95 86.25
82.52 85.78
82.09 85.33
81.68 84.88
81.29 84.45
80.92 84.04
80.63 83.65
80.41 83.3
80.25 82.98
80.13 82.7
80.03 82.43
79.92 82.16
79.78 81.89
79.61 81.6
79.43 81.31
79.26 81.01
79.08 80.72
78.91 80.45
78.75 80.2
78.6 79.97
78.44 79.75
78.3 79.55
78.17 79.37
78.05 79.2
77.95 79.04
77.84 78.88
77.72 78.72
77.59 78.55
77.44 78.37
77.28 78.18
77.11 78.0
76.95 77.83
76.78 77.68
76.63 77.54
76.49 77.43
76.43 77.35
76.51 77.36
76.64 77.42
76.47 77.39
76.33 77.22
76.3 77.08
76.47 77.01
