81.0 82.86
82.68 83.71
85.32 85.08
88.96 87.0
93.5 89.41
98.66 92.15
104.1 95.05
109.46 97.9
114.4 100.54
118.65 102.83
122.04 104.71
124.49 106.18
126.05 107.3
126.83 108.16
127.0 108.86
126.69 109.5
126.07 110.14
125.25 110.82
124.3 111.56
123.27 112.32
122.19 113.07
121.09 113.78
119.98 114.39
118.86 114.88
117.75 115.24
116.65 115.47
115.57 115.57
114.47 115.55
113.36 115.41
112.19 115.13
110.91 114.72
109.5 114.15
107.97 113.43
106.33 112.56
104.63 111.57
102.91 110.49
101.26 109.38
99.74 108.26
98.39 107.19
97.24 106.18
96.31 105.25
95.6 104.41
95.1 103.64
94.77 102.93
94.61 102.29
94.58 101.69
94.66 101.14
94.8 100.61
94.99 100.11
95.18 99.63
95.35 99.15
95.46 98.68
95.49 98.2
95.43 97.73
95.29 97.26
95.07 96.79
94.78 96.32
94.42 95.87
94.01 95.42
93.56 94.98
93.06 94.55
92.53 94.14
92.0 93.73
91.46 93.33
90.93 92.95
90.41 92.58
89.91 92.21
89.41 91.85
88.9 91.47
88.38 91.08
87.86 90.67
87.32 90.25
86.78 89.82
86.25 89.39
85.73 88.95
85.24 88.52
84.79 88.1
84.36 87.68
83.96 87.27
83.6 86.87
83.25 86.47
82.91 86.07
82.59 85.67
82.27 85.27
81.91 84.84
81.52 84.4
81.11 83.96
80.73 83.55
80.44 83.2
80.36 83.0
80.44 82.87
80.56 82.83
