74.0 74.69
75.82 75.69
78.8 77.29
82.95 79.52
88.06 82.29
93.79 85.43
99.76 88.74
105.66 92.01
111.17 95.05
115.99 97.73
119.83 99.95
122.49 101.64
123.86 102.8
124.0 103.45
123.07 103.69
121.32 103.65
119.0 103.46
116.35 103.24
113.57 103.11
110.86 103.09
108.35 103.21
106.12 103.42
104.23 103.7
102.7 104.01
101.52 104.31
100.68 104.6
100.14 104.87
99.87 105.11
99.82 105.3
99.91 105.42
100.08 105.44
100.21 105.34
100.23 105.11
100.09 104.74
99.75 104.23
99.19 103.57
98.44 102.79
97.56 101.93
96.65 101.04
95.78 100.19
95.04 99.42
94.51 98.77
94.17 98.27
94.02 97.9
94.07 97.66
94.29 97.52
94.65 97.46
95.13 97.46
95.68 97.5
96.24 97.54
96.76 97.57
97.18 97.57
97.48 97.51
97.63 97.4
97.61 97.22
97.43 97.0
97.12 96.74
96.68 96.45
96.15 96.14
95.54 95.82
94.88 95.49
94.18 95.14
93.45 94.78
92.71 94.4
91.96 94.02
91.23 93.63
90.52 93.25
89.85 92.86
89.24 92.48
88.7 92.1
88.2 91.73
87.74 91.36
87.31 90.99
86.9 90.6
86.49 90.21
86.09 89.8
85.71 89.39
85.35 88.97
85.02 88.55
84.72 88.14
84.45 87.74
84.19 87.35
83.95 86.98
83.72 86.62
83.51 86.27
83.32 85.94
83.14 85.62
82.98 85.32
82.83 85.03
82.68 84.75
82.51 84.48
82.34 84.2
82.15 83.93
81.94 83.66
81.72 83.39
81.51 83.14
81.31 82.9
81.13 82.69
80.96 82.49
80.81 82.3
80.66 82.12
80.5 81.94
80.34 81.75
80.18 81.57
80.01 81.38
79.83 81.19
79.65 80.99
79.46 80.8
79.27 80.62
79.1 80.44
78.96 80.27
78.83 80.12
78.73 79.99
78.64 79.86
78.54 79.74
78.44 79.61
78.34 79.48
78.23 79.33
78.1 79.18
77.98 79.04
77.86 78.9
77.76 78.78
77.69 78.67
77.64 78.58
77.58 78.48
77.51 78.37
77.41 78.26
77.29 78.13
77.22 78.01
77.11 77.89
76.94 77.7
76.77 77.51
76.57 77.32
76.31 77.12
76.09 76.93
75.95 76.85
75.92 76.85
75.98 76.93
76.03 77.05
76.23 77.11
76.52 77.26
76.69 77.31
