79.99 81.83
81.73 82.78
84.56 84.34
88.51 86.49
93.39 89.14
98.85 92.08
104.45 95.09
109.81 97.94
114.64 100.48
118.73 102.63
121.95 104.38
124.31 105.77
125.85 106.88
126.7 107.81
127.0 108.63
126.89 109.42
126.5 110.24
125.92 111.12
125.25 112.05
124.52 113.01
123.76 113.97
123.0 114.88
122.23 115.69
121.47 116.37
120.71 116.91
119.94 117.32
119.15 117.61
118.31 117.77
117.4 117.79
116.39 117.67
115.23 117.38
113.9 116.89
112.35 116.21
110.58 115.32
108.62 114.27
106.57 113.09
104.5 111.84
102.53 110.6
100.77 109.41
99.27 108.32
98.06 107.34
97.15 106.48
96.52 105.73
96.13 105.06
95.96 104.45
95.95 103.88
96.06 103.34
96.26 102.82
96.48 102.3
96.69 101.76
96.85 101.21
96.91 100.64
96.88 100.05
96.73 99.45
96.47 98.84
96.09 98.23
95.63 97.63
95.09 97.04
94.52 96.46
93.91 95.91
93.29 95.38
92.67 94.86
92.03 94.36
91.37 93.86
90.72 93.38
90.07 92.89
89.43 92.42
88.81 91.95
88.21 91.48
87.64 91.02
87.08 90.56
86.55 90.1
86.05 89.64
85.56 89.18
85.09 88.72
84.65 88.26
84.22 87.8
83.82 87.35
83.44 86.91
83.09 86.47
82.76 86.04
82.45 85.62
82.13 85.19
81.79 84.76
81.44 84.32
81.08 83.89
80.73 83.47
80.42 83.08
80.15 82.72
79.95 82.42
79.78 82.11
79.56 81.81
79.34 81.59
79.18 81.36
79.0 81.12
