72.0 74.11
75.85 76.23
81.8 79.54
90.1 84.12
100.67 89.93
113.13 96.71
126.71 104.03
140.26 111.3
152.56 117.91
162.52 123.35
169.44 127.29
173.17 129.7
174.0 130.8
172.48 130.98
169.3 130.68
165.1 130.3
160.4 130.11
155.59 130.25
150.92 130.72
146.54 131.46
142.5 132.35
138.82 133.24
135.46 134.02
132.4 134.57
129.59 134.82
127.0 134.73
124.59 134.3
122.29 133.55
120.03 132.54
117.73 131.31
115.34 129.89
112.88 128.3
110.39 126.58
107.95 124.75
105.68 122.86
103.67 120.94
101.97 119.07
100.62 117.28
99.63 115.61
98.96 114.08
98.58 112.68
98.44 111.39
98.46 110.2
98.57 109.09
98.73 108.03
98.87 107.01
98.94 106.01
98.93 105.03
98.82 104.07
98.56 103.11
98.16 102.17
97.63 101.24
96.96 100.34
96.17 99.45
95.3 98.57
94.37 97.72
93.41 96.89
92.43 96.08
91.46 95.31
90.51 94.56
89.57 93.83
88.64 93.11
87.72 92.4
86.8 91.68
85.89 90.95
84.97 90.2
84.05 89.44
83.14 88.67
82.24 87.89
81.38 87.12
80.59 86.37
79.87 85.65
79.23 84.95
78.64 84.27
78.07 83.59
77.49 82.91
76.92 82.22
76.36 81.53
75.83 80.85
75.34 80.18
74.85 79.53
74.37 78.89
73.89 78.26
73.4 77.63
72.9 76.99
72.35 76.35
71.76 75.7
71.14 75.05
70.49 74.4
69.89 73.83
69.51 73.4
69.6 73.26
70.18 73.38
71.13 73.92
73.13 74.99
