70.0 71.29
71.5 72.12
73.84 73.4
77.03 75.14
80.95 77.28
85.37 79.71
90.12 82.35
95.11 85.09
100.2 87.86
105.19 90.55
109.72 93.02
113.4 95.09
115.89 96.64
117.0 97.58
116.77 97.96
115.48 97.9
113.46 97.61
111.04 97.29
108.51 97.08
106.08 97.07
103.87 97.25
101.94 97.59
100.31 98.0
98.96 98.44
97.86 98.85
97.0 99.22
96.32 99.52
95.79 99.71
95.36 99.77
95.0 99.7
94.65 99.48
94.25 99.12
93.75 98.62
93.08 98.0
92.19 97.26
91.09 96.39
89.85 95.42
88.53 94.38
87.24 93.32
86.09 92.33
85.13 91.43
84.42 90.67
83.96 90.06
83.74 89.57
83.73 89.19
83.86 88.88
84.09 88.6
84.34 88.33
84.57 88.04
84.75 87.71
84.84 87.34
84.81 86.92
84.65 86.47
84.37 85.98
83.98 85.48
83.51 84.97
82.97 84.49
82.4 84.02
81.83 83.58
81.26 83.16
80.7 82.76
80.19 82.38
79.72 82.02
79.28 81.67
78.86 81.32
78.46 80.98
78.05 80.63
77.63 80.26
77.21 79.89
76.8 79.52
76.39 79.14
76.01 78.77
75.65 78.41
75.31 78.05
74.98 77.7
74.66 77.35
74.33 76.99
74.01 76.63
73.7 76.27
73.4 75.92
73.11 75.56
72.81 75.21
72.51 74.86
72.21 74.52
71.9 74.17
71.58 73.83
71.27 73.49
70.97 73.17
70.68 72.85
70.4 72.53
70.12 72.23
69.86 71.94
69.64 71.68
69.48 71.47
69.47 71.33
69.5 71.31
69.68 71.34
70.0 71.39
