67.0 67.49
69.61 68.98
73.82 71.34
79.78 74.64
87.32 78.78
95.94 83.52
105.01 88.5
113.8 93.31
121.54 97.58
127.65 101.0
131.78 103.43
133.85 104.88
134.0 105.48
132.53 105.43
129.82 104.97
126.22 104.33
122.11 103.68
117.8 103.17
113.57 102.86
109.61 102.76
106.06 102.85
103.0 103.07
100.46 103.35
98.43 103.62
96.87 103.83
95.71 103.93
94.9 103.93
94.39 103.83
94.11 103.65
93.99 103.4
93.98 103.08
94.01 102.69
93.98 102.17
93.8 101.5
93.39 100.64
92.69 99.59
91.71 98.38
90.55 97.06
89.35 95.74
88.26 94.5
87.41 93.44
86.87 92.59
86.66 91.98
86.77 91.6
87.18 91.42
87.86 91.4
88.75 91.52
89.78 91.72
90.86 91.96
91.92 92.19
92.86 92.38
93.61 92.49
94.13 92.49
94.38 92.4
94.34 92.2
94.02 91.91
93.45 91.56
92.68 91.16
91.76 90.74
90.77 90.3
89.75 89.87
88.72 89.45
87.72 89.03
86.77 88.63
85.85 88.24
84.99 87.85
84.19 87.46
83.45 87.07
82.79 86.67
82.19 86.27
81.66 85.86
81.17 85.45
80.73 85.02
80.3 84.57
79.89 84.11
79.49 83.63
79.09 83.14
78.7 82.64
78.31 82.14
77.92 81.63
77.53 81.12
77.15 80.61
76.75 80.1
76.35 79.59
75.97 79.1
75.59 78.63
75.24 78.18
74.9 77.76
74.58 77.35
74.28 76.95
73.97 76.57
73.68 76.2
73.39 75.83
73.1 75.47
72.83 75.13
72.58 74.81
72.33 74.49
72.09 74.2
71.87 73.91
71.65 73.63
71.43 73.35
71.23 73.08
71.04 72.83
70.85 72.58
70.67 72.34
70.5 72.1
70.34 71.88
70.2 71.67
70.05 71.46
69.9 71.25
69.74 71.05
69.58 70.85
69.39 70.64
69.2 70.44
69.01 70.23
68.82 70.02
68.63 69.83
68.46 69.63
68.29 69.45
68.14 69.27
67.98 69.1
67.8 68.93
67.64 68.77
67.48 68.6
67.31 68.43
67.14 68.26
66.96 68.08
66.77 67.9
66.59 67.72
66.42 67.53
66.25 67.36
66.09 67.18
65.94 67.02
65.77 66.85
65.59 66.69
65.43 66.55
65.31 66.46
65.37 66.45
65.48 66.39
65.2 66.16
64.93 65.93
64.67 65.67
64.32 65.41
63.94 65.28
64.05 65.32
