75.0 75.8
76.27 76.52
78.28 77.61
80.98 79.09
84.31 80.91
88.12 83.0
92.23 85.25
96.49 87.62
100.9 90.08
105.39 92.59
109.83 95.14
114.1 97.68
118.06 100.16
121.62 102.54
124.74 104.78
127.43 106.89
129.68 108.88
131.53 110.8
133.02 112.68
134.24 114.53
135.22 116.36
136.03 118.16
136.69 119.91
137.22 121.58
137.63 123.18
137.88 124.68
138.0 126.06
137.96 127.31
137.75 128.4
137.35 129.29
136.72 129.95
135.83 130.37
134.59 130.5
132.97 130.33
130.95 129.87
128.56 129.14
125.91 128.19
123.15 127.1
120.45 125.97
117.95 124.87
115.74 123.84
113.89 122.92
112.38 122.09
111.17 121.32
110.24 120.57
109.5 119.82
108.89 119.03
108.39 118.2
107.94 117.33
107.52 116.4
107.12 115.44
106.7 114.46
106.28 113.47
105.83 112.49
105.35 111.53
104.83 110.6
104.28 109.7
103.7 108.81
103.08 107.95
102.44 107.11
101.78 106.27
101.1 105.45
100.4 104.65
99.7 103.86
98.98 103.1
98.25 102.36
97.53 101.64
96.81 100.94
96.08 100.25
95.34 99.57
94.6 98.89
93.87 98.21
93.14 97.53
92.4 96.85
91.67 96.17
90.97 95.51
90.31 94.87
89.68 94.24
89.11 93.63
88.6 93.05
88.14 92.49
87.72 91.95
87.33 91.42
86.95 90.9
86.58 90.39
86.21 89.87
85.83 89.35
85.44 88.84
85.06 88.33
84.68 87.83
84.31 87.35
83.94 86.89
83.59 86.44
83.23 86.0
82.86 85.56
82.47 85.12
82.06 84.68
81.65 84.24
81.22 83.81
80.8 83.38
80.39 82.97
80.02 82.57
79.67 82.19
79.33 81.81
78.98 81.43
78.63 81.06
78.28 80.7
77.95 80.34
77.65 80.01
77.4 79.71
77.21 79.43
77.04 79.17
76.89 78.91
76.71 78.65
76.52 78.38
76.29 78.09
76.03 77.78
75.75 77.47
75.48 77.17
75.21 76.87
74.94 76.59
74.7 76.32
74.46 76.06
74.23 75.8
74.0 75.55
73.76 75.3
73.49 75.03
73.19 74.75
72.88 74.46
72.57 74.19
72.3 73.93
72.11 73.73
72.03 73.59
72.13 73.54
72.39 73.66
72.6 73.82
72.91 73.94
