63.0 63.89
65.78 65.33
70.37 67.73
76.82 71.13
84.8 75.38
93.6 80.17
102.42 85.05
110.59 89.63
117.6 93.57
123.07 96.68
126.78 98.91
128.71 100.33
129.0 101.08
127.88 101.33
125.69 101.27
122.8 101.07
119.53 100.9
116.19 100.88
113.01 101.1
110.2 101.59
107.88 102.32
106.07 103.2
104.77 104.14
103.92 105.03
103.45 105.84
103.29 106.52
103.36 107.08
103.56 107.53
103.8 107.85
104.0 108.04
104.11 108.08
104.03 107.93
103.71 107.58
103.09 107.02
102.13 106.23
100.84 105.24
99.31 104.08
97.65 102.83
95.97 101.56
94.41 100.35
93.08 99.28
92.03 98.38
91.33 97.69
91.01 97.22
91.05 96.92
91.38 96.78
91.95 96.74
92.65 96.74
93.35 96.73
93.99 96.67
94.49 96.54
94.79 96.3
94.87 95.98
94.74 95.57
94.41 95.09
93.89 94.57
93.21 94.0
92.38 93.39
91.45 92.77
90.46 92.13
89.44 91.5
88.43 90.9
87.48 90.32
86.58 89.78
85.71 89.26
84.9 88.76
84.12 88.26
83.4 87.76
82.73 87.25
82.13 86.75
81.62 86.26
81.17 85.78
80.78 85.32
80.43 84.85
80.09 84.39
79.74 83.91
79.37 83.42
78.99 82.92
78.61 82.4
78.21 81.88
77.81 81.37
77.43 80.85
77.05 80.35
76.66 79.86
76.28 79.38
75.91 78.92
75.52 78.47
75.15 78.03
74.78 77.62
74.43 77.21
74.06 76.8
73.69 76.4
73.29 75.99
72.89 75.58
72.51 75.18
72.14 74.79
71.8 74.41
71.48 74.06
71.18 73.72
70.91 73.41
70.67 73.11
70.46 72.82
70.25 72.53
70.04 72.25
69.81 71.95
69.54 71.64
69.24 71.31
68.91 70.97
68.55 70.61
68.16 70.25
67.78 69.89
67.43 69.55
67.1 69.23
66.79 68.93
66.49 68.63
66.21 68.34
65.92 68.04
65.63 67.75
65.34 67.46
65.07 67.17
64.81 66.9
64.57 66.63
64.34 66.37
64.12 66.11
63.9 65.84
63.67 65.58
63.43 65.31
63.18 65.04
62.97 64.8
62.89 64.62
62.8 64.44
62.54 64.08
62.41 63.78
62.12 63.38
61.38 62.56
60.66 61.76
60.1 61.14
59.41 60.46
58.97 59.94
58.82 59.78
