65.0 71.95
70.31 74.77
79.74 79.77
93.36 86.99
110.42 95.93
128.94 105.61
146.57 114.92
161.64 122.85
173.1 128.73
180.46 132.4
183.89 134.1
184.0 134.36
181.53 133.77
177.3 132.91
172.1 132.2
166.58 131.89
161.22 132.15
156.37 133.0
152.13 134.36
148.47 136.06
145.28 137.82
142.37 139.34
139.51 140.32
136.48 140.56
133.12 139.99
129.3 138.67
124.97 136.75
120.22 134.44
115.27 131.92
110.41 129.36
105.92 126.89
102.08 124.61
99.06 122.57
96.91 120.8
95.66 119.29
95.21 118.01
95.45 116.9
96.23 115.89
97.38 114.91
98.67 113.9
99.94 112.82
101.01 111.64
101.76 110.33
102.09 108.89
101.93 107.34
101.31 105.71
100.28 104.06
98.94 102.42
97.37 100.86
95.72 99.4
94.04 98.06
92.38 96.81
90.73 95.64
89.11 94.52
87.52 93.42
85.99 92.35
84.53 91.29
83.18 90.28
81.99 89.33
80.96 88.45
80.08 87.63
79.32 86.85
78.65 86.09
77.98 85.29
77.24 84.44
76.41 83.5
75.46 82.48
74.4 81.37
73.25 80.21
72.05 79.0
70.79 77.76
69.5 76.51
68.18 75.26
66.83 74.03
65.48 72.82
64.17 71.67
62.99 70.66
62.22 69.95
62.23 69.75
62.61 69.76
