42.99 49.02
46.79 50.94
53.12 54.28
62.0 59.01
73.02 64.87
85.4 71.43
98.19 78.16
110.48 84.56
121.42 90.18
130.36 94.78
137.02 98.27
141.35 100.75
143.56 102.4
143.99 103.49
143.0 104.26
140.9 104.92
138.05 105.61
134.75 106.42
131.23 107.38
127.72 108.46
124.36 109.6
121.22 110.7
118.3 111.68
115.63 112.44
113.14 112.95
110.79 113.18
108.54 113.15
106.38 112.88
104.25 112.38
102.04 111.62
99.68 110.59
97.12 109.25
94.28 107.59
91.23 105.64
88.1 103.47
85.0 101.18
82.05 98.86
79.36 96.59
76.98 94.42
74.91 92.38
73.21 90.49
71.94 88.76
71.12 87.23
70.73 85.91
70.79 84.79
71.21 83.86
71.87 83.07
72.67 82.35
73.47 81.64
74.14 80.9
74.62 80.11
74.87 79.26
74.85 78.35
74.58 77.41
74.11 76.45
73.44 75.49
72.58 74.53
71.57 73.58
70.45 72.65
69.22 71.73
67.89 70.82
66.51 69.93
65.12 69.04
63.72 68.16
62.37 67.28
61.08 66.42
59.85 65.57
58.66 64.72
57.51 63.87
56.37 63.01
55.22 62.11
54.08 61.18
52.92 60.22
51.8 59.25
50.74 58.27
49.77 57.31
48.9 56.37
48.09 55.44
47.28 54.5
46.41 53.52
45.45 52.49
44.44 51.46
43.59 50.54
43.03 49.79
43.07 49.43
43.59 49.25
44.56 49.32
