67.0 68.97
69.09 70.12
72.43 71.97
77.14 74.55
83.1 77.8
90.0 81.54
97.35 85.48
104.51 89.3
110.94 92.69
116.14 95.45
119.88 97.48
122.12 98.82
123.0 99.59
122.74 99.96
121.62 100.14
119.91 100.26
117.83 100.43
115.57 100.7
113.3 101.1
111.11 101.6
109.08 102.17
107.2 102.73
105.45 103.2
103.76 103.5
102.06 103.56
100.26 103.32
98.28 102.77
96.07 101.93
93.67 100.84
91.13 99.57
88.55 98.2
86.06 96.79
83.77 95.41
81.76 94.09
80.06 92.83
78.69 91.65
77.63 90.55
76.89 89.5
76.42 88.53
76.18 87.6
76.14 86.73
76.24 85.89
76.42 85.08
76.64 84.29
76.86 83.52
77.05 82.76
77.15 82.02
77.16 81.3
77.06 80.59
76.83 79.88
76.49 79.18
76.03 78.49
75.5 77.8
74.9 77.13
74.27 76.5
73.65 75.91
73.05 75.37
72.48 74.89
71.96 74.45
71.47 74.05
71.0 73.67
70.55 73.31
70.12 72.94
69.7 72.58
69.3 72.21
68.92 71.85
68.55 71.48
68.19 71.11
67.83 70.74
67.47 70.36
67.1 69.98
66.77 69.62
66.5 69.32
66.42 69.15
66.7 69.12
66.91 69.42
