73.99 78.75
77.31 80.33
82.91 83.13
90.72 87.12
100.24 92.05
110.58 97.5
120.93 103.03
130.74 108.28
139.69 113.05
147.68 117.31
154.69 121.12
160.65 124.56
165.37 127.64
168.69 130.34
170.56 132.61
170.99 134.45
170.17 135.92
168.42 137.15
166.1 138.27
163.42 139.37
160.59 140.46
157.68 141.49
154.74 142.38
151.78 143.07
148.86 143.53
146.0 143.78
143.23 143.86
140.51 143.75
137.82 143.45
135.05 142.87
132.19 141.97
129.16 140.72
126.0 139.14
122.77 137.29
119.51 135.24
116.25 133.07
113.12 130.84
110.2 128.6
107.56 126.4
105.3 124.27
103.46 122.26
102.01 120.38
100.92 118.64
100.12 117.01
99.53 115.47
99.11 113.99
98.81 112.54
98.54 111.1
98.29 109.69
98.05 108.32
97.8 107.01
97.52 105.76
97.22 104.58
96.87 103.47
96.42 102.41
95.9 101.37
95.28 100.35
94.58 99.36
93.85 98.39
93.12 97.45
92.37 96.57
91.61 95.72
90.84 94.92
90.07 94.16
89.25 93.42
88.44 92.7
87.63 92.0
86.81 91.29
85.96 90.56
85.06 89.81
84.11 89.02
83.12 88.19
82.09 87.34
81.07 86.49
80.13 85.66
79.24 84.88
78.46 84.13
77.75 83.41
77.05 82.7
76.33 81.96
75.56 81.18
74.73 80.36
73.86 79.54
73.09 78.81
72.71 78.35
73.04 78.64
73.54 79.12
