79.0 81.26
81.29 82.54
84.94 84.58
89.92 87.39
96.19 90.88
103.51 94.83
111.23 98.94
118.66 102.87
125.28 106.28
130.48 108.94
133.88 110.77
135.59 111.84
136.0 112.36
135.48 112.59
134.33 112.74
132.75 112.96
130.87 113.29
128.75 113.71
126.44 114.15
123.96 114.51
121.32 114.73
118.56 114.76
115.71 114.56
112.78 114.13
109.81 113.45
106.83 112.54
103.87 111.45
100.96 110.22
98.17 108.91
95.57 107.58
93.19 106.29
91.1 105.04
89.32 103.82
87.84 102.62
86.65 101.41
85.72 100.19
85.03 98.98
84.58 97.81
84.37 96.71
84.36 95.69
84.53 94.76
84.84 93.91
85.26 93.14
85.72 92.43
86.19 91.76
86.63 91.14
87.01 90.56
87.3 90.0
87.47 89.46
87.52 88.95
87.45 88.44
87.25 87.95
86.96 87.48
86.6 87.04
86.2 86.64
85.82 86.29
85.45 86.0
85.12 85.76
84.81 85.56
84.51 85.37
84.19 85.18
83.82 84.95
83.38 84.69
82.88 84.39
82.35 84.07
81.82 83.74
81.32 83.41
80.88 83.11
80.5 82.83
80.16 82.57
79.84 82.3
79.51 82.01
79.18 81.73
78.89 81.48
78.78 81.34
78.7 81.32
78.48 81.23
78.53 81.26
