60.0 60.43
61.29 61.17
63.22 62.27
65.8 63.73
69.01 65.54
72.8 67.67
77.04 70.05
81.56 72.58
86.15 75.15
90.56 77.64
94.55 79.93
97.92 81.93
100.55 83.6
102.41 84.95
103.53 86.02
104.0 86.86
103.91 87.56
103.4 88.18
102.58 88.77
101.54 89.33
100.36 89.89
99.11 90.44
97.85 90.95
96.61 91.42
95.42 91.83
94.3 92.17
93.25 92.44
92.27 92.61
91.35 92.68
90.45 92.66
89.56 92.51
88.64 92.26
87.68 91.88
86.64 91.37
85.53 90.74
84.35 90.0
83.13 89.17
81.9 88.28
80.7 87.35
79.59 86.44
78.6 85.56
77.77 84.75
77.11 84.01
76.63 83.36
76.31 82.77
76.15 82.25
76.1 81.77
76.11 81.31
76.17 80.86
76.23 80.4
76.26 79.95
76.24 79.48
76.18 79.03
76.07 78.58
75.95 78.16
75.81 77.78
75.68 77.43
75.55 77.13
75.44 76.86
75.33 76.62
75.21 76.4
75.07 76.18
74.92 75.96
74.72 75.73
74.5 75.5
74.26 75.26
73.99 75.02
73.68 74.77
73.37 74.52
73.04 74.27
72.69 74.02
72.35 73.78
72.01 73.54
71.67 73.3
71.35 73.05
71.03 72.81
70.7 72.54
70.36 72.26
69.99 71.96
69.6 71.64
69.19 71.3
68.76 70.94
68.3 70.57
67.84 70.19
67.37 69.81
66.91 69.43
66.48 69.07
66.11 68.73
65.8 68.42
65.56 68.14
65.39 67.89
65.27 67.66
65.16 67.43
65.03 67.19
64.88 66.93
64.67 66.64
64.4 66.32
64.09 65.99
63.77 65.65
63.44 65.33
63.14 65.02
62.9 64.76
62.72 64.54
62.61 64.35
62.56 64.2
62.54 64.07
62.52 63.94
62.51 63.82
62.5 63.68
62.47 63.54
62.43 63.4
62.38 63.25
62.3 63.1
62.2 62.94
62.07 62.78
61.91 62.61
61.72 62.44
61.51 62.27
61.28 62.11
61.06 61.95
60.86 61.82
60.7 61.7
60.6 61.6
60.54 61.51
60.48 61.42
60.42 61.32
60.33 61.19
60.2 61.06
60.07 60.93
60.01 60.87
60.08 60.89
60.11 60.9
60.35 61.23
