66.0 68.12
68.63 69.51
72.81 71.75
78.6 74.88
85.8 78.77
94.04 83.23
102.79 87.97
111.56 92.69
119.77 97.11
126.89 100.98
132.56 104.18
136.6 106.65
139.02 108.44
140.0 109.69
139.78 110.55
138.63 111.17
136.74 111.67
134.31 112.12
131.45 112.55
128.31 112.93
124.97 113.23
121.51 113.41
118.0 113.42
114.5 113.23
111.03 112.83
107.62 112.22
104.3 111.4
101.04 110.38
97.83 109.17
94.68 107.79
91.64 106.27
88.77 104.66
86.15 103.0
83.87 101.34
81.95 99.71
80.41 98.13
79.24 96.61
78.38 95.16
77.8 93.77
77.46 92.45
77.32 91.19
77.34 89.99
77.51 88.85
77.79 87.78
78.16 86.79
78.59 85.88
79.02 85.05
79.41 84.29
79.73 83.6
79.98 82.96
80.15 82.38
80.24 81.84
80.24 81.35
80.15 80.89
79.98 80.47
79.74 80.08
79.46 79.71
79.14 79.38
78.78 79.06
78.36 78.75
77.86 78.43
77.29 78.1
76.67 77.74
76.02 77.37
75.35 77.0
74.67 76.62
74.0 76.24
73.34 75.87
72.71 75.48
72.11 75.09
71.56 74.7
71.09 74.32
70.69 73.96
70.36 73.62
70.08 73.3
69.81 72.97
69.51 72.63
69.16 72.24
68.8 71.81
68.4 71.36
67.99 70.89
67.6 70.43
67.21 69.98
66.81 69.54
66.4 69.1
65.95 68.65
65.47 68.2
64.97 67.74
64.48 67.3
64.09 66.92
63.84 66.7
63.92 66.71
64.21 66.86
