77.0 79.13
78.2 79.77
80.16 80.84
82.88 82.3
86.23 84.09
90.0 86.1
93.98 88.2
97.97 90.29
101.83 92.31
105.45 94.21
108.72 95.97
111.55 97.56
113.86 98.97
115.62 100.21
116.84 101.28
117.58 102.24
117.94 103.13
118.0 103.99
117.85 104.86
117.55 105.73
117.16 106.6
116.69 107.42
116.16 108.18
115.58 108.85
114.95 109.42
114.27 109.89
113.54 110.26
112.76 110.52
111.89 110.64
110.89 110.59
109.71 110.34
108.31 109.88
106.68 109.23
104.89 108.44
103.02 107.55
101.2 106.63
99.51 105.73
98.02 104.88
96.76 104.09
95.72 103.36
94.89 102.68
94.23 102.02
93.73 101.37
93.34 100.73
93.03 100.08
92.78 99.42
92.55 98.74
92.33 98.06
92.1 97.36
91.85 96.66
91.56 95.97
91.24 95.29
90.89 94.64
90.51 94.01
90.1 93.4
89.67 92.8
89.21 92.21
88.73 91.63
88.23 91.06
87.71 90.5
87.19 89.96
86.66 89.43
86.13 88.91
85.59 88.41
85.07 87.93
84.56 87.45
84.06 86.99
83.57 86.54
83.1 86.08
82.62 85.64
82.15 85.19
81.69 84.74
81.24 84.3
80.8 83.85
80.37 83.41
79.96 82.97
79.55 82.53
79.13 82.08
78.71 81.64
78.3 81.19
77.89 80.75
77.48 80.32
77.09 79.89
76.71 79.48
76.36 79.08
76.04 78.71
75.79 78.39
75.57 78.18
75.5 77.99
75.46 77.85
