60.0 62.76
62.18 63.94
65.72 65.87
70.72 68.57
76.99 71.94
84.14 75.76
91.62 79.73
98.9 83.58
105.51 87.06
111.13 90.03
115.62 92.47
118.96 94.41
121.22 95.96
122.51 97.22
123.0 98.3
122.83 99.28
122.14 100.22
121.06 101.15
119.68 102.07
118.09 102.97
116.33 103.81
114.45 104.53
112.51 105.11
110.52 105.5
108.48 105.69
106.42 105.68
104.35 105.49
102.27 105.14
100.19 104.65
98.11 104.02
96.03 103.24
93.91 102.31
91.75 101.21
89.54 99.93
87.29 98.5
85.03 96.95
82.82 95.31
80.7 93.63
78.73 91.94
76.94 90.29
75.34 88.69
73.95 87.17
72.81 85.73
71.89 84.38
71.19 83.14
70.72 82.0
70.43 80.95
70.31 80.01
70.34 79.15
70.49 78.36
70.71 77.65
70.98 76.99
71.26 76.38
71.54 75.82
71.8 75.31
72.04 74.84
72.23 74.41
72.37 74.01
72.45 73.65
72.47 73.31
72.44 73.0
72.36 72.72
72.23 72.46
72.06 72.21
71.82 71.96
71.52 71.72
71.17 71.48
70.81 71.24
70.4 71.0
69.96 70.75
69.51 70.5
69.04 70.23
68.54 69.96
68.03 69.67
67.52 69.36
67.0 69.04
66.47 68.7
65.93 68.34
65.39 67.97
64.84 67.56
64.28 67.14
63.71 66.69
63.12 66.22
62.52 65.74
61.93 65.25
61.36 64.75
60.8 64.27
60.29 63.8
59.82 63.35
59.43 62.95
59.18 62.66
59.24 62.55
59.68 62.76
60.6 63.24
