71.0 72.99
72.99 74.07
76.32 75.87
81.02 78.4
86.88 81.53
93.42 85.04
100.07 88.59
106.27 91.87
111.55 94.65
115.58 96.77
118.27 98.24
119.67 99.14
120.0 99.64
119.54 99.93
118.58 100.17
117.34 100.49
115.98 100.95
114.59 101.57
113.25 102.31
111.98 103.13
110.79 103.96
109.67 104.72
108.61 105.36
107.59 105.82
106.58 106.09
105.57 106.19
104.55 106.13
103.5 105.94
102.41 105.64
101.25 105.23
99.97 104.69
98.56 103.99
96.97 103.13
95.21 102.1
93.35 100.93
91.49 99.68
89.71 98.4
88.1 97.16
86.74 96.02
85.65 94.98
84.83 94.07
84.26 93.27
83.94 92.56
83.83 91.94
83.88 91.38
84.04 90.85
84.27 90.35
84.51 89.86
84.72 89.37
84.9 88.86
85.01 88.35
85.04 87.83
84.98 87.31
84.82 86.8
84.57 86.29
84.23 85.8
83.83 85.32
83.38 84.85
82.91 84.4
82.41 83.96
81.92 83.55
81.42 83.16
80.92 82.78
80.41 82.41
79.91 82.04
79.41 81.68
78.91 81.32
78.42 80.96
77.96 80.59
77.5 80.23
77.05 79.86
76.63 79.49
76.23 79.13
75.85 78.76
75.49 78.4
75.15 78.04
74.81 77.67
74.46 77.29
74.1 76.9
73.73 76.5
73.34 76.09
72.96 75.68
72.56 75.26
72.16 74.85
71.78 74.44
71.4 74.05
71.07 73.7
70.79 73.44
70.63 73.29
70.65 73.22
70.56 73.18
70.62 73.13
