62.99 64.61
65.0 65.67
68.36 67.44
73.08 69.95
78.92 73.05
85.39 76.52
91.94 80.08
98.19 83.53
104.04 86.77
109.55 89.83
114.78 92.78
119.7 95.66
124.12 98.43
127.68 100.96
130.04 103.08
131.0 104.66
130.57 105.65
128.97 106.15
126.51 106.31
123.5 106.3
120.26 106.26
116.99 106.28
113.84 106.34
110.9 106.43
108.2 106.5
105.75 106.55
103.55 106.56
101.58 106.53
99.82 106.42
98.25 106.2
96.85 105.82
95.57 105.25
94.33 104.47
93.08 103.5
91.75 102.37
90.31 101.09
88.76 99.72
87.14 98.26
85.54 96.77
84.03 95.28
82.68 93.83
81.55 92.45
80.66 91.19
80.0 90.05
79.57 89.04
79.35 88.16
79.32 87.4
79.48 86.75
79.79 86.2
80.24 85.76
80.8 85.39
81.4 85.08
82.02 84.81
82.6 84.57
83.11 84.35
83.5 84.13
83.79 83.9
83.93 83.67
83.92 83.42
83.77 83.14
83.48 82.83
83.04 82.49
82.48 82.12
81.83 81.74
81.12 81.35
80.38 80.97
79.64 80.6
78.89 80.25
78.16 79.89
77.44 79.54
76.73 79.17
76.04 78.8
75.38 78.41
74.75 78.01
74.13 77.6
73.54 77.16
72.99 76.71
72.45 76.25
71.93 75.78
71.44 75.3
70.95 74.82
70.48 74.32
69.99 73.83
69.52 73.32
69.06 72.82
68.61 72.32
68.19 71.82
67.8 71.33
67.43 70.85
67.06 70.38
66.69 69.92
66.33 69.46
65.95 69.0
65.58 68.55
65.21 68.11
64.86 67.68
64.51 67.27
64.18 66.88
63.87 66.51
63.57 66.14
63.27 65.78
62.99 65.43
62.7 65.08
62.42 64.75
62.16 64.45
61.99 64.23
62.01 64.11
62.18 64.12
62.12 64.09
62.19 64.04
