79.0 82.01
85.17 85.01
96.66 90.56
113.22 98.77
133.05 108.88
152.64 119.42
168.53 128.71
179.04 135.45
184.13 139.11
185.0 140.09
183.37 139.36
180.43 137.98
176.56 136.74
171.82 135.96
166.38 135.6
160.51 135.5
154.56 135.51
148.8 135.61
143.42 135.88
138.53 136.34
134.18 136.91
130.35 137.38
126.99 137.5
124.06 137.1
121.48 136.19
119.17 134.92
117.02 133.53
114.9 132.16
112.68 130.83
110.29 129.39
107.7 127.66
105.01 125.56
102.4 123.13
100.08 120.57
98.27 118.13
97.07 116.0
96.5 114.25
96.49 112.86
96.92 111.75
97.7 110.83
98.72 110.04
99.92 109.36
101.22 108.77
102.51 108.25
103.68 107.75
104.63 107.24
105.24 106.66
105.47 106.0
105.32 105.25
104.82 104.45
104.05 103.62
103.09 102.82
102.01 102.06
100.86 101.36
99.66 100.71
98.45 100.08
97.24 99.46
96.05 98.85
94.89 98.26
93.82 97.69
92.84 97.14
91.94 96.62
91.13 96.1
90.4 95.59
89.74 95.07
89.13 94.53
88.55 93.99
88.0 93.43
87.47 92.85
86.96 92.27
86.46 91.67
85.98 91.07
85.56 90.48
85.19 89.89
84.84 89.31
84.5 88.75
84.15 88.2
83.77 87.64
83.35 87.08
82.89 86.51
82.39 85.92
81.88 85.34
81.35 84.75
80.79 84.17
80.21 83.59
79.6 83.01
78.96 82.42
78.34 81.87
77.77 81.38
77.32 80.98
77.39 80.92
77.61 81.0
