76.0 80.47
79.7 82.38
85.89 85.64
94.55 90.22
105.2 95.82
116.66 101.89
127.8 107.84
137.84 113.17
146.19 117.51
152.41 120.7
156.31 122.78
158.0 123.9
157.74 124.31
155.94 124.24
153.0 123.93
149.27 123.55
145.02 123.22
140.5 123.01
135.87 122.92
131.26 122.9
126.75 122.83
122.35 122.61
118.04 122.11
113.84 121.29
109.75 120.13
105.77 118.71
101.98 117.11
98.44 115.41
95.18 113.66
92.24 111.9
89.64 110.14
87.43 108.41
85.64 106.72
84.27 105.06
83.31 103.47
82.76 101.95
82.57 100.52
82.7 99.18
83.13 97.96
83.8 96.84
84.62 95.83
85.54 94.91
86.48 94.08
87.37 93.32
88.17 92.62
88.86 91.96
89.38 91.34
89.71 90.75
89.85 90.18
89.83 89.64
89.66 89.14
89.37 88.69
89.02 88.3
88.61 87.95
88.12 87.62
87.54 87.3
86.86 86.96
86.08 86.58
85.17 86.15
84.19 85.69
83.2 85.21
82.22 84.74
81.31 84.27
80.46 83.82
79.66 83.37
78.89 82.91
78.12 82.43
77.34 81.93
76.67 81.52
76.06 81.36
75.87 81.31
75.75 81.47
