67.99 69.36
70.74 70.84
75.21 73.24
81.49 76.61
89.33 80.84
98.12 85.6
107.09 90.52
115.61 95.2
123.13 99.31
129.19 102.66
133.55 105.17
136.13 106.86
136.99 107.84
136.3 108.24
134.3 108.23
131.32 107.96
127.68 107.58
123.66 107.22
119.54 106.97
115.51 106.85
111.73 106.85
108.29 106.92
105.28 107.02
102.74 107.09
100.7 107.13
99.15 107.13
98.07 107.12
97.38 107.08
96.94 106.97
96.62 106.74
96.24 106.31
95.66 105.63
94.8 104.67
93.69 103.46
92.38 102.07
91.0 100.59
89.67 99.12
88.49 97.73
87.52 96.48
86.83 95.39
86.4 94.48
86.23 93.74
86.31 93.14
86.6 92.68
87.07 92.34
87.67 92.08
88.35 91.88
89.07 91.72
89.76 91.57
90.36 91.41
90.86 91.25
91.2 91.06
91.37 90.86
91.36 90.62
91.15 90.34
90.74 90.01
90.15 89.62
89.38 89.17
88.47 88.66
87.44 88.12
86.36 87.56
85.25 86.99
84.15 86.45
83.1 85.92
82.11 85.4
81.16 84.89
80.25 84.38
79.4 83.86
78.61 83.34
77.89 82.81
77.27 82.29
76.72 81.78
76.22 81.26
75.75 80.74
75.32 80.22
74.9 79.69
74.5 79.16
74.15 78.64
73.84 78.13
73.55 77.65
73.31 77.18
73.09 76.73
72.9 76.29
72.7 75.86
72.5 75.43
72.28 75.0
72.04 74.59
71.81 74.2
71.57 73.83
71.35 73.49
71.15 73.18
70.96 72.88
70.76 72.6
70.55 72.32
70.3 72.03
70.01 71.73
69.67 71.41
69.29 71.07
68.89 70.73
68.51 70.43
68.09 70.16
67.6 69.86
67.28 69.6
66.99 69.32
66.56 69.1
66.33 68.8
65.85 68.53
