68.0 69.07
70.07 70.23
73.57 72.13
78.49 74.79
84.61 78.09
91.43 81.79
98.32 85.56
104.72 89.1
110.26 92.15
114.68 94.6
117.8 96.39
119.55 97.57
120.0 98.21
119.28 98.44
117.62 98.37
115.28 98.14
112.52 97.86
109.58 97.63
106.66 97.53
103.89 97.59
101.4 97.79
99.21 98.06
97.34 98.35
95.8 98.59
94.56 98.75
93.61 98.83
92.92 98.85
92.45 98.83
92.14 98.75
91.92 98.6
91.71 98.35
91.42 97.96
90.98 97.4
90.35 96.68
89.49 95.78
88.42 94.73
87.19 93.59
85.9 92.4
84.66 91.23
83.59 90.16
82.76 89.24
82.24 88.51
82.02 87.96
82.1 87.6
82.44 87.4
83.02 87.32
83.8 87.35
84.72 87.45
85.71 87.59
86.72 87.75
87.66 87.89
88.46 87.98
89.07 88.01
89.44 87.96
89.58 87.83
89.49 87.64
89.19 87.4
88.72 87.12
88.13 86.81
87.44 86.5
86.69 86.19
85.9 85.87
85.08 85.55
84.25 85.23
83.43 84.9
82.65 84.58
81.92 84.26
81.25 83.95
80.65 83.63
80.09 83.31
79.57 82.98
79.07 82.64
78.61 82.28
78.17 81.9
77.75 81.51
77.36 81.1
76.97 80.68
76.58 80.25
76.2 79.81
75.83 79.37
75.48 78.94
75.17 78.51
74.9 78.11
74.66 77.73
74.45 77.37
74.26 77.02
74.08 76.68
73.89 76.35
73.69 76.02
73.47 75.69
73.24 75.36
72.99 75.04
72.76 74.75
72.55 74.47
72.37 74.21
72.21 73.97
72.08 73.76
71.97 73.56
71.86 73.37
71.75 73.19
71.64 73.01
71.53 72.83
71.42 72.65
71.31 72.49
71.21 72.33
71.1 72.17
70.99 72.03
70.86 71.88
70.72 71.73
70.58 71.58
70.45 71.43
70.31 71.28
70.16 71.12
69.98 70.95
69.77 70.77
69.53 70.57
69.29 70.38
69.11 70.23
69.0 70.12
68.84 69.98
68.68 69.92
68.84 69.83
68.94 69.55
