76.0 76.42
77.69 77.34
80.27 78.75
83.86 80.72
88.5 83.26
94.05 86.25
100.08 89.52
106.08 92.8
111.53 95.8
115.92 98.28
118.93 100.09
120.57 101.23
121.0 101.8
120.42 101.95
119.11 101.88
117.31 101.74
115.22 101.65
113.01 101.67
110.84 101.8
108.78 102.05
106.88 102.38
105.18 102.75
103.68 103.1
102.38 103.4
101.25 103.6
100.28 103.68
99.45 103.64
98.74 103.5
98.11 103.27
97.53 102.97
96.92 102.59
96.22 102.1
95.41 101.51
94.48 100.77
93.46 99.93
92.4 98.99
91.37 98.03
90.45 97.09
89.69 96.22
89.14 95.48
88.85 94.87
88.82 94.41
89.04 94.09
89.47 93.89
90.06 93.79
90.74 93.74
91.45 93.72
92.13 93.69
92.74 93.64
93.26 93.56
93.66 93.45
93.92 93.32
94.06 93.16
94.06 92.99
93.91 92.8
93.66 92.6
93.3 92.38
92.85 92.14
92.32 91.89
91.74 91.63
91.1 91.35
90.43 91.06
89.74 90.75
89.06 90.44
88.4 90.12
87.77 89.81
87.19 89.5
86.64 89.2
86.13 88.89
85.63 88.57
85.13 88.24
84.65 87.88
84.19 87.5
83.75 87.1
83.33 86.7
82.94 86.29
82.57 85.88
82.21 85.48
81.88 85.09
81.59 84.7
81.34 84.34
81.1 83.98
80.88 83.64
80.68 83.3
80.47 82.97
80.26 82.64
80.05 82.32
79.86 82.0
79.66 81.7
79.48 81.41
79.31 81.13
79.15 80.88
78.99 80.63
78.84 80.4
78.68 80.18
78.53 79.96
78.36 79.74
78.19 79.53
78.02 79.32
77.85 79.12
77.69 78.93
77.56 78.75
77.43 78.59
77.31 78.44
77.21 78.29
77.12 78.16
77.03 78.04
76.95 77.91
76.87 77.78
76.75 77.64
76.6 77.48
76.41 77.3
76.21 77.12
75.99 76.93
75.78 76.75
75.6 76.59
75.44 76.44
75.29 76.29
75.12 76.15
74.95 76.0
74.78 75.85
74.62 75.71
74.53 75.6
74.6 75.57
74.8 75.54
74.93 75.56
75.02 75.58
75.24 75.59
75.48 75.73
