66.99 70.07
69.62 71.48
74.05 73.86
80.36 77.25
88.28 81.46
97.11 86.09
105.83 90.66
113.51 94.7
119.66 97.95
124.21 100.35
127.32 102.06
129.39 103.37
130.79 104.53
131.66 105.7
131.99 106.93
131.78 108.19
131.09 109.42
130.0 110.58
128.61 111.66
127.01 112.67
125.29 113.6
123.52 114.42
121.73 115.08
119.95 115.53
118.17 115.75
116.39 115.76
114.54 115.57
112.58 115.22
110.5 114.72
108.27 114.05
105.92 113.2
103.51 112.17
101.15 110.97
98.9 109.65
96.83 108.29
94.98 106.94
93.38 105.64
92.02 104.39
90.9 103.19
89.96 102.03
89.21 100.89
88.6 99.77
88.06 98.64
87.56 97.52
87.09 96.38
86.59 95.24
86.04 94.1
85.46 92.96
84.84 91.83
84.16 90.72
83.42 89.63
82.66 88.58
81.87 87.56
81.05 86.58
80.25 85.64
79.46 84.73
78.67 83.85
77.88 83.01
77.12 82.19
76.36 81.4
75.62 80.63
74.88 79.87
74.16 79.13
73.45 78.4
72.77 77.68
72.11 76.98
71.49 76.31
70.89 75.65
70.3 75.0
69.72 74.36
69.14 73.72
68.57 73.1
68.06 72.51
67.68 72.0
67.44 71.55
67.23 71.16
67.25 70.95
67.45 70.83
67.49 70.68
67.56 70.6
67.53 70.44
