74.0 74.79
76.02 75.8
79.45 77.53
84.23 79.99
90.05 83.06
96.39 86.5
102.69 90.01
108.58 93.33
113.86 96.32
118.39 98.89
122.07 101.04
124.76 102.78
126.39 104.14
127.0 105.16
126.7 105.87
125.67 106.34
124.07 106.65
122.08 106.9
119.88 107.16
117.63 107.48
115.47 107.87
113.51 108.31
111.81 108.77
110.39 109.2
109.25 109.6
108.34 109.95
107.63 110.26
107.09 110.53
106.7 110.73
106.43 110.86
106.26 110.91
106.13 110.85
106.0 110.68
105.77 110.39
105.37 109.95
104.76 109.34
103.89 108.57
102.77 107.63
101.48 106.58
100.14 105.49
98.88 104.43
97.82 103.49
97.03 102.69
96.52 102.07
96.26 101.6
96.18 101.25
96.25 100.98
96.43 100.75
96.67 100.55
96.96 100.36
97.29 100.18
97.61 99.99
97.87 99.78
98.04 99.55
98.07 99.26
97.93 98.93
97.64 98.54
97.21 98.11
96.65 97.65
96.0 97.17
95.28 96.68
94.52 96.19
93.74 95.69
92.97 95.21
92.22 94.73
91.48 94.26
90.75 93.8
90.06 93.35
89.4 92.9
88.79 92.46
88.23 92.03
87.72 91.6
87.24 91.16
86.8 90.73
86.38 90.3
85.96 89.86
85.56 89.41
85.16 88.95
84.77 88.49
84.38 88.02
84.01 87.55
83.65 87.1
83.32 86.65
82.99 86.22
82.67 85.8
82.36 85.38
82.04 84.97
81.72 84.57
81.4 84.16
81.07 83.77
80.75 83.39
80.43 83.01
80.12 82.65
79.8 82.29
79.48 81.94
79.17 81.59
78.86 81.24
78.56 80.91
78.26 80.58
77.96 80.25
77.68 79.94
77.4 79.63
77.13 79.33
76.87 79.04
76.63 78.76
76.41 78.49
76.2 78.24
76.02 78.0
75.85 77.76
75.69 77.54
75.52 77.31
75.33 77.08
75.13 76.84
74.93 76.59
74.73 76.36
74.57 76.15
74.44 75.99
74.34 75.83
74.35 75.72
74.43 75.72
74.51 75.79
74.79 75.81
75.08 76.03
