75.99 77.57
78.33 78.83
82.17 80.87
87.57 83.75
94.31 87.34
101.89 91.39
109.65 95.57
116.95 99.52
123.26 102.96
128.21 105.68
131.64 107.66
133.54 108.93
134.0 109.62
133.24 109.87
131.5 109.84
128.99 109.64
125.93 109.36
122.57 109.08
119.1 108.86
115.67 108.73
112.46 108.69
109.57 108.73
107.07 108.8
105.01 108.89
103.4 108.97
102.25 109.03
101.52 109.09
101.13 109.13
101.0 109.14
101.01 109.08
101.01 108.89
100.9 108.52
100.58 107.95
100.03 107.16
99.24 106.19
98.31 105.1
97.36 103.98
96.51 102.92
95.87 101.99
95.53 101.24
95.5 100.7
95.76 100.36
96.26 100.2
96.95 100.16
97.77 100.21
98.66 100.31
99.54 100.4
100.29 100.45
100.89 100.44
101.27 100.34
101.4 100.16
101.3 99.91
101.01 99.6
100.53 99.26
99.88 98.88
99.02 98.45
97.96 97.97
96.76 97.42
95.44 96.82
94.05 96.17
92.67 95.51
91.35 94.84
90.13 94.2
89.02 93.59
88.05 93.01
87.21 92.47
86.47 91.94
85.81 91.42
85.2 90.88
84.63 90.33
84.08 89.75
83.52 89.14
82.95 88.5
82.4 87.85
81.91 87.19
81.46 86.56
81.12 85.97
80.89 85.43
80.74 84.95
80.62 84.52
80.55 84.13
80.49 83.76
80.42 83.41
80.37 83.06
80.33 82.73
80.3 82.42
80.28 82.13
80.29 81.87
80.32 81.64
80.35 81.44
80.35 81.26
80.31 81.07
80.17 80.87
79.92 80.64
79.59 80.38
79.2 80.1
78.81 79.81
78.45 79.54
78.13 79.3
77.84 79.07
77.56 78.86
77.28 78.65
76.98 78.43
76.64 78.19
76.28 77.94
75.92 77.7
75.62 77.49
75.3 77.33
75.0 77.19
74.62 76.77
74.12 76.46
