65.0 66.44
67.37 67.62
71.28 69.61
76.73 72.44
83.44 75.97
90.84 79.95
98.31 84.05
105.38 87.96
111.71 91.47
117.08 94.46
121.3 96.88
124.21 98.74
125.76 100.06
126.0 100.91
125.04 101.34
123.1 101.45
120.42 101.35
117.25 101.16
113.81 100.96
110.27 100.81
106.79 100.72
103.47 100.64
100.4 100.53
97.6 100.36
95.11 100.11
92.92 99.78
91.03 99.4
89.42 98.97
88.06 98.48
86.89 97.91
85.85 97.22
84.87 96.41
83.87 95.44
82.83 94.34
81.73 93.12
80.62 91.82
79.54 90.48
78.57 89.16
77.77 87.91
77.2 86.77
76.87 85.78
76.8 84.95
76.99 84.29
77.42 83.8
78.07 83.45
78.9 83.23
79.86 83.12
80.89 83.09
81.9 83.09
82.85 83.11
83.67 83.12
84.31 83.09
84.75 83.02
84.97 82.9
84.96 82.73
84.75 82.53
84.36 82.3
83.83 82.04
83.18 81.77
82.46 81.49
81.69 81.2
80.87 80.91
80.04 80.61
79.2 80.3
78.37 79.99
77.57 79.66
76.79 79.33
76.07 78.99
75.4 78.63
74.78 78.27
74.2 77.89
73.65 77.5
73.12 77.08
72.59 76.64
72.08 76.18
71.57 75.69
71.07 75.19
70.59 74.68
70.12 74.17
69.67 73.66
69.24 73.15
68.83 72.64
68.43 72.15
68.06 71.67
67.7 71.2
67.36 70.74
67.03 70.3
66.72 69.87
66.42 69.44
66.12 69.03
65.83 68.63
65.54 68.24
65.26 67.86
64.99 67.5
64.73 67.18
64.57 66.92
64.5 66.71
64.42 66.44
64.25 66.1
64.08 65.71
63.67 65.04
