72.0 72.99
73.45 73.77
75.64 74.97
78.64 76.62
82.42 78.7
86.84 81.12
91.64 83.73
96.49 86.36
101.06 88.83
105.06 91.0
108.28 92.8
110.63 94.2
112.13 95.25
112.88 96.03
113.0 96.62
112.62 97.12
111.88 97.58
110.88 98.04
109.71 98.51
108.42 98.99
107.08 99.45
105.73 99.88
104.39 100.24
103.08 100.53
101.81 100.7
100.56 100.75
99.3 100.66
97.98 100.4
96.55 99.99
95.01 99.4
93.36 98.68
91.66 97.84
89.97 96.94
88.4 96.01
87.0 95.1
85.8 94.23
84.83 93.41
84.08 92.66
83.53 91.95
83.15 91.29
82.95 90.67
82.87 90.09
82.88 89.53
82.99 88.99
83.16 88.49
83.36 88.01
83.6 87.57
83.86 87.16
84.12 86.8
84.35 86.47
84.54 86.17
84.66 85.88
84.71 85.6
84.66 85.32
84.55 85.03
84.36 84.74
84.12 84.45
83.83 84.16
83.51 83.89
83.15 83.62
82.76 83.36
82.32 83.09
81.84 82.8
81.33 82.51
80.78 82.2
80.21 81.88
79.64 81.54
79.07 81.2
78.5 80.85
77.96 80.49
77.45 80.14
76.98 79.78
76.53 79.43
76.11 79.07
75.7 78.71
75.3 78.34
74.92 77.97
74.55 77.59
74.19 77.2
73.85 76.82
73.52 76.44
73.21 76.07
72.91 75.7
72.64 75.35
72.39 75.0
72.14 74.67
71.91 74.34
71.69 74.02
71.51 73.73
71.37 73.49
71.34 73.32
71.39 73.25
71.62 73.26
72.08 73.26
72.16 73.24
