78.0 79.32
79.97 80.36
83.21 82.1
87.75 84.53
93.41 87.58
99.8 91.04
106.45 94.66
112.88 98.17
118.68 101.36
123.59 104.1
127.49 106.36
130.4 108.17
132.37 109.63
133.52 110.83
134.0 111.87
133.94 112.84
133.49 113.82
132.79 114.83
131.95 115.91
131.08 117.04
130.23 118.21
129.44 119.38
128.77 120.51
128.22 121.56
127.76 122.5
127.33 123.31
126.91 124.0
126.47 124.55
125.97 124.97
125.43 125.27
124.84 125.44
124.19 125.48
123.42 125.36
122.49 125.04
121.31 124.51
119.81 123.74
117.98 122.72
115.88 121.5
113.61 120.15
111.34 118.75
109.27 117.42
107.53 116.22
106.18 115.2
105.24 114.38
104.65 113.7
104.34 113.14
104.21 112.63
104.16 112.11
104.14 111.57
104.11 110.97
104.04 110.33
103.92 109.65
103.74 108.93
103.48 108.19
103.17 107.46
102.84 106.76
102.51 106.11
102.19 105.52
101.9 104.99
101.63 104.52
101.35 104.07
101.04 103.63
100.68 103.18
100.25 102.69
99.71 102.16
99.07 101.59
98.34 100.99
97.53 100.36
96.69 99.74
95.87 99.13
95.08 98.54
94.33 97.98
93.64 97.45
92.98 96.94
92.36 96.44
91.77 95.95
91.22 95.46
90.7 94.97
90.21 94.47
89.75 93.97
89.32 93.47
88.9 92.96
88.48 92.46
88.08 91.95
87.67 91.44
87.24 90.94
86.83 90.44
86.43 89.95
86.05 89.48
85.69 89.03
85.37 88.6
85.08 88.2
84.81 87.81
84.56 87.44
84.31 87.08
84.07 86.73
83.85 86.38
83.62 86.05
83.41 85.73
83.21 85.42
82.99 85.12
82.75 84.83
82.51 84.53
82.26 84.22
82.0 83.92
81.74 83.62
81.49 83.33
81.24 83.06
81.02 82.81
80.83 82.59
80.66 82.38
80.5 82.18
80.34 81.97
80.15 81.75
79.89 81.5
79.57 81.21
79.21 80.92
78.89 80.66
78.76 80.52
78.67 80.54
78.77 80.63
