72.0 72.37
74.52 73.71
78.48 75.83
83.91 78.79
90.77 82.56
98.8 86.96
107.41 91.7
115.97 96.45
123.82 100.84
130.34 104.56
135.11 107.43
138.1 109.47
139.58 110.83
140.0 111.79
139.74 112.61
139.1 113.5
138.23 114.58
137.23 115.85
136.16 117.27
135.06 118.77
133.97 120.24
132.88 121.64
131.8 122.89
130.74 123.96
129.68 124.81
128.6 125.43
127.48 125.83
126.32 126.02
125.1 126.03
123.81 125.89
122.42 125.62
120.91 125.2
119.24 124.59
117.32 123.73
115.1 122.57
112.54 121.07
109.62 119.27
106.43 117.23
103.1 115.05
99.82 112.83
96.75 110.68
94.09 108.7
91.91 106.92
90.22 105.37
88.97 104.01
88.09 102.78
87.47 101.64
87.02 100.53
86.67 99.41
86.38 98.26
86.09 97.08
85.8 95.88
85.44 94.66
85.03 93.44
84.57 92.23
84.04 91.06
83.46 89.93
82.84 88.85
82.18 87.82
81.48 86.85
80.77 85.92
80.05 85.04
79.34 84.18
78.66 83.36
78.01 82.59
77.39 81.86
76.83 81.18
76.3 80.55
75.81 79.97
75.34 79.42
74.9 78.89
74.47 78.38
74.06 77.88
73.67 77.4
73.29 76.92
72.96 76.46
72.66 76.03
72.41 75.63
72.19 75.26
72.01 74.91
71.86 74.59
71.72 74.29
71.61 74.0
71.49 73.71
71.36 73.42
71.21 73.12
71.04 72.83
70.85 72.53
70.66 72.25
70.49 71.99
70.33 71.75
70.2 71.56
70.13 71.42
70.23 71.39
70.52 71.58
70.91 71.99
