58.0 59.71
60.66 61.08
65.24 63.45
71.78 66.87
79.95 71.17
88.92 75.96
97.68 80.74
105.4 85.01
111.54 88.43
115.84 90.85
118.27 92.3
119.0 92.95
118.23 93.01
116.24 92.69
113.34 92.18
109.83 91.6
105.97 91.07
102.01 90.65
98.13 90.38
94.45 90.26
91.07 90.24
88.02 90.24
85.31 90.17
82.99 89.98
81.04 89.66
79.45 89.24
78.24 88.78
77.38 88.33
76.81 87.9
76.46 87.48
76.22 87.0
75.97 86.39
75.59 85.61
74.99 84.62
74.2 83.45
73.28 82.18
72.36 80.88
71.61 79.67
71.16 78.64
71.08 77.84
71.39 77.31
72.06 77.04
73.02 76.98
74.17 77.07
75.42 77.25
76.68 77.47
77.87 77.69
78.9 77.85
79.73 77.95
80.32 77.95
80.63 77.86
80.61 77.67
80.28 77.39
79.67 77.05
78.83 76.66
77.82 76.25
76.72 75.83
75.58 75.42
74.43 75.02
73.31 74.62
72.23 74.22
71.22 73.81
70.28 73.41
69.44 73.02
68.7 72.64
68.06 72.27
67.51 71.91
67.04 71.54
66.62 71.17
66.25 70.78
65.89 70.36
65.56 69.93
65.25 69.47
64.94 69.01
64.63 68.54
64.33 68.07
64.04 67.61
63.77 67.15
63.52 66.7
63.27 66.27
63.01 65.84
62.72 65.41
62.4 64.98
62.05 64.55
61.68 64.12
61.3 63.69
60.91 63.27
60.51 62.86
60.1 62.46
59.67 62.06
59.26 61.67
58.86 61.3
58.48 60.94
58.12 60.6
57.8 60.28
57.51 60.0
57.31 59.79
57.32 59.7
57.51 59.7
57.72 59.85
58.37 60.16
