75.99 78.29
80.08 80.27
86.75 83.67
96.17 88.56
107.8 94.68
120.45 101.5
132.94 108.37
144.24 114.62
153.35 119.72
159.59 123.32
162.74 125.36
163.0 126.02
160.92 125.66
157.19 124.71
152.45 123.58
147.23 122.56
141.86 121.83
136.56 121.44
131.46 121.35
126.62 121.43
122.07 121.54
117.82 121.53
113.83 121.26
110.1 120.67
106.58 119.74
103.3 118.51
100.28 117.07
97.55 115.53
95.18 113.98
93.22 112.5
91.71 111.14
90.67 109.9
90.08 108.78
89.9 107.74
90.1 106.74
90.6 105.76
91.31 104.79
92.14 103.83
93.01 102.89
93.85 101.97
94.59 101.07
95.21 100.2
95.66 99.35
95.94 98.54
96.05 97.77
95.97 97.03
95.71 96.33
95.28 95.65
94.66 94.98
93.9 94.34
93.03 93.7
92.08 93.08
91.1 92.49
90.11 91.93
89.15 91.41
88.23 90.91
87.36 90.44
86.57 90.0
85.85 89.58
85.21 89.17
84.62 88.76
84.07 88.34
83.54 87.89
82.99 87.42
82.42 86.9
81.85 86.36
81.32 85.81
80.82 85.26
80.33 84.71
79.88 84.17
79.42 83.63
78.98 83.09
78.53 82.55
78.11 82.01
77.69 81.48
77.28 80.96
76.84 80.44
76.38 79.91
75.88 79.37
75.35 78.82
74.93 78.36
74.9 78.17
74.73 77.85
74.88 77.56
