76.0 77.37
76.71 77.75
77.84 78.35
79.39 79.18
81.32 80.21
83.53 81.38
85.92 82.64
88.37 83.93
90.8 85.2
93.1 86.4
95.19 87.52
97.01 88.53
98.49 89.41
99.61 90.17
100.38 90.82
100.82 91.39
101.0 91.88
100.95 92.35
100.75 92.79
100.41 93.22
99.99 93.64
99.5 94.03
98.95 94.37
98.35 94.66
97.72 94.88
97.03 95.02
96.28 95.06
95.45 95.0
94.5 94.82
93.43 94.52
92.25 94.1
91.0 93.58
89.71 93.0
88.46 92.39
87.27 91.78
86.2 91.18
85.25 90.61
84.44 90.06
83.76 89.53
83.22 89.02
82.79 88.52
82.46 88.03
82.21 87.55
82.03 87.08
81.9 86.61
81.8 86.16
81.74 85.71
81.69 85.27
81.64 84.85
81.59 84.45
81.52 84.06
81.43 83.69
81.31 83.33
81.18 82.99
81.02 82.65
80.85 82.34
80.68 82.04
80.49 81.76
80.3 81.5
80.11 81.25
79.92 81.02
79.72 80.8
79.53 80.59
79.33 80.4
79.12 80.2
78.91 80.01
78.7 79.81
78.46 79.61
78.22 79.4
77.96 79.18
77.69 78.96
77.4 78.73
77.11 78.49
76.82 78.25
76.53 78.02
76.25 77.79
76.0 77.57
75.77 77.37
75.61 77.22
75.57 77.16
75.62 77.13
75.77 77.17
