43.99 44.55
49.83 47.19
60.78 52.01
74.83 58.91
90.3 67.21
105.05 75.6
116.16 82.79
123.53 88.23
129.63 92.23
136.13 95.62
143.37 99.24
150.84 103.57
157.67 108.54
163.05 113.64
166.51 118.26
167.99 121.95
167.7 124.63
165.91 126.51
162.88 127.88
158.83 128.98
153.95 129.79
148.41 130.18
142.28 129.93
135.64 128.98
128.6 127.41
121.22 125.44
113.64 123.32
106.02 121.16
98.51 118.91
91.27 116.42
84.43 113.55
78.09 110.28
72.33 106.75
67.16 103.13
62.59 99.56
58.63 96.12
55.29 92.83
52.54 89.6
50.37 86.42
48.73 83.29
47.53 80.25
46.68 77.28
46.06 74.41
45.57 71.61
45.17 68.89
44.82 66.27
44.52 63.77
44.28 61.41
44.12 59.23
44.05 57.26
44.07 55.49
44.17 53.93
44.33 52.56
44.52 51.38
44.7 50.34
44.83 49.43
44.88 48.62
44.87 47.9
44.84 47.25
44.8 46.69
44.78 46.23
44.82 45.87
44.9 45.61
44.95 45.41
44.93 45.25
44.81 45.1
44.59 44.92
44.32 44.74
44.08 44.56
43.93 44.43
43.87 44.35
43.87 44.31
43.83 44.28
43.74 44.28
43.69 44.43
43.55 44.61
