71.0 72.05
73.06 73.21
76.41 75.08
81.09 77.67
86.94 80.87
93.53 84.5
100.41 88.29
107.2 92.03
113.6 95.53
119.36 98.68
124.25 101.43
128.12 103.76
130.87 105.65
132.48 107.13
133.0 108.21
132.48 108.94
131.05 109.36
128.83 109.56
126.01 109.59
122.75 109.51
119.24 109.35
115.64 109.13
112.09 108.84
108.73 108.49
105.62 108.1
102.8 107.67
100.28 107.2
98.04 106.68
96.04 106.09
94.24 105.4
92.6 104.59
91.09 103.63
89.67 102.54
88.3 101.33
86.96 100.01
85.69 98.63
84.53 97.22
83.53 95.85
82.74 94.55
82.17 93.35
81.83 92.28
81.69 91.33
81.76 90.51
82.03 89.82
82.52 89.27
83.25 88.87
84.21 88.64
85.37 88.56
86.7 88.63
88.11 88.81
89.51 89.04
90.78 89.27
91.84 89.46
92.63 89.57
93.11 89.59
93.27 89.51
93.14 89.36
92.75 89.15
92.16 88.89
91.4 88.62
90.56 88.35
89.69 88.1
88.81 87.88
87.94 87.68
87.08 87.48
86.22 87.26
85.32 86.98
84.39 86.64
83.44 86.24
82.49 85.78
81.59 85.3
80.75 84.81
80.0 84.33
79.33 83.86
78.73 83.39
78.17 82.91
77.62 82.41
77.08 81.86
76.54 81.29
76.0 80.69
75.47 80.09
74.98 79.5
74.54 78.93
74.17 78.4
73.88 77.91
73.64 77.45
73.42 77.0
73.17 76.55
72.9 76.09
72.58 75.63
72.22 75.15
71.86 74.68
71.52 74.23
71.21 73.81
70.94 73.44
70.74 73.12
70.62 72.85
70.53 72.6
70.47 72.38
70.43 72.21
70.4 72.06
70.31 71.79
70.16 71.56
70.0 71.4
69.8 71.18
69.65 70.93
