62.99 65.03
64.58 65.84
67.11 67.19
70.62 69.07
74.99 71.41
79.96 74.08
85.25 76.9
90.52 79.69
95.47 82.31
99.87 84.64
103.49 86.6
106.22 88.17
108.0 89.36
108.89 90.23
108.99 90.86
108.48 91.33
107.53 91.76
106.32 92.21
105.01 92.73
103.7 93.34
102.47 94.01
101.34 94.7
100.3 95.35
99.33 95.92
98.41 96.38
97.52 96.71
96.64 96.92
95.78 97.0
94.93 96.97
94.07 96.81
93.16 96.53
92.15 96.1
91.0 95.52
89.71 94.79
88.3 93.94
86.83 92.99
85.39 92.02
84.06 91.05
82.88 90.12
81.88 89.26
81.08 88.46
80.45 87.73
79.98 87.06
79.67 86.46
79.51 85.91
79.46 85.41
79.5 84.94
79.58 84.49
79.66 84.04
79.72 83.59
79.74 83.12
79.7 82.65
79.6 82.16
79.42 81.68
79.16 81.18
78.81 80.69
78.38 80.18
77.88 79.68
77.33 79.17
76.72 78.66
76.07 78.16
75.4 77.66
74.7 77.15
73.99 76.64
73.28 76.12
72.58 75.61
71.89 75.11
71.23 74.61
70.6 74.13
70.0 73.65
69.42 73.18
68.86 72.7
68.33 72.22
67.82 71.73
67.35 71.25
66.91 70.77
66.49 70.29
66.08 69.81
65.67 69.34
65.27 68.86
64.89 68.39
64.54 67.93
64.2 67.48
63.89 67.06
63.6 66.65
63.32 66.26
63.09 65.91
62.95 65.62
62.9 65.36
62.98 65.19
63.17 65.03
