83.99 91.19
89.53 93.83
99.48 98.65
113.16 105.61
129.63 114.02
146.56 122.71
161.0 130.41
171.63 136.19
178.28 139.61
181.0 140.73
180.05 140.0
176.08 138.05
169.93 135.51
162.51 132.89
154.6 130.54
146.77 128.64
139.42 127.31
132.74 126.55
126.83 126.3
121.69 126.39
117.28 126.58
113.51 126.62
110.28 126.29
107.44 125.47
104.89 124.18
102.5 122.53
100.2 120.67
97.95 118.74
95.82 116.84
93.92 115.0
92.43 113.26
91.49 111.67
91.2 110.3
91.6 109.18
92.6 108.32
94.12 107.69
96.03 107.25
98.17 106.92
100.42 106.66
102.59 106.43
104.54 106.18
106.13 105.86
107.27 105.45
107.92 104.93
108.06 104.32
107.74 103.63
107.01 102.91
105.94 102.17
104.6 101.45
103.08 100.75
101.44 100.08
99.75 99.43
98.05 98.81
96.4 98.2
94.82 97.6
93.32 97.02
91.93 96.43
90.66 95.84
89.47 95.21
88.33 94.55
87.21 93.83
86.1 93.05
84.99 92.21
83.91 91.34
82.9 90.45
82.04 89.65
81.55 89.22
81.25 89.04
81.17 89.08
