81.0 81.86
82.81 82.82
85.7 84.36
89.73 86.53
94.78 89.26
100.59 92.41
106.76 95.77
112.85 99.11
118.46 102.21
123.25 104.89
127.01 107.08
129.67 108.76
131.29 110.01
132.0 110.94
131.99 111.66
131.48 112.3
130.63 112.95
129.6 113.68
128.51 114.5
127.43 115.41
126.44 116.39
125.56 117.39
124.81 118.38
124.22 119.31
123.77 120.16
123.46 120.92
123.27 121.59
123.16 122.19
123.11 122.7
123.1 123.14
123.09 123.5
123.04 123.76
122.91 123.9
122.64 123.88
122.15 123.67
121.36 123.24
120.2 122.56
118.65 121.64
116.77 120.51
114.66 119.23
112.49 117.91
110.44 116.64
108.67 115.51
107.29 114.59
106.33 113.88
105.78 113.37
105.56 113.01
105.6 112.74
105.8 112.5
106.07 112.24
106.33 111.92
106.53 111.53
106.63 111.06
106.61 110.51
106.46 109.9
106.19 109.26
105.81 108.6
105.34 107.94
104.78 107.3
104.17 106.68
103.52 106.08
102.82 105.49
102.09 104.9
101.36 104.31
100.61 103.72
99.86 103.12
99.13 102.54
98.42 101.97
97.72 101.41
97.05 100.87
96.42 100.34
95.82 99.83
95.25 99.32
94.71 98.82
94.21 98.33
93.74 97.84
93.3 97.36
92.89 96.89
92.51 96.42
92.15 95.95
91.82 95.5
91.51 95.06
91.22 94.62
90.95 94.2
90.69 93.79
90.44 93.39
90.19 93.01
89.95 92.63
89.72 92.27
89.49 91.92
89.27 91.58
89.04 91.25
88.81 90.92
88.57 90.6
88.32 90.29
88.06 89.98
87.79 89.68
87.53 89.38
87.26 89.09
87.0 88.81
86.74 88.54
86.49 88.27
86.24 88.01
86.0 87.76
85.76 87.51
85.52 87.27
85.28 87.03
85.05 86.79
84.83 86.55
84.61 86.31
84.4 86.08
84.19 85.85
83.98 85.62
83.77 85.39
83.55 85.15
83.33 84.92
83.09 84.69
82.87 84.46
82.64 84.22
82.41 83.99
82.19 83.76
81.97 83.54
81.75 83.31
81.53 83.09
81.3 82.86
81.08 82.64
80.86 82.44
80.69 82.27
80.63 82.19
80.8 82.26
80.98 82.37
81.14 82.48
