77.0 78.55
78.16 79.15
79.94 80.11
82.33 81.41
85.31 83.03
88.76 84.91
92.54 86.96
96.49 89.07
100.41 91.15
104.07 93.09
107.25 94.79
109.78 96.2
111.58 97.29
112.62 98.09
113.0 98.66
112.81 99.06
112.2 99.38
111.3 99.67
110.2 99.98
109.0 100.31
107.74 100.65
106.48 100.97
105.23 101.26
104.01 101.5
102.85 101.67
101.75 101.77
100.73 101.8
99.79 101.75
98.91 101.63
98.11 101.43
97.33 101.16
96.57 100.8
95.77 100.34
94.89 99.79
93.93 99.12
92.87 98.35
91.74 97.5
90.58 96.59
89.46 95.67
88.42 94.76
87.51 93.92
86.76 93.15
86.2 92.48
85.82 91.9
85.63 91.4
85.59 90.98
85.68 90.62
85.85 90.3
86.09 90.0
86.35 89.72
86.62 89.45
86.88 89.19
87.12 88.94
87.33 88.71
87.48 88.49
87.58 88.27
87.6 88.05
87.54 87.81
87.39 87.57
87.15 87.3
86.84 87.03
86.46 86.74
86.02 86.45
85.56 86.15
85.07 85.87
84.57 85.58
84.08 85.3
83.59 85.02
83.11 84.74
82.65 84.46
82.2 84.18
81.76 83.89
81.31 83.58
80.86 83.25
80.39 82.9
79.9 82.53
79.43 82.15
78.98 81.77
78.58 81.41
78.23 81.07
77.94 80.75
77.69 80.45
77.47 80.15
77.26 79.85
77.06 79.56
76.88 79.29
76.75 79.07
76.72 78.92
76.76 78.72
76.79 78.56
76.85 78.4
