48.99 56.75
55.57 60.05
67.84 66.19
85.39 75.18
106.79 86.19
128.83 97.69
147.89 108.01
162.1 115.86
171.03 120.67
175.0 122.56
174.7 122.19
170.97 120.42
164.69 118.01
156.68 115.5
147.68 113.19
138.32 111.23
129.07 109.69
120.23 108.61
112.02 107.99
104.56 107.73
97.87 107.58
91.9 107.25
86.54 106.44
81.64 104.97
77.06 102.87
72.74 100.3
68.68 97.55
65.02 94.86
61.93 92.4
59.59 90.22
58.13 88.3
57.57 86.61
57.89 85.13
58.98 83.85
60.69 82.75
62.84 81.81
65.23 80.96
67.67 80.12
69.93 79.24
71.82 78.27
73.23 77.18
74.1 75.99
74.41 74.71
74.21 73.39
73.59 72.08
72.61 70.84
71.35 69.69
69.88 68.65
68.27 67.7
66.57 66.82
64.83 65.98
63.07 65.18
61.34 64.4
59.66 63.62
58.07 62.87
56.6 62.14
55.27 61.42
54.05 60.72
52.93 60.0
51.87 59.27
50.85 58.49
49.82 57.67
48.86 56.92
48.1 56.35
47.74 55.92
47.53 55.66
