73.0 73.46
74.39 74.19
76.5 75.33
79.39 76.89
83.02 78.85
87.25 81.15
91.86 83.67
96.56 86.24
101.03 88.72
104.98 90.95
108.21 92.85
110.58 94.35
112.11 95.49
112.87 96.32
113.0 96.93
112.62 97.42
111.89 97.85
110.93 98.3
109.82 98.77
108.64 99.28
107.47 99.81
106.33 100.35
105.25 100.85
104.25 101.3
103.32 101.68
102.47 101.97
101.68 102.17
100.93 102.26
100.16 102.23
99.33 102.08
98.39 101.77
97.27 101.3
95.96 100.67
94.51 99.87
92.96 98.96
91.42 97.99
89.99 97.01
88.74 96.08
87.74 95.25
87.01 94.53
86.56 93.94
86.38 93.47
86.45 93.09
86.73 92.8
87.15 92.55
87.65 92.34
88.19 92.13
88.7 91.91
89.14 91.66
89.5 91.38
89.75 91.09
89.9 90.78
89.93 90.47
89.84 90.15
89.64 89.83
89.33 89.49
88.91 89.15
88.41 88.79
87.84 88.41
87.22 88.04
86.58 87.67
85.93 87.3
85.27 86.93
84.61 86.57
83.95 86.19
83.28 85.81
82.64 85.43
82.02 85.04
81.43 84.65
80.87 84.26
80.35 83.86
79.85 83.46
79.37 83.04
78.91 82.62
78.48 82.19
78.08 81.77
77.71 81.35
77.39 80.94
77.1 80.55
76.84 80.17
76.61 79.8
76.4 79.44
76.21 79.1
76.04 78.77
75.91 78.46
75.78 78.16
75.67 77.89
75.57 77.63
75.48 77.38
75.38 77.14
75.29 76.91
75.19 76.69
75.09 76.48
74.98 76.28
74.86 76.08
74.73 75.88
74.59 75.7
74.45 75.51
74.29 75.34
74.13 75.17
73.97 75.0
73.81 74.84
73.66 74.69
73.53 74.56
73.49 74.47
73.6 74.47
73.64 74.49
73.86 74.52
73.71 74.33
73.5 74.12
