69.0 69.52
70.64 70.42
73.26 71.85
76.89 73.82
81.36 76.26
86.39 79.03
91.63 81.93
96.77 84.79
101.55 87.45
105.76 89.81
109.21 91.8
111.78 93.4
113.38 94.59
114.0 95.41
113.69 95.88
112.59 96.08
110.84 96.08
108.64 95.97
106.16 95.82
103.58 95.69
101.02 95.6
98.61 95.56
96.41 95.53
94.45 95.52
92.75 95.49
91.32 95.43
90.13 95.35
89.17 95.23
88.42 95.07
87.83 94.85
87.37 94.57
86.99 94.21
86.64 93.76
86.25 93.21
85.8 92.56
85.25 91.81
84.61 90.98
83.94 90.11
83.27 89.24
82.69 88.41
82.22 87.65
81.89 86.98
81.71 86.42
81.68 85.97
81.8 85.63
82.08 85.39
82.51 85.26
83.06 85.21
83.7 85.24
84.39 85.31
85.08 85.41
85.73 85.5
86.3 85.58
86.76 85.64
87.09 85.66
87.26 85.64
87.26 85.58
87.11 85.47
86.79 85.31
86.35 85.12
85.81 84.89
85.18 84.64
84.51 84.37
83.82 84.1
83.12 83.83
82.41 83.55
81.72 83.26
81.04 82.96
80.37 82.65
79.72 82.32
79.1 81.97
78.5 81.61
77.94 81.24
77.41 80.87
76.93 80.48
76.48 80.09
76.07 79.7
75.69 79.31
75.32 78.91
74.97 78.5
74.62 78.08
74.29 77.67
73.97 77.25
73.66 76.83
73.38 76.43
73.13 76.05
72.92 75.69
72.73 75.35
72.57 75.04
72.44 74.75
72.31 74.48
72.2 74.22
72.09 73.97
72.0 73.74
71.92 73.52
71.85 73.32
71.79 73.13
71.73 72.95
71.66 72.78
71.57 72.61
71.46 72.44
71.34 72.28
71.22 72.11
71.09 71.96
70.98 71.82
70.89 71.7
70.82 71.58
70.75 71.48
70.68 71.39
70.6 71.3
70.52 71.2
70.42 71.1
70.31 71.0
70.22 70.9
70.13 70.8
70.04 70.7
69.94 70.6
69.83 70.5
69.7 70.39
69.57 70.31
69.48 70.24
69.42 70.16
69.35 70.15
69.27 70.14
69.01 69.95
68.68 69.75
68.18 69.39
