77.0 78.92
80.23 80.77
85.67 83.83
93.55 88.17
103.57 93.62
114.97 99.76
126.6 106.0
137.32 111.75
146.25 116.54
152.96 120.17
157.42 122.67
159.97 124.31
161.0 125.4
160.89 126.27
159.97 127.12
158.51 128.09
156.69 129.19
154.56 130.38
152.22 131.61
149.72 132.8
147.11 133.88
144.4 134.76
141.63 135.38
138.84 135.68
136.06 135.63
133.24 135.26
130.37 134.6
127.41 133.7
124.32 132.58
121.08 131.28
117.74 129.79
114.42 128.15
111.25 126.39
108.35 124.56
105.82 122.74
103.72 120.97
102.04 119.29
100.77 117.72
99.83 116.24
99.19 114.83
98.79 113.49
98.58 112.21
98.55 110.98
98.64 109.82
98.82 108.71
99.07 107.67
99.35 106.7
99.59 105.77
99.77 104.89
99.82 104.04
99.73 103.2
99.48 102.36
99.06 101.51
98.47 100.64
97.69 99.74
96.77 98.83
95.71 97.91
94.56 97.0
93.4 96.14
92.28 95.32
91.2 94.58
90.19 93.88
89.24 93.22
88.31 92.57
87.37 91.91
86.43 91.2
85.47 90.46
84.5 89.69
83.56 88.9
82.68 88.11
81.87 87.34
81.16 86.63
80.62 85.99
80.13 85.39
79.71 84.87
79.33 84.44
78.98 84.05
78.62 83.73
78.5 83.62
78.38 83.4
77.98 83.11
77.56 82.78
77.07 82.33
76.4 81.69
75.72 81.12
75.37 80.59
75.08 80.12
74.91 79.75
74.81 79.49
74.77 79.19
74.77 78.93
74.85 78.73
75.0 78.52
