81.0 82.99
82.21 83.62
84.09 84.61
86.65 85.98
89.84 87.68
93.51 89.63
97.46 91.72
101.49 93.82
105.35 95.81
108.81 97.6
111.7 99.11
113.87 100.3
115.29 101.19
115.97 101.8
116.0 102.19
115.48 102.42
114.54 102.57
113.29 102.68
111.84 102.79
110.27 102.91
108.66 103.03
107.04 103.13
105.47 103.19
103.95 103.2
102.5 103.12
101.11 102.96
99.76 102.69
98.42 102.3
97.07 101.79
95.69 101.17
94.28 100.43
92.85 99.6
91.44 98.71
90.08 97.78
88.83 96.85
87.71 95.94
86.77 95.08
86.02 94.28
85.48 93.54
85.15 92.88
85.02 92.3
85.08 91.79
85.28 91.34
85.62 90.96
86.05 90.64
86.55 90.35
87.07 90.11
87.6 89.89
88.09 89.69
88.53 89.5
88.89 89.32
89.16 89.14
89.33 88.97
89.42 88.81
89.41 88.64
89.31 88.47
89.15 88.31
88.93 88.15
88.66 88.0
88.36 87.86
88.03 87.72
87.69 87.59
87.34 87.46
86.99 87.32
86.63 87.18
86.27 87.03
85.9 86.86
85.51 86.67
85.11 86.45
84.69 86.21
84.25 85.95
83.79 85.66
83.31 85.35
82.83 85.01
82.34 84.67
81.87 84.31
81.42 83.96
81.01 83.62
80.64 83.3
80.35 83.02
80.16 82.8
80.13 82.68
80.33 82.73
80.7 82.92
