79.99 81.49
82.99 83.14
87.78 85.77
94.46 89.43
102.81 93.99
112.38 99.2
122.5 104.7
132.43 110.08
141.51 115.03
149.24 119.32
155.41 122.87
160.02 125.74
163.26 128.1
165.35 130.11
166.54 131.94
166.99 133.71
166.81 135.45
166.11 137.19
164.97 138.91
163.49 140.56
161.77 142.11
159.91 143.51
157.98 144.74
155.99 145.77
154.01 146.6
152.09 147.23
150.2 147.68
148.31 147.91
146.35 147.92
144.21 147.63
141.78 147.01
138.98 146.02
135.85 144.66
132.45 142.97
128.93 141.04
125.46 138.99
122.22 136.94
119.39 135.0
117.06 133.25
115.32 131.72
114.13 130.4
113.46 129.28
113.22 128.29
113.3 127.38
113.6 126.5
113.99 125.6
114.35 124.64
114.59 123.61
114.66 122.5
114.52 121.32
114.19 120.12
113.72 118.93
113.13 117.77
112.45 116.68
111.69 115.65
110.87 114.66
109.97 113.72
109.01 112.78
107.98 111.86
106.89 110.93
105.73 109.99
104.52 109.04
103.25 108.09
101.96 107.13
100.69 106.18
99.45 105.24
98.28 104.34
97.19 103.45
96.13 102.58
95.09 101.69
94.03 100.78
92.93 99.83
91.83 98.84
90.71 97.82
89.62 96.79
88.59 95.78
87.65 94.79
86.81 93.86
86.06 92.97
85.36 92.12
84.7 91.29
84.04 90.48
83.39 89.66
82.78 88.85
82.22 88.06
81.73 87.3
81.32 86.57
80.96 85.89
80.64 85.26
80.37 84.68
80.15 84.13
79.95 83.63
79.74 83.15
79.51 82.69
79.22 82.23
78.88 81.76
78.51 81.28
78.14 80.79
77.77 80.29
77.39 79.8
77.0 79.33
76.58 78.87
76.17 78.48
75.95 78.23
76.16 78.26
76.43 78.4
76.68 78.13
