72.99 75.11
74.42 75.87
76.7 77.09
79.84 78.77
83.76 80.87
88.23 83.25
93.03 85.79
97.84 88.32
102.42 90.72
106.51 92.87
109.95 94.72
112.62 96.24
114.5 97.44
115.6 98.37
116.0 99.07
115.8 99.63
115.15 100.11
114.19 100.57
113.05 101.06
111.84 101.58
110.64 102.15
109.5 102.73
108.43 103.29
107.45 103.81
106.56 104.26
105.75 104.62
104.98 104.88
104.24 105.02
103.48 105.04
102.66 104.92
101.72 104.63
100.62 104.16
99.34 103.52
97.88 102.72
96.3 101.8
94.68 100.8
93.1 99.77
91.63 98.76
90.31 97.79
89.19 96.89
88.26 96.07
87.55 95.32
87.06 94.65
86.76 94.05
86.64 93.52
86.68 93.04
86.83 92.61
87.05 92.2
87.31 91.8
87.56 91.4
87.75 91.0
87.88 90.59
87.92 90.16
87.85 89.73
87.69 89.29
87.45 88.84
87.13 88.4
86.74 87.96
86.31 87.52
85.83 87.09
85.32 86.68
84.8 86.28
84.26 85.88
83.71 85.5
83.16 85.13
82.62 84.76
82.09 84.39
81.57 84.02
81.07 83.65
80.59 83.29
80.13 82.92
79.68 82.56
79.27 82.2
78.88 81.83
78.51 81.48
78.17 81.12
77.85 80.76
77.54 80.4
77.24 80.04
76.93 79.66
76.6 79.28
76.26 78.88
75.88 78.47
75.48 78.04
75.06 77.61
74.62 77.18
74.18 76.76
73.77 76.37
73.41 76.04
73.16 75.81
73.04 75.65
72.93 75.47
72.84 75.33
72.8 75.15
