70.0 71.88
71.31 72.6
73.44 73.77
76.41 75.38
80.1 77.38
84.33 79.66
88.84 82.08
93.38 84.49
97.7 86.75
101.54 88.76
104.67 90.42
106.96 91.71
108.39 92.65
109.0 93.27
108.89 93.65
108.19 93.87
107.05 94.0
105.56 94.09
103.85 94.18
102.0 94.26
100.09 94.34
98.18 94.38
96.31 94.37
94.5 94.29
92.75 94.12
91.08 93.85
89.48 93.48
87.93 93.01
86.42 92.43
84.93 91.75
83.46 90.97
82.01 90.1
80.59 89.17
79.23 88.18
77.95 87.17
76.79 86.15
75.78 85.14
74.94 84.18
74.28 83.27
73.8 82.42
73.48 81.64
73.3 80.92
73.25 80.26
73.3 79.66
73.44 79.12
73.67 78.63
73.95 78.2
74.28 77.82
74.62 77.48
74.96 77.19
75.27 76.92
75.52 76.68
75.71 76.44
75.83 76.23
75.89 76.02
75.89 75.84
75.85 75.67
75.78 75.52
75.67 75.38
75.53 75.25
75.35 75.12
75.12 74.99
74.86 74.86
74.57 74.72
74.26 74.59
73.96 74.45
73.65 74.31
73.33 74.15
73.0 73.99
72.65 73.8
72.27 73.59
71.88 73.36
71.47 73.1
71.06 72.84
70.7 72.6
70.44 72.41
70.27 72.33
70.1 72.29
70.02 72.34
