92.0 93.05
93.65 93.93
96.38 95.37
100.12 97.36
104.63 99.8
109.63 102.52
114.74 105.34
119.7 108.1
124.48 110.76
129.1 113.31
133.49 115.78
137.54 118.17
141.12 120.45
144.09 122.57
146.34 124.47
147.86 126.14
148.7 127.6
149.0 128.9
148.89 130.11
148.55 131.32
148.11 132.54
147.63 133.77
147.2 135.0
146.81 136.2
146.46 137.34
146.11 138.38
145.66 139.27
145.01 139.97
144.03 140.36
142.53 140.35
140.41 139.88
137.6 138.91
134.18 137.5
130.36 135.78
126.45 133.93
122.73 132.11
119.5 130.49
116.91 129.13
114.98 128.06
113.67 127.22
112.88 126.54
112.49 125.94
112.41 125.34
112.52 124.71
112.75 124.01
113.01 123.24
113.25 122.39
113.4 121.48
113.43 120.5
113.33 119.48
113.06 118.45
112.64 117.42
112.08 116.41
111.38 115.43
110.59 114.47
109.71 113.54
108.78 112.62
107.82 111.72
106.86 110.84
105.9 110.0
104.97 109.19
104.09 108.43
103.25 107.72
102.47 107.05
101.75 106.41
101.07 105.79
100.44 105.2
99.83 104.61
99.23 104.02
98.65 103.43
98.11 102.85
97.61 102.28
97.18 101.74
96.82 101.22
96.52 100.73
96.27 100.27
96.05 99.83
95.84 99.39
95.62 98.95
95.37 98.51
95.08 98.05
94.76 97.59
94.41 97.13
94.06 96.68
93.72 96.25
93.41 95.84
93.13 95.47
92.89 95.13
92.66 94.81
92.44 94.51
92.22 94.22
91.97 93.92
91.7 93.63
91.43 93.33
91.19 93.06
91.11 92.86
91.07 92.69
91.1 92.58
91.28 92.66
91.5 92.9
91.72 93.21
