65.99 68.53
69.45 70.22
75.25 73.14
83.26 77.3
93.04 82.46
103.63 88.16
114.1 93.93
123.85 99.32
132.43 104.04
139.43 107.91
144.53 110.89
147.67 113.04
149.0 114.49
148.83 115.4
147.46 115.96
145.19 116.32
142.25 116.61
138.82 116.9
135.04 117.22
131.04 117.53
126.94 117.76
122.8 117.82
118.7 117.63
114.66 117.16
110.67 116.41
106.7 115.38
102.74 114.1
98.79 112.61
94.93 110.92
91.19 109.07
87.69 107.1
84.47 105.08
81.61 103.03
79.09 100.99
76.95 98.98
75.18 96.99
73.77 95.05
72.69 93.15
71.92 91.33
71.43 89.59
71.18 87.95
71.13 86.41
71.23 84.97
71.45 83.62
71.74 82.36
72.05 81.19
72.34 80.09
72.58 79.08
72.73 78.14
72.8 77.26
72.79 76.44
72.71 75.69
72.6 75.01
72.45 74.4
72.27 73.85
72.05 73.37
71.78 72.94
71.46 72.53
71.09 72.16
70.69 71.8
70.28 71.46
69.85 71.13
69.39 70.81
68.91 70.49
68.38 70.14
67.78 69.77
67.1 69.35
66.37 68.89
65.6 68.41
64.97 68.03
64.83 68.05
64.64 68.18
