59.0 60.24
60.57 61.08
63.06 62.43
66.53 64.31
70.84 66.66
75.76 69.34
81.04 72.21
86.37 75.09
91.43 77.82
95.91 80.25
99.54 82.27
102.14 83.82
103.62 84.88
104.0 85.48
103.37 85.7
101.93 85.65
99.86 85.42
97.36 85.13
94.62 84.84
91.77 84.57
88.93 84.34
86.18 84.11
83.55 83.85
81.08 83.54
78.78 83.15
76.66 82.68
74.73 82.14
73.04 81.54
71.6 80.92
70.44 80.29
69.56 79.69
68.97 79.12
68.65 78.6
68.58 78.13
68.71 77.68
68.99 77.24
69.36 76.8
69.77 76.34
70.16 75.84
70.5 75.31
70.76 74.74
70.91 74.15
70.94 73.54
70.86 72.93
70.65 72.32
70.33 71.73
69.92 71.16
69.45 70.63
68.93 70.13
68.39 69.67
67.83 69.24
67.27 68.83
66.73 68.46
66.21 68.1
65.72 67.77
65.25 67.46
64.83 67.16
64.46 66.87
64.11 66.6
63.78 66.32
63.47 66.04
63.16 65.75
62.85 65.45
62.54 65.13
62.24 64.81
61.95 64.49
61.68 64.17
61.42 63.85
61.18 63.55
60.96 63.26
60.76 62.97
60.57 62.69
60.37 62.41
60.14 62.12
59.9 61.83
59.65 61.53
59.38 61.23
59.11 60.95
58.89 60.71
58.82 60.56
58.72 60.46
58.82 60.45
59.04 60.56
