62.0 63.08
65.95 65.19
72.31 68.6
81.29 73.42
92.67 79.57
105.77 86.65
119.42 94.08
132.3 101.21
143.39 107.45
152.1 112.47
158.2 116.18
161.92 118.77
163.73 120.55
164.0 121.82
162.86 122.75
160.36 123.45
156.64 123.9
151.9 124.12
146.46 124.13
140.61 123.99
134.67 123.77
128.88 123.49
123.43 123.15
118.41 122.71
113.87 122.14
109.84 121.42
106.31 120.56
103.25 119.62
100.67 118.64
98.53 117.64
96.73 116.58
95.21 115.42
93.83 114.06
92.49 112.44
91.05 110.54
89.42 108.35
87.52 105.93
85.39 103.34
83.15 100.69
81.01 98.09
79.13 95.67
77.69 93.5
76.77 91.66
76.33 90.16
76.31 88.96
76.66 88.03
77.32 87.32
78.27 86.81
79.51 86.48
81.0 86.31
82.63 86.29
84.36 86.38
86.04 86.54
87.58 86.7
88.88 86.82
89.89 86.89
90.55 86.88
90.87 86.8
90.84 86.65
90.49 86.43
89.87 86.14
88.99 85.78
87.9 85.35
86.64 84.89
85.28 84.4
83.88 83.91
82.48 83.43
81.11 82.97
79.78 82.5
78.51 82.03
77.3 81.52
76.14 80.99
75.04 80.42
74.03 79.83
73.1 79.22
72.25 78.6
71.47 77.97
70.74 77.31
70.05 76.63
69.4 75.94
68.78 75.22
68.19 74.49
67.64 73.76
67.1 73.04
66.61 72.33
66.17 71.64
65.76 70.97
65.39 70.33
65.04 69.71
64.7 69.11
64.35 68.53
64.0 67.95
63.62 67.38
63.22 66.82
62.83 66.28
62.44 65.75
62.04 65.25
61.69 64.78
61.37 64.36
61.14 64.01
61.07 63.75
60.95 63.44
61.08 63.27
61.04 63.01
61.51 62.95
61.41 62.66
61.96 62.77
