73.0 73.84
74.62 74.75
77.33 76.21
81.08 78.2
85.54 80.63
90.47 83.36
95.65 86.28
101.03 89.34
106.79 92.6
113.11 96.11
119.82 99.87
126.5 103.72
132.61 107.46
137.68 110.83
141.51 113.67
144.08 115.94
145.51 117.7
146.0 119.11
145.76 120.32
144.95 121.43
143.71 122.5
142.15 123.51
140.34 124.42
138.34 125.19
136.2 125.83
133.97 126.34
131.67 126.71
129.25 126.89
126.67 126.81
123.91 126.4
120.88 125.61
117.59 124.45
114.09 122.98
110.46 121.28
106.81 119.45
103.28 117.58
100.0 115.7
97.03 113.85
94.42 112.03
92.18 110.25
90.29 108.52
88.72 106.83
87.42 105.17
86.38 103.55
85.55 101.97
84.9 100.42
84.39 98.9
83.97 97.42
83.61 95.98
83.27 94.57
82.95 93.22
82.63 91.94
82.32 90.73
82.02 89.6
81.74 88.55
81.46 87.59
81.18 86.68
80.88 85.84
80.56 85.04
80.21 84.29
79.83 83.58
79.45 82.93
79.09 82.32
78.73 81.77
78.39 81.27
78.07 80.81
77.75 80.38
77.42 79.98
77.1 79.61
76.81 79.26
76.54 78.93
76.29 78.63
76.07 78.35
75.87 78.08
75.69 77.84
75.54 77.61
75.41 77.39
75.31 77.19
75.23 77.0
75.14 76.81
75.03 76.61
74.91 76.41
74.75 76.19
74.56 75.95
74.35 75.71
74.13 75.48
73.94 75.27
73.81 75.11
73.78 75.02
73.99 75.13
74.41 75.3
74.87 75.52
