67.0 67.45
69.59 68.89
73.71 71.14
79.46 74.28
86.69 78.25
95.04 82.81
103.79 87.61
112.19 92.25
119.58 96.36
125.39 99.66
129.3 102.03
131.4 103.56
132.0 104.43
131.45 104.91
130.22 105.29
128.68 105.76
127.05 106.45
125.48 107.39
124.05 108.55
122.78 109.85
121.61 111.19
120.49 112.45
119.42 113.55
118.33 114.42
117.2 115.01
116.02 115.33
114.72 115.37
113.23 115.14
111.51 114.65
109.47 113.89
107.03 112.86
104.21 111.55
101.09 110.0
97.83 108.25
94.62 106.42
91.74 104.63
89.35 102.99
87.53 101.55
86.25 100.34
85.47 99.32
85.06 98.42
84.88 97.57
84.83 96.73
84.83 95.84
84.85 94.9
84.82 93.92
84.73 92.91
84.58 91.89
84.38 90.88
84.11 89.89
83.79 88.95
83.39 88.04
82.91 87.17
82.34 86.34
81.71 85.53
81.05 84.76
80.41 84.04
79.83 83.35
79.25 82.69
78.63 82.06
77.98 81.43
77.29 80.81
76.56 80.19
75.87 79.59
75.25 79.03
74.72 78.53
74.28 78.08
73.93 77.67
73.63 77.29
73.33 76.9
72.98 76.48
72.56 76.01
72.07 75.51
71.57 75.0
71.07 74.48
70.63 73.99
70.24 73.54
69.95 73.13
69.7 72.75
69.52 72.42
69.38 72.1
69.25 71.81
69.1 71.51
68.89 71.19
68.65 70.87
68.35 70.52
68.04 70.17
67.78 69.85
67.64 69.59
67.59 69.38
67.62 69.22
67.67 69.1
67.71 68.98
67.66 68.84
67.52 68.65
67.33 68.43
67.15 68.22
67.02 68.02
66.94 67.86
66.9 67.75
66.9 67.66
66.85 67.55
66.71 67.42
66.49 67.24
66.2 67.03
65.9 66.83
65.72 66.7
65.86 66.75
66.29 66.84
66.42 66.79
