70.0 70.95
71.36 71.7
73.47 72.85
76.33 74.42
79.87 76.36
83.92 78.59
88.31 80.99
92.83 83.46
97.28 85.89
101.5 88.22
105.32 90.38
108.64 92.34
111.39 94.11
113.58 95.7
115.25 97.13
116.46 98.46
117.29 99.72
117.78 100.95
118.0 102.14
117.98 103.3
117.75 104.41
117.36 105.44
116.82 106.38
116.17 107.2
115.42 107.9
114.58 108.49
113.66 108.95
112.68 109.31
111.64 109.53
110.53 109.63
109.34 109.58
108.03 109.36
106.56 108.97
104.95 108.4
103.18 107.66
101.32 106.78
99.44 105.8
97.62 104.77
95.93 103.75
94.46 102.77
93.23 101.87
92.25 101.06
91.53 100.31
91.03 99.63
90.7 98.99
90.49 98.36
90.35 97.73
90.23 97.08
90.11 96.41
89.98 95.72
89.83 95.03
89.65 94.34
89.45 93.68
89.24 93.04
89.0 92.44
88.73 91.86
88.42 91.31
88.08 90.78
87.69 90.26
87.26 89.74
86.81 89.24
86.34 88.74
85.87 88.27
85.4 87.81
84.94 87.36
84.48 86.94
84.01 86.52
83.55 86.12
83.09 85.72
82.63 85.33
82.19 84.94
81.75 84.55
81.33 84.16
80.93 83.78
80.55 83.41
80.2 83.04
79.87 82.68
79.55 82.32
79.23 81.96
78.91 81.6
78.6 81.24
78.29 80.88
78.01 80.54
77.74 80.2
77.49 79.88
77.26 79.56
77.03 79.26
76.79 78.95
76.56 78.66
76.33 78.36
76.09 78.07
75.86 77.78
75.62 77.49
75.39 77.21
75.14 76.94
74.91 76.67
74.67 76.4
74.46 76.15
74.25 75.92
74.06 75.7
73.89 75.49
73.74 75.29
73.6 75.1
73.47 74.92
73.36 74.75
73.25 74.58
73.15 74.41
73.04 74.24
72.91 74.06
72.77 73.88
72.6 73.69
72.41 73.5
72.21 73.3
71.99 73.09
71.76 72.89
71.53 72.68
71.29 72.47
71.04 72.26
70.78 72.04
70.52 71.83
70.3 71.64
70.11 71.49
69.94 71.38
69.86 71.24
69.76 71.07
69.7 70.97
69.64 70.87
69.44 70.77
