67.0 67.64
68.25 68.34
70.31 69.45
73.1 70.99
76.59 72.92
80.64 75.14
84.91 77.52
89.2 79.94
93.48 82.33
97.58 84.6
101.31 86.72
104.56 88.66
107.25 90.41
109.39 91.99
111.04 93.41
112.28 94.74
113.19 96.04
113.86 97.33
114.34 98.65
114.68 100.0
114.9 101.34
115.0 102.63
114.95 103.81
114.73 104.84
114.33 105.7
113.73 106.39
112.95 106.9
111.99 107.25
110.84 107.41
109.47 107.38
107.87 107.15
106.0 106.7
103.91 106.05
101.66 105.25
99.37 104.34
97.17 103.39
95.17 102.46
93.45 101.58
92.07 100.79
90.99 100.07
90.19 99.41
89.61 98.77
89.18 98.13
88.82 97.47
88.52 96.77
88.25 96.03
87.99 95.26
87.76 94.48
87.54 93.71
87.32 92.95
87.1 92.22
86.85 91.51
86.57 90.82
86.23 90.16
85.85 89.5
85.43 88.87
84.98 88.24
84.52 87.64
84.05 87.05
83.59 86.5
83.13 85.96
82.65 85.45
82.14 84.94
81.62 84.44
81.07 83.95
80.51 83.46
79.95 82.97
79.38 82.48
78.81 81.99
78.24 81.5
77.66 81.0
77.1 80.5
76.55 80.0
76.02 79.52
75.53 79.05
75.09 78.6
74.68 78.17
74.3 77.75
73.94 77.33
73.56 76.9
73.18 76.47
72.8 76.03
72.45 75.61
72.12 75.19
71.82 74.79
71.55 74.41
71.31 74.04
71.08 73.69
70.87 73.35
70.64 73.02
70.41 72.7
70.17 72.4
69.94 72.1
69.72 71.81
69.52 71.53
69.34 71.24
69.16 70.97
68.97 70.7
68.78 70.44
68.59 70.2
68.43 69.99
68.28 69.79
68.15 69.6
68.01 69.41
67.84 69.2
67.64 68.99
67.42 68.76
67.21 68.55
67.04 68.37
66.93 68.24
66.95 68.18
67.13 68.17
67.31 68.21
67.37 68.16
67.5 68.18
