69.0 73.27
73.14 75.44
80.45 79.3
90.85 84.86
103.82 91.69
117.68 98.99
130.38 105.8
140.68 111.33
147.88 115.06
151.6 116.88
152.0 117.04
149.73 116.04
145.71 114.47
140.68 112.8
135.23 111.38
129.71 110.34
124.34 109.71
119.21 109.44
114.35 109.39
109.78 109.44
105.49 109.41
101.45 109.15
97.64 108.53
94.05 107.52
90.71 106.15
87.67 104.55
85.0 102.88
82.75 101.3
80.97 99.9
79.69 98.7
78.89 97.66
78.53 96.72
78.58 95.84
78.96 94.95
79.59 94.03
80.36 93.09
81.17 92.11
81.91 91.08
82.49 90.02
82.85 88.92
82.95 87.79
82.79 86.63
82.39 85.48
81.78 84.36
81.03 83.3
80.18 82.31
79.28 81.42
78.36 80.62
77.46 79.89
76.58 79.24
75.72 78.63
74.9 78.07
74.12 77.53
73.38 77.01
72.68 76.51
72.03 76.0
71.41 75.5
70.78 74.98
70.16 74.44
69.51 73.88
68.88 73.39
68.5 73.11
68.66 73.15
68.99 73.4
