77.0 78.12
78.57 78.98
81.03 80.32
84.43 82.16
88.65 84.45
93.48 87.07
98.64 89.87
103.85 92.68
108.78 95.35
113.16 97.75
116.81 99.8
119.59 101.48
121.49 102.81
122.59 103.84
123.0 104.65
122.84 105.33
122.27 105.95
121.39 106.55
120.31 107.16
119.1 107.79
117.83 108.43
116.56 109.03
115.33 109.59
114.15 110.08
113.06 110.48
112.03 110.8
111.09 111.03
110.2 111.18
109.38 111.23
108.59 111.2
107.81 111.05
106.97 110.79
106.03 110.37
104.94 109.79
103.67 109.03
102.25 108.12
100.73 107.1
99.21 106.02
97.79 104.95
96.55 103.95
95.54 103.05
94.78 102.27
94.26 101.59
93.95 101.01
93.8 100.49
93.77 100.01
93.82 99.55
93.9 99.1
93.99 98.64
94.07 98.17
94.11 97.69
94.09 97.21
94.01 96.72
93.86 96.23
93.66 95.76
93.41 95.31
93.12 94.88
92.81 94.47
92.48 94.09
92.11 93.71
91.72 93.33
91.3 92.95
90.84 92.56
90.35 92.17
89.84 91.76
89.29 91.36
88.74 90.94
88.16 90.53
87.6 90.11
87.03 89.69
86.46 89.26
85.89 88.83
85.34 88.4
84.8 87.96
84.29 87.53
83.8 87.1
83.33 86.67
82.88 86.24
82.45 85.81
82.04 85.38
81.66 84.96
81.31 84.55
81.0 84.15
80.72 83.77
80.47 83.41
80.25 83.06
80.04 82.72
79.84 82.39
79.65 82.07
79.45 81.75
79.24 81.44
79.04 81.13
78.85 80.84
78.66 80.55
78.48 80.28
78.3 80.01
78.11 79.75
77.91 79.49
77.7 79.23
77.47 78.96
77.22 78.7
76.94 78.43
76.68 78.17
76.44 77.93
76.26 77.74
76.21 77.62
76.22 77.54
76.21 77.54
76.25 77.61
