57.0 59.0
58.93 60.07
61.99 61.78
66.21 64.11
71.43 66.99
77.41 70.28
83.89 73.8
90.55 77.36
97.01 80.77
102.86 83.82
107.64 86.33
111.01 88.19
112.79 89.34
113.0 89.82
111.8 89.76
109.48 89.33
106.37 88.72
102.75 88.07
98.92 87.49
95.09 87.04
91.4 86.69
87.95 86.41
84.81 86.15
81.97 85.87
79.44 85.52
77.19 85.08
75.19 84.53
73.38 83.84
71.69 82.98
70.09 81.97
68.53 80.83
67.04 79.59
65.66 78.31
64.43 77.04
63.4 75.82
62.6 74.66
62.05 73.58
61.72 72.58
61.62 71.68
61.75 70.87
62.08 70.17
62.6 69.59
63.29 69.12
64.1 68.75
64.99 68.47
65.91 68.27
66.81 68.12
67.66 68.01
68.42 67.93
69.05 67.86
69.54 67.78
69.86 67.7
70.0 67.59
69.94 67.45
69.71 67.28
69.31 67.06
68.77 66.82
68.12 66.57
67.41 66.31
66.67 66.06
65.9 65.81
65.14 65.56
64.4 65.31
63.68 65.05
62.99 64.79
62.35 64.52
61.76 64.24
61.21 63.95
60.71 63.64
60.25 63.33
59.83 63.0
59.44 62.65
59.07 62.29
58.72 61.91
58.37 61.53
58.03 61.13
57.69 60.72
57.33 60.3
56.97 59.86
56.6 59.42
56.23 58.98
55.86 58.56
55.53 58.18
55.31 57.9
55.22 57.76
55.17 57.66
55.08 57.67
55.21 57.55
55.16 57.29
