65.99 68.35
67.74 69.25
70.52 70.73
74.37 72.78
79.17 75.36
84.67 78.3
90.55 81.45
96.5 84.6
102.16 87.58
107.22 90.26
111.46 92.54
114.7 94.38
116.86 95.76
117.92 96.74
117.99 97.36
117.18 97.7
115.62 97.83
113.44 97.81
110.8 97.69
107.83 97.49
104.65 97.22
101.41 96.9
98.21 96.52
95.14 96.07
92.25 95.55
89.52 94.93
86.91 94.19
84.39 93.31
81.94 92.28
79.55 91.12
77.29 89.86
75.23 88.55
73.42 87.24
71.92 85.98
70.75 84.78
69.9 83.66
69.35 82.61
69.09 81.65
69.08 80.77
69.31 79.97
69.75 79.25
70.34 78.62
71.05 78.06
71.84 77.56
72.67 77.12
73.48 76.73
74.23 76.38
74.88 76.06
75.41 75.77
75.8 75.49
76.04 75.23
76.13 74.97
76.09 74.71
75.92 74.46
75.63 74.21
75.25 73.97
74.78 73.73
74.25 73.49
73.64 73.24
72.99 72.99
72.3 72.72
71.6 72.45
70.91 72.17
70.23 71.89
69.6 71.61
69.01 71.33
68.46 71.05
67.94 70.75
67.46 70.44
66.99 70.11
66.55 69.76
66.13 69.4
65.74 69.04
65.38 68.7
65.14 68.44
65.08 68.29
65.06 68.17
65.21 68.18
