80.0 81.52
82.07 82.71
85.35 84.56
89.85 87.08
95.44 90.2
101.88 93.8
108.89 97.68
116.15 101.67
123.32 105.59
130.05 109.27
136.03 112.59
140.96 115.45
144.66 117.81
147.15 119.7
148.55 121.2
149.0 122.43
148.7 123.51
147.86 124.53
146.63 125.55
145.14 126.59
143.49 127.61
141.75 128.57
139.91 129.4
137.99 130.07
136.01 130.55
133.95 130.83
131.86 130.92
129.77 130.83
127.73 130.58
125.74 130.19
123.83 129.68
121.98 129.03
120.17 128.26
118.34 127.35
116.48 126.28
114.57 125.05
112.6 123.66
110.61 122.14
108.65 120.54
106.76 118.91
105.01 117.29
103.41 115.72
102.01 114.23
100.84 112.83
99.89 111.54
99.16 110.37
98.65 109.3
98.38 108.35
98.31 107.52
98.44 106.79
98.75 106.16
99.19 105.62
99.71 105.16
100.28 104.76
100.87 104.41
101.45 104.11
102.01 103.85
102.53 103.64
102.99 103.45
103.38 103.29
103.69 103.15
103.9 103.02
104.02 102.9
104.04 102.77
103.96 102.65
103.77 102.51
103.48 102.35
103.08 102.16
102.58 101.94
101.99 101.69
101.34 101.41
100.65 101.12
99.93 100.81
99.22 100.49
98.5 100.16
97.77 99.81
97.02 99.43
96.26 99.02
95.49 98.58
94.72 98.11
93.97 97.62
93.24 97.11
92.53 96.58
91.84 96.04
91.19 95.49
90.57 94.94
89.96 94.37
89.38 93.8
88.81 93.22
88.24 92.63
87.67 92.04
87.1 91.43
86.53 90.83
85.98 90.22
85.46 89.64
84.98 89.07
84.55 88.54
84.18 88.04
83.82 87.56
83.48 87.1
83.16 86.64
82.85 86.2
82.57 85.77
82.32 85.36
82.08 84.96
81.86 84.58
81.63 84.21
81.38 83.84
81.09 83.45
80.77 83.07
80.42 82.68
80.06 82.32
79.73 82.02
79.56 81.79
79.62 81.66
79.93 81.85
80.65 82.16
