56.0 63.88
60.78 66.3
68.91 70.53
80.26 76.54
94.29 83.9
109.66 91.97
124.95 100.06
139.32 107.57
152.15 114.07
162.72 119.31
170.4 123.16
174.81 125.62
176.0 126.83
174.31 127.01
170.35 126.48
164.81 125.61
158.42 124.77
151.77 124.23
145.27 124.11
139.13 124.36
133.41 124.8
128.09 125.19
123.08 125.3
118.28 124.98
113.58 124.18
108.94 122.93
104.34 121.29
99.83 119.35
95.51 117.19
91.48 114.88
87.84 112.5
84.65 110.14
81.97 107.85
79.82 105.7
78.24 103.69
77.28 101.85
76.91 100.14
77.04 98.55
77.58 97.05
78.39 95.63
79.33 94.26
80.28 92.91
81.13 91.58
81.77 90.24
82.16 88.89
82.25 87.54
82.0 86.17
81.41 84.78
80.51 83.4
79.35 82.02
77.97 80.68
76.45 79.38
74.87 78.15
73.25 76.98
71.61 75.87
69.96 74.81
68.34 73.78
66.77 72.77
65.26 71.78
63.84 70.8
62.52 69.84
61.27 68.87
60.04 67.88
58.81 66.86
57.58 65.8
56.35 64.73
55.21 63.74
54.47 63.0
54.22 62.49
54.16 62.13
