66.0 67.46
67.27 68.14
69.31 69.23
72.15 70.76
75.69 72.67
79.74 74.85
84.05 77.17
88.37 79.48
92.45 81.65
96.07 83.59
99.08 85.23
101.38 86.55
102.93 87.58
103.77 88.36
104.0 88.95
103.7 89.42
103.04 89.83
102.13 90.23
101.08 90.65
99.96 91.11
98.83 91.58
97.73 92.06
96.7 92.51
95.72 92.9
94.83 93.23
94.0 93.47
93.21 93.63
92.46 93.7
91.72 93.67
90.98 93.55
90.22 93.32
89.43 93.0
88.57 92.55
87.6 91.98
86.49 91.29
85.26 90.48
83.96 89.59
82.66 88.66
81.44 87.74
80.39 86.88
79.53 86.11
78.89 85.44
78.46 84.87
78.25 84.4
78.24 84.01
78.4 83.7
78.71 83.45
79.1 83.23
79.54 83.03
79.96 82.82
80.33 82.6
80.63 82.36
80.85 82.09
80.96 81.8
80.95 81.48
80.83 81.16
80.59 80.83
80.24 80.48
79.8 80.14
79.33 79.8
78.83 79.47
78.34 79.16
77.85 78.86
77.35 78.56
76.83 78.26
76.28 77.94
75.7 77.6
75.11 77.23
74.52 76.86
73.94 76.49
73.39 76.11
72.87 75.74
72.37 75.36
71.88 74.97
71.41 74.57
70.95 74.16
70.52 73.76
70.13 73.38
69.8 73.01
69.51 72.67
69.27 72.33
69.05 72.01
68.84 71.67
68.63 71.34
68.42 70.99
68.19 70.64
67.96 70.3
67.72 69.95
67.46 69.6
67.19 69.26
66.9 68.91
66.6 68.57
66.3 68.25
66.03 67.96
65.86 67.74
65.85 67.64
65.83 67.61
65.81 67.66
