51.99 56.24
55.77 58.12
62.02 61.32
70.75 65.83
81.46 71.41
93.2 77.61
105.0 83.89
116.0 89.74
125.47 94.76
132.9 98.74
138.04 101.64
140.98 103.58
142.0 104.8
141.49 105.53
139.86 106.03
137.46 106.48
134.53 106.98
131.24 107.59
127.73 108.3
124.1 109.03
120.44 109.69
116.8 110.19
113.23 110.45
109.74 110.42
106.32 110.07
102.93 109.41
99.51 108.45
95.99 107.2
92.31 105.66
88.48 103.84
84.59 101.8
80.78 99.61
77.2 97.34
74.0 95.07
71.27 92.87
69.04 90.77
67.3 88.8
66.03 86.95
65.18 85.21
64.69 83.59
64.5 82.06
64.56 80.63
64.78 79.27
65.13 77.98
65.53 76.75
65.93 75.56
66.26 74.42
66.5 73.33
66.62 72.27
66.56 71.26
66.34 70.29
65.96 69.34
65.44 68.43
64.81 67.55
64.13 66.7
63.39 65.9
62.62 65.15
61.85 64.46
61.08 63.81
60.31 63.22
59.56 62.65
58.8 62.09
58.02 61.53
57.22 60.96
56.38 60.36
55.53 59.73
54.67 59.09
53.82 58.43
52.98 57.79
52.21 57.21
51.68 56.67
51.02 56.16
50.49 55.88
50.13 55.56
