66.32 65.85
68.05 66.81
70.64 68.26
74.04 70.17
78.16 72.51
82.86 75.18
87.99 78.1
93.47 81.2
99.17 84.4
104.8 87.57
109.97 90.57
114.33 93.26
117.68 95.53
119.99 97.35
121.35 98.77
121.95 99.92
122.0 100.92
121.65 101.89
121.06 102.9
120.28 103.95
119.39 105.02
118.43 106.05
117.4 107.01
116.33 107.86
115.22 108.61
114.09 109.23
112.93 109.72
111.75 110.06
110.55 110.23
109.32 110.22
107.99 110.03
106.56 109.64
104.94 109.06
103.05 108.26
100.87 107.22
98.42 105.94
95.77 104.45
93.06 102.83
90.45 101.15
88.07 99.52
86.03 98.01
84.37 96.65
83.08 95.44
82.14 94.37
81.51 93.41
81.13 92.52
80.93 91.67
80.87 90.86
80.9 90.06
80.98 89.26
81.05 88.45
81.1 87.64
81.1 86.83
81.02 86.03
80.87 85.25
80.64 84.49
80.35 83.77
80.0 83.09
79.59 82.43
79.14 81.8
78.66 81.19
78.15 80.6
77.62 80.03
77.08 79.48
76.53 78.96
75.98 78.46
75.42 77.98
74.85 77.51
74.28 77.04
73.7 76.57
73.12 76.11
72.55 75.65
72.01 75.2
71.5 74.75
71.03 74.32
70.59 73.91
70.19 73.49
69.8 73.08
69.41 72.67
69.03 72.25
68.67 71.84
68.32 71.42
67.98 71.0
67.64 70.59
67.32 70.18
67.0 69.78
66.7 69.4
66.42 69.03
66.17 68.69
65.94 68.36
65.75 68.05
65.57 67.76
65.41 67.48
65.26 67.21
65.12 66.95
64.99 66.71
64.87 66.47
64.76 66.25
64.63 66.03
64.48 65.82
64.32 65.6
64.15 65.39
63.99 65.19
63.87 65.0
63.8 64.85
63.78 64.73
63.79 64.65
63.82 64.58
63.85 64.52
63.86 64.45
63.83 64.36
63.77 64.25
63.68 64.12
63.57 63.99
63.45 63.87
63.37 63.77
63.34 63.71
63.36 63.68
63.42 63.68
63.5 63.69
63.57 63.7
63.6 63.69
63.59 63.65
63.52 63.59
63.44 63.53
63.4 63.51
63.51 63.59
63.84 63.72
64.25 63.95
