75.99 78.24
77.72 79.15
80.46 80.61
84.2 82.62
88.78 85.1
93.99 87.92
99.57 90.92
105.23 93.94
110.72 96.84
115.77 99.5
120.1 101.84
123.52 103.8
125.98 105.4
127.57 106.71
128.49 107.83
128.92 108.87
129.0 109.91
128.8 111.0
128.38 112.12
127.78 113.25
127.05 114.33
126.18 115.31
125.19 116.13
124.05 116.76
122.73 117.17
121.17 117.31
119.29 117.15
117.03 116.66
114.37 115.83
111.32 114.71
108.02 113.37
104.66 111.92
101.45 110.48
98.61 109.17
96.32 108.05
94.62 107.12
93.5 106.37
92.88 105.73
92.64 105.15
92.64 104.57
92.77 103.93
92.96 103.22
93.15 102.42
93.28 101.55
93.33 100.62
93.28 99.66
93.12 98.68
92.84 97.71
92.45 96.77
91.96 95.86
91.4 95.0
90.77 94.18
90.11 93.41
89.44 92.68
88.76 91.98
88.11 91.32
87.47 90.69
86.86 90.08
86.26 89.51
85.66 88.94
85.04 88.39
84.41 87.84
83.75 87.27
83.07 86.7
82.36 86.12
81.66 85.53
80.97 84.94
80.31 84.36
79.67 83.78
79.08 83.23
78.53 82.68
78.02 82.16
77.54 81.64
77.11 81.14
76.7 80.65
76.33 80.16
76.0 79.7
75.7 79.26
75.45 78.85
75.27 78.52
75.23 78.34
75.54 78.15
76.02 78.03
