56.0 60.17
60.65 62.54
68.7 66.8
80.32 72.95
94.68 80.43
109.54 88.34
123.06 95.7
134.1 101.67
141.85 105.76
146.05 107.91
147.0 108.42
145.32 107.79
141.71 106.53
136.79 105.09
131.12 103.73
125.07 102.61
118.96 101.78
112.96 101.24
107.17 100.93
101.68 100.73
96.53 100.51
91.76 100.1
87.37 99.37
83.34 98.27
79.65 96.8
76.23 95.08
73.1 93.22
70.27 91.36
67.81 89.58
65.79 87.91
64.24 86.34
63.17 84.85
62.56 83.41
62.35 82.02
62.47 80.67
62.88 79.37
63.5 78.12
64.3 76.96
65.24 75.9
66.29 74.96
67.41 74.15
68.56 73.47
69.66 72.89
70.65 72.38
71.46 71.92
72.01 71.46
72.26 70.98
72.17 70.45
71.73 69.86
70.97 69.21
69.97 68.53
68.8 67.85
67.58 67.21
66.38 66.64
65.27 66.16
64.29 65.78
63.44 65.47
62.7 65.21
62.05 64.96
61.44 64.69
60.83 64.36
60.19 63.97
59.52 63.53
58.86 63.03
58.23 62.51
57.66 61.99
57.15 61.46
56.66 60.93
56.14 60.37
55.53 59.76
54.81 59.15
54.16 58.62
53.65 58.42
53.07 58.25
