64.0 66.57
67.51 68.5
73.2 71.64
81.1 75.99
90.88 81.34
101.9 87.35
113.4 93.61
124.69 99.67
135.04 105.16
143.77 109.79
150.34 113.35
154.43 115.79
156.0 117.16
155.27 117.64
152.69 117.5
148.78 117.04
144.1 116.54
139.1 116.2
134.14 116.15
129.43 116.38
125.12 116.82
121.27 117.34
117.89 117.83
114.94 118.17
112.32 118.3
109.93 118.15
107.65 117.69
105.34 116.9
102.92 115.75
100.35 114.28
97.62 112.54
94.82 110.59
92.04 108.54
89.39 106.46
86.98 104.43
84.89 102.47
83.16 100.62
81.84 98.9
80.91 97.31
80.39 95.87
80.23 94.58
80.37 93.43
80.76 92.41
81.32 91.48
81.96 90.63
82.59 89.82
83.14 89.01
83.52 88.2
83.69 87.36
83.61 86.48
83.27 85.57
82.66 84.63
81.84 83.67
80.84 82.71
79.71 81.75
78.51 80.83
77.28 79.95
76.06 79.12
74.89 78.34
73.77 77.62
72.72 76.93
71.74 76.28
70.84 75.64
70.01 75.02
69.23 74.4
68.52 73.78
67.85 73.16
67.21 72.52
66.59 71.87
65.99 71.22
65.41 70.56
64.86 69.91
64.34 69.26
63.85 68.63
63.39 68.01
62.95 67.41
62.52 66.81
62.11 66.23
61.71 65.68
61.41 65.23
61.21 64.91
61.31 64.8
61.45 64.86
61.68 65.01
62.13 65.39
