52.0 54.68
54.37 55.88
58.34 57.88
63.66 60.66
70.0 64.05
76.93 67.78
83.96 71.62
90.88 75.39
97.66 79.0
104.09 82.34
109.65 85.29
113.79 87.69
116.24 89.43
117.0 90.47
116.24 90.88
114.24 90.78
111.24 90.35
107.5 89.76
103.24 89.12
98.71 88.49
94.09 87.87
89.57 87.24
85.32 86.58
81.42 85.9
77.93 85.21
74.84 84.51
72.14 83.8
69.8 83.02
67.74 82.15
65.96 81.14
64.4 80.0
63.01 78.74
61.74 77.39
60.56 75.97
59.42 74.5
58.37 73.01
57.48 71.54
56.83 70.14
56.48 68.86
56.45 67.76
56.74 66.84
57.27 66.09
57.97 65.48
58.79 64.98
59.69 64.57
60.63 64.24
61.6 63.99
62.58 63.82
63.53 63.71
64.41 63.66
65.19 63.65
65.82 63.64
66.26 63.64
66.51 63.61
66.56 63.55
66.42 63.47
66.12 63.36
65.7 63.24
65.19 63.11
64.61 62.97
64.0 62.83
63.36 62.68
62.7 62.52
62.02 62.34
61.33 62.14
60.63 61.92
59.93 61.66
59.24 61.37
58.54 61.05
57.86 60.69
57.18 60.31
56.52 59.9
55.9 59.47
55.34 59.05
54.83 58.63
54.36 58.21
53.94 57.79
53.53 57.36
53.12 56.92
52.7 56.46
52.29 55.99
51.92 55.53
51.62 55.11
51.42 54.77
51.43 54.57
51.7 54.57
52.07 54.65
