77.0 79.77
79.39 81.04
83.18 83.04
88.37 85.79
94.83 89.21
102.24 93.14
110.19 97.36
118.18 101.58
125.64 105.54
132.07 109.0
137.11 111.81
140.58 113.9
142.5 115.32
143.0 116.18
142.31 116.63
140.7 116.84
138.4 116.93
135.64 117.02
132.6 117.12
129.39 117.23
126.06 117.31
122.64 117.26
119.11 117.03
115.47 116.54
111.71 115.77
107.88 114.72
104.05 113.42
100.3 111.93
96.74 110.32
93.43 108.67
90.44 107.01
87.8 105.39
85.55 103.81
83.68 102.28
82.19 100.79
81.06 99.34
80.28 97.92
79.81 96.56
79.62 95.24
79.67 94.0
79.92 92.82
80.31 91.72
80.81 90.71
81.36 89.77
81.92 88.91
82.45 88.12
82.92 87.39
83.29 86.71
83.57 86.08
83.75 85.49
83.84 84.95
83.84 84.45
83.74 83.99
83.54 83.57
83.24 83.16
82.83 82.77
82.31 82.37
81.68 81.95
80.96 81.53
80.18 81.09
79.35 80.64
78.49 80.19
77.64 79.74
76.82 79.31
76.09 78.93
75.56 78.65
75.29 78.52
75.36 78.53
75.8 78.68
