64.0 64.77
65.23 65.46
67.15 66.52
69.8 67.98
73.1 69.8
76.91 71.89
81.04 74.14
85.24 76.43
89.27 78.62
92.89 80.6
95.92 82.31
98.24 83.7
99.82 84.78
100.7 85.6
101.0 86.22
100.82 86.74
100.32 87.21
99.63 87.7
98.84 88.26
98.04 88.88
97.31 89.56
96.69 90.29
96.19 91.03
95.81 91.76
95.53 92.44
95.33 93.05
95.16 93.57
95.01 94.0
94.84 94.33
94.64 94.55
94.38 94.67
94.01 94.67
93.51 94.54
92.84 94.28
91.98 93.86
90.91 93.3
89.66 92.6
88.27 91.79
86.79 90.91
85.32 90.0
83.9 89.11
82.62 88.27
81.5 87.49
80.56 86.8
79.83 86.19
79.32 85.66
79.0 85.2
78.86 84.81
78.87 84.46
78.98 84.13
79.15 83.81
79.34 83.5
79.52 83.16
79.67 82.82
79.77 82.47
79.83 82.11
79.84 81.76
79.78 81.41
79.68 81.06
79.51 80.72
79.29 80.38
79.02 80.05
78.71 79.71
78.37 79.39
77.99 79.07
77.61 78.77
77.2 78.47
76.79 78.18
76.38 77.89
75.99 77.62
75.61 77.35
75.25 77.08
74.89 76.82
74.53 76.55
74.17 76.27
73.82 75.99
73.45 75.69
73.1 75.39
72.75 75.08
72.43 74.78
72.12 74.48
71.83 74.19
71.56 73.9
71.3 73.61
71.06 73.32
70.83 73.04
70.6 72.76
70.38 72.48
70.16 72.21
69.93 71.92
69.7 71.64
69.47 71.37
69.26 71.1
69.06 70.85
68.89 70.62
68.73 70.4
68.59 70.2
68.46 70.01
68.33 69.81
68.2 69.62
68.07 69.43
67.93 69.24
67.79 69.05
67.64 68.86
67.48 68.67
67.31 68.48
67.13 68.29
66.96 68.11
66.79 67.94
66.63 67.77
66.49 67.62
66.36 67.47
66.22 67.32
66.08 67.17
65.92 67.0
65.75 66.83
65.55 66.64
65.35 66.45
65.13 66.26
64.91 66.08
64.71 65.92
64.57 65.81
64.44 65.74
64.3 65.59
64.23 65.43
64.14 65.25
64.08 65.11
63.93 64.91
