75.0 75.02
76.44 75.82
78.76 77.09
82.0 78.86
86.06 81.08
90.68 83.62
95.51 86.31
100.22 88.93
104.5 91.33
108.1 93.38
110.87 95.01
112.75 96.24
113.75 97.11
114.0 97.7
113.66 98.12
112.93 98.47
112.01 98.86
111.06 99.36
110.21 100.01
109.5 100.81
108.98 101.73
108.65 102.71
108.48 103.68
108.43 104.6
108.48 105.42
108.58 106.13
108.7 106.74
108.82 107.24
108.89 107.65
108.9 107.97
108.81 108.17
108.58 108.26
108.19 108.21
107.59 108.01
106.73 107.64
105.6 107.09
104.23 106.39
102.7 105.57
101.12 104.7
99.64 103.85
98.34 103.07
97.28 102.4
96.5 101.87
95.98 101.45
95.68 101.13
95.55 100.86
95.54 100.6
95.59 100.34
95.67 100.05
95.74 99.72
95.78 99.35
95.77 98.96
95.71 98.53
95.57 98.09
95.36 97.64
95.08 97.18
94.75 96.73
94.36 96.28
93.93 95.84
93.49 95.4
93.03 94.98
92.56 94.56
92.09 94.15
91.63 93.74
91.15 93.34
90.68 92.95
90.21 92.56
89.74 92.17
89.27 91.78
88.8 91.39
88.35 91.0
87.91 90.62
87.49 90.26
87.11 89.9
86.77 89.56
86.45 89.23
86.16 88.9
85.89 88.57
85.61 88.24
85.34 87.9
85.08 87.57
84.85 87.24
84.65 86.94
84.47 86.65
84.3 86.37
84.13 86.1
83.95 85.83
83.74 85.55
83.51 85.27
83.27 84.99
83.04 84.71
82.8 84.44
82.58 84.17
82.36 83.91
82.13 83.65
81.92 83.41
81.71 83.17
81.5 82.95
81.3 82.74
81.1 82.53
80.89 82.31
80.66 82.08
80.4 81.84
80.12 81.57
79.82 81.3
79.51 81.03
79.22 80.77
78.96 80.53
78.74 80.31
78.54 80.11
78.36 79.92
78.18 79.72
77.97 79.51
77.75 79.29
77.51 79.05
77.28 78.82
77.06 78.59
76.86 78.36
76.68 78.15
76.53 77.94
76.39 77.75
76.25 77.56
76.12 77.38
75.97 77.21
75.81 77.03
75.63 76.86
75.45 76.68
75.27 76.49
75.09 76.3
74.92 76.1
74.75 75.91
74.59 75.72
74.46 75.55
74.34 75.4
74.24 75.26
74.14 75.13
74.02 74.99
73.87 74.84
73.69 74.67
73.49 74.49
73.31 74.31
73.16 74.15
73.04 74.02
72.97 73.91
72.94 73.84
72.95 73.79
73.02 73.79
73.06 73.81
73.0 73.72
73.01 73.63
72.91 73.3
72.48 72.92
72.1 72.51
71.81 72.22
71.39 71.92
71.15 71.85
