58.0 60.61
60.56 61.98
64.91 64.33
71.06 67.63
78.49 71.64
86.53 76.06
94.75 80.55
102.74 84.87
110.15 88.83
116.72 92.32
122.18 95.28
126.28 97.67
128.88 99.49
130.0 100.77
129.82 101.61
128.6 102.14
126.6 102.52
124.04 102.84
121.1 103.17
117.88 103.49
114.45 103.72
110.88 103.78
107.22 103.6
103.52 103.18
99.85 102.54
96.32 101.76
93.02 100.9
90.02 100.01
87.36 99.09
85.02 98.14
83.0 97.14
81.24 96.09
79.74 94.99
78.47 93.83
77.41 92.64
76.56 91.42
75.9 90.17
75.4 88.91
75.01 87.63
74.67 86.34
74.33 85.05
73.93 83.75
73.49 82.45
73.0 81.16
72.47 79.91
71.93 78.72
71.36 77.58
70.76 76.51
70.13 75.5
69.47 74.53
68.78 73.61
68.09 72.74
67.39 71.91
66.71 71.13
66.05 70.4
65.43 69.73
64.87 69.09
64.35 68.5
63.86 67.93
63.39 67.37
62.89 66.82
62.37 66.26
61.83 65.69
61.29 65.13
60.78 64.59
60.33 64.08
59.96 63.61
59.68 63.19
59.43 62.79
59.19 62.4
58.88 61.98
58.47 61.51
57.93 60.98
57.41 60.51
56.82 60.13
56.21 59.73
