75.0 77.3
77.42 78.53
81.21 80.51
86.43 83.27
92.9 86.72
100.32 90.69
108.25 94.94
116.19 99.17
123.58 103.11
129.86 106.49
134.63 109.15
137.66 111.01
139.0 112.14
138.84 112.68
137.54 112.84
135.44 112.81
132.85 112.78
130.0 112.85
127.05 113.04
124.08 113.31
121.12 113.59
118.16 113.77
115.18 113.78
112.17 113.56
109.11 113.07
106.04 112.32
103.0 111.35
100.03 110.18
97.18 108.89
94.53 107.53
92.1 106.14
89.93 104.77
88.06 103.43
86.51 102.14
85.28 100.89
84.39 99.69
83.79 98.52
83.47 97.39
83.38 96.32
83.48 95.29
83.72 94.32
84.06 93.4
84.45 92.54
84.84 91.72
85.19 90.94
85.48 90.19
85.66 89.47
85.72 88.76
85.65 88.07
85.45 87.4
85.13 86.75
84.72 86.13
84.23 85.55
83.7 85.0
83.13 84.5
82.56 84.04
81.99 83.6
81.43 83.2
80.87 82.81
80.31 82.43
79.76 82.06
79.2 81.68
78.65 81.29
78.1 80.9
77.56 80.49
77.01 80.08
76.49 79.67
75.98 79.26
75.5 78.86
75.09 78.51
74.82 78.25
74.72 78.15
74.76 78.12
74.62 77.92
74.51 77.75
74.32 77.38
