67.0 68.57
68.62 69.48
71.15 70.89
74.58 72.79
78.76 75.12
83.56 77.78
88.81 80.67
94.32 83.65
99.82 86.58
104.96 89.31
109.38 91.7
112.77 93.63
114.97 95.04
116.0 95.95
115.96 96.46
115.08 96.69
113.6 96.8
111.74 96.9
109.68 97.05
107.57 97.29
105.5 97.59
103.52 97.91
101.67 98.21
99.95 98.47
98.37 98.64
96.89 98.7
95.47 98.62
94.07 98.36
92.62 97.91
91.08 97.26
89.47 96.45
87.81 95.5
86.15 94.48
84.53 93.41
83.0 92.32
81.6 91.24
80.33 90.15
79.19 89.07
78.19 88.0
77.34 86.96
76.64 85.96
76.08 85.01
75.66 84.11
75.36 83.27
75.17 82.49
75.06 81.75
75.0 81.06
74.96 80.4
74.93 79.77
74.87 79.16
74.77 78.58
74.63 78.01
74.43 77.46
74.18 76.92
73.9 76.4
73.59 75.9
73.26 75.43
72.92 74.99
72.58 74.58
72.24 74.2
71.91 73.84
71.59 73.51
71.27 73.2
70.97 72.9
70.68 72.62
70.41 72.34
70.14 72.08
69.89 71.82
69.64 71.56
69.4 71.31
69.17 71.06
68.93 70.81
68.68 70.55
68.42 70.28
68.14 70.01
67.86 69.74
67.62 69.52
67.45 69.31
67.24 69.17
67.26 69.17
67.26 69.14
