77.0 77.06
79.45 78.42
83.18 80.49
88.32 83.33
94.81 86.91
102.43 91.12
110.77 95.71
119.21 100.37
127.06 104.75
133.73 108.55
138.8 111.56
142.09 113.73
143.71 115.15
144.0 116.02
143.31 116.6
141.99 117.11
140.34 117.7
138.54 118.47
136.7 119.39
134.87 120.42
133.07 121.48
131.32 122.49
129.64 123.38
128.0 124.11
126.41 124.63
124.88 124.95
123.42 125.06
122.01 124.98
120.6 124.72
119.14 124.29
117.55 123.68
115.72 122.85
113.6 121.78
111.16 120.43
108.45 118.8
105.56 116.96
102.64 114.99
99.83 112.97
97.28 111.01
95.05 109.19
93.19 107.52
91.73 106.03
90.63 104.69
89.86 103.49
89.39 102.39
89.17 101.39
89.14 100.45
89.27 99.58
89.51 98.75
89.82 97.96
90.19 97.21
90.57 96.49
90.88 95.81
91.1 95.15
91.19 94.51
91.13 93.88
90.91 93.24
90.58 92.6
90.15 91.96
89.63 91.32
89.04 90.7
88.4 90.1
87.73 89.53
87.04 88.99
86.35 88.48
85.67 88.01
85.0 87.56
84.35 87.12
83.71 86.68
83.09 86.24
82.49 85.8
81.9 85.35
81.34 84.9
80.82 84.45
80.34 84.02
79.89 83.6
79.5 83.19
79.15 82.79
78.82 82.4
78.52 82.0
78.23 81.61
77.96 81.21
77.71 80.82
77.48 80.45
77.28 80.09
77.09 79.74
76.93 79.42
76.78 79.11
76.66 78.82
76.54 78.55
76.43 78.29
76.32 78.04
76.19 77.8
76.06 77.56
75.92 77.33
75.77 77.11
75.61 76.89
75.45 76.68
75.28 76.47
75.1 76.29
74.98 76.16
75.04 76.16
75.5 76.39
76.64 76.98
