61.0 61.88
62.91 62.97
65.9 64.66
70.02 66.97
75.16 69.83
81.06 73.1
87.41 76.61
93.86 80.14
100.01 83.5
105.51 86.51
110.01 89.04
113.29 91.01
115.26 92.42
116.0 93.33
115.65 93.84
114.45 94.1
112.64 94.23
110.46 94.37
108.11 94.58
105.79 94.91
103.61 95.35
101.66 95.88
99.99 96.46
98.65 97.06
97.6 97.64
96.83 98.17
96.31 98.65
95.99 99.05
95.84 99.36
95.79 99.58
95.82 99.71
95.85 99.73
95.8 99.61
95.58 99.34
95.14 98.88
94.39 98.21
93.32 97.34
92.0 96.31
90.55 95.19
89.08 94.06
87.71 93.01
86.55 92.08
85.63 91.31
84.97 90.7
84.57 90.23
84.44 89.9
84.55 89.67
84.85 89.52
85.3 89.42
85.8 89.34
86.32 89.25
86.8 89.13
87.19 88.97
87.48 88.75
87.64 88.49
87.65 88.19
87.51 87.85
87.22 87.48
86.78 87.08
86.21 86.65
85.52 86.19
84.73 85.69
83.86 85.17
82.96 84.64
82.07 84.13
81.24 83.65
80.48 83.21
79.82 82.81
79.23 82.43
78.7 82.07
78.2 81.7
77.72 81.32
77.23 80.91
76.75 80.47
76.25 80.0
75.75 79.5
75.23 78.99
74.72 78.48
74.21 77.97
73.74 77.46
73.3 76.98
72.91 76.51
72.55 76.07
72.21 75.64
71.9 75.21
71.58 74.79
71.27 74.37
70.97 73.95
70.7 73.55
70.46 73.18
70.25 72.84
70.09 72.53
69.97 72.25
69.86 72.0
69.76 71.77
69.67 71.54
69.57 71.31
69.45 71.08
69.33 70.85
69.2 70.62
69.06 70.4
68.93 70.18
68.79 69.98
68.64 69.78
68.51 69.6
68.36 69.42
68.21 69.24
68.05 69.07
67.88 68.89
67.67 68.71
67.45 68.51
67.21 68.3
66.94 68.08
66.65 67.86
66.36 67.63
66.08 67.41
65.8 67.19
65.53 66.98
65.28 66.77
65.02 66.56
64.77 66.35
64.53 66.14
64.29 65.92
64.06 65.7
63.83 65.47
63.62 65.26
63.42 65.05
63.24 64.86
63.09 64.67
62.94 64.49
62.8 64.31
62.66 64.12
62.5 63.93
62.33 63.73
62.15 63.51
61.96 63.3
61.75 63.08
61.55 62.87
61.39 62.68
61.32 62.56
61.29 62.49
61.26 62.38
61.28 62.29
61.29 62.35
61.37 62.44
