86.0 87.64
88.09 88.72
91.53 90.51
96.41 93.06
102.54 96.27
109.4 99.89
116.29 103.57
122.51 106.95
127.53 109.72
131.09 111.73
133.17 113.0
134.0 113.69
133.91 114.02
133.25 114.26
132.34 114.58
131.42 115.13
130.67 115.97
130.17 117.08
129.93 118.42
129.9 119.91
130.02 121.44
130.23 122.93
130.45 124.27
130.66 125.41
130.81 126.32
130.87 127.01
130.79 127.51
130.56 127.86
130.17 128.1
129.62 128.24
128.92 128.27
128.07 128.19
127.06 127.96
125.84 127.55
124.37 126.93
122.62 126.09
120.58 125.03
118.35 123.8
116.04 122.46
113.78 121.11
111.73 119.83
110.01 118.69
108.7 117.75
107.83 117.02
107.35 116.46
107.22 116.03
107.33 115.67
107.57 115.33
107.85 114.95
108.1 114.51
108.27 113.99
108.33 113.39
108.27 112.72
108.07 112.0
107.74 111.24
107.28 110.47
106.69 109.69
106.01 108.93
105.27 108.19
104.47 107.48
103.66 106.8
102.86 106.14
102.07 105.51
101.33 104.9
100.64 104.33
100.0 103.78
99.4 103.25
98.84 102.74
98.28 102.23
97.74 101.73
97.2 101.23
96.69 100.72
96.19 100.22
95.7 99.72
95.22 99.21
94.77 98.72
94.34 98.23
93.93 97.74
93.55 97.27
93.18 96.8
92.84 96.35
92.5 95.9
92.18 95.47
91.9 95.05
91.63 94.65
91.38 94.27
91.15 93.9
90.92 93.55
90.7 93.21
90.48 92.88
90.25 92.55
90.01 92.22
89.73 91.89
89.44 91.55
89.11 91.2
88.77 90.85
88.42 90.49
88.05 90.14
87.67 89.79
87.31 89.46
87.02 89.17
86.76 88.9
86.43 88.57
86.26 88.36
86.22 88.19
85.93 87.83
85.77 87.62
