82.0 85.17
84.57 86.52
88.66 88.71
94.28 91.73
101.25 95.47
109.18 99.74
117.62 104.26
126.11 108.79
134.21 113.08
141.51 116.98
147.71 120.37
152.63 123.23
156.22 125.58
158.55 127.49
159.76 129.06
160.0 130.39
159.43 131.56
158.24 132.65
156.53 133.69
154.44 134.65
152.05 135.5
149.44 136.21
146.66 136.74
143.77 137.05
140.84 137.14
137.88 137.01
134.9 136.66
131.9 136.09
128.83 135.29
125.67 134.23
122.41 132.93
119.09 131.4
115.77 129.68
112.54 127.82
109.47 125.88
106.65 123.92
104.12 121.97
101.91 120.06
100.06 118.23
98.58 116.49
97.45 114.85
96.64 113.3
96.09 111.84
95.77 110.46
95.63 109.15
95.63 107.92
95.75 106.76
95.96 105.68
96.23 104.68
96.53 103.77
96.85 102.94
97.14 102.18
97.4 101.49
97.59 100.85
97.71 100.25
97.71 99.67
97.6 99.11
97.36 98.55
97.0 98.01
96.54 97.48
96.01 96.96
95.41 96.47
94.78 96.0
94.14 95.55
93.49 95.13
92.84 94.73
92.2 94.34
91.56 93.95
90.92 93.56
90.31 93.16
89.73 92.77
89.17 92.36
88.63 91.94
88.1 91.5
87.54 91.04
86.96 90.54
86.35 90.02
85.73 89.48
85.08 88.91
84.42 88.32
83.75 87.74
83.1 87.16
82.49 86.61
81.96 86.14
81.67 85.72
81.48 85.38
81.46 85.3
81.67 85.21
