89.0 94.02
91.95 95.6
97.05 98.32
104.28 102.13
113.1 106.76
122.64 111.74
131.98 116.59
140.4 120.91
147.46 124.47
153.03 127.24
157.16 129.35
160.03 131.0
161.83 132.38
162.76 133.64
163.0 134.88
162.67 136.13
161.89 137.41
160.78 138.72
159.41 140.03
157.81 141.28
155.99 142.35
153.85 143.12
151.31 143.45
148.23 143.26
144.58 142.56
140.43 141.41
135.97 139.97
131.46 138.4
127.17 136.86
123.33 135.43
120.1 134.16
117.48 133.04
115.44 132.01
113.91 131.01
112.76 129.98
111.88 128.87
111.17 127.66
110.55 126.34
109.96 124.9
109.38 123.37
108.77 121.78
108.11 120.15
107.42 118.53
106.7 116.95
105.94 115.43
105.19 114.01
104.44 112.67
103.69 111.42
102.94 110.22
102.2 109.08
101.45 107.96
100.69 106.87
99.89 105.8
99.06 104.76
98.17 103.73
97.26 102.73
96.31 101.75
95.36 100.81
94.41 99.9
93.47 99.02
92.56 98.16
91.69 97.34
90.84 96.53
90.01 95.75
89.23 95.02
88.64 94.5
88.6 94.27
88.61 94.1
