82.0 83.1
84.23 84.35
87.84 86.35
93.02 89.19
99.64 92.79
107.28 96.93
115.25 101.25
122.8 105.34
129.22 108.83
133.99 111.46
136.9 113.14
138.0 113.93
137.49 114.02
135.74 113.67
133.13 113.11
130.03 112.56
126.75 112.17
123.52 112.01
120.54 112.09
117.91 112.42
115.69 112.92
113.91 113.52
112.56 114.14
111.57 114.7
110.88 115.12
110.38 115.37
109.97 115.42
109.55 115.27
108.99 114.91
108.2 114.34
107.11 113.56
105.76 112.58
104.22 111.47
102.65 110.3
101.23 109.16
100.07 108.12
99.25 107.23
98.78 106.52
98.64 105.97
98.78 105.56
99.13 105.25
99.66 105.01
100.32 104.82
101.06 104.68
101.82 104.55
102.53 104.41
103.12 104.24
103.52 104.0
103.69 103.69
103.6 103.31
103.26 102.85
102.7 102.35
101.95 101.81
101.08 101.26
100.13 100.71
99.13 100.17
98.13 99.64
97.16 99.13
96.23 98.65
95.36 98.19
94.54 97.74
93.8 97.31
93.12 96.89
92.51 96.47
91.96 96.05
91.48 95.64
91.05 95.22
90.64 94.79
90.26 94.36
89.89 93.92
89.52 93.47
89.18 93.01
88.86 92.56
88.57 92.12
88.32 91.69
88.1 91.28
87.88 90.88
87.66 90.48
87.43 90.09
87.16 89.69
86.88 89.29
86.58 88.9
86.29 88.52
86.01 88.16
85.76 87.83
85.52 87.51
85.28 87.21
85.04 86.92
84.81 86.64
84.58 86.37
84.35 86.11
84.12 85.85
83.87 85.58
83.61 85.31
83.33 85.03
83.02 84.73
82.7 84.43
82.36 84.12
82.01 83.82
81.68 83.55
81.4 83.33
81.24 83.2
81.06 83.06
81.04 83.02
81.08 83.01
80.98 82.73
80.6 82.36
80.6 82.3
