65.0 65.82
66.58 66.7
69.08 68.09
72.55 70.01
76.88 72.39
81.84 75.12
87.13 78.03
92.43 80.93
97.4 83.64
101.75 86.03
105.25 88.02
107.8 89.57
109.35 90.7
110.0 91.48
109.85 92.0
109.07 92.35
107.84 92.63
106.32 92.91
104.66 93.24
102.97 93.63
101.33 94.06
99.78 94.5
98.34 94.93
97.04 95.3
95.88 95.61
94.87 95.83
93.98 95.97
93.2 96.02
92.5 96.0
91.84 95.88
91.2 95.66
90.53 95.33
89.76 94.86
88.87 94.26
87.84 93.52
86.71 92.66
85.53 91.72
84.38 90.76
83.32 89.83
82.41 88.95
81.67 88.17
81.13 87.48
80.78 86.9
80.6 86.4
80.56 85.97
80.65 85.59
80.82 85.26
81.04 84.95
81.28 84.67
81.54 84.39
81.77 84.12
81.96 83.84
82.08 83.56
82.12 83.27
82.06 82.97
81.9 82.65
81.65 82.33
81.32 82.0
80.95 81.67
80.54 81.34
80.09 81.01
79.62 80.69
79.13 80.36
78.61 80.03
78.06 79.69
77.49 79.33
76.9 78.97
76.3 78.59
75.71 78.2
75.12 77.81
74.55 77.42
74.02 77.03
73.53 76.65
73.07 76.27
72.65 75.89
72.25 75.52
71.86 75.14
71.5 74.75
71.14 74.36
70.79 73.97
70.45 73.57
70.13 73.17
69.82 72.78
69.53 72.41
69.27 72.04
69.02 71.7
68.79 71.36
68.57 71.03
68.36 70.72
68.15 70.4
67.94 70.1
67.73 69.8
67.52 69.51
67.32 69.23
67.13 68.97
66.95 68.71
66.76 68.46
66.58 68.22
66.39 67.99
66.21 67.77
66.06 67.58
65.96 67.39
65.76 67.18
65.63 67.04
65.5 66.76
65.0 66.25
64.47 65.76
64.02 65.3
63.51 64.78
63.1 64.45
