59.99 64.3
64.94 66.87
73.54 71.39
85.74 77.87
100.87 85.91
117.3 94.68
133.14 103.26
147.0 110.8
158.04 116.72
165.76 120.81
170.01 123.15
171.0 124.06
169.31 124.01
165.7 123.42
160.82 122.68
155.25 122.07
149.48 121.79
143.85 121.91
138.51 122.41
133.54 123.16
128.95 123.97
124.69 124.61
120.68 124.88
116.87 124.66
113.16 123.93
109.46 122.72
105.74 121.14
101.99 119.31
98.27 117.31
94.67 115.2
91.31 113.06
88.34 110.93
85.85 108.86
83.89 106.89
82.5 105.05
81.68 103.35
81.38 101.78
81.52 100.33
82.02 98.99
82.71 97.71
83.43 96.46
84.03 95.18
84.42 93.85
84.5 92.43
84.25 90.95
83.69 89.42
82.85 87.88
81.78 86.37
80.55 84.92
79.22 83.55
77.83 82.27
76.44 81.09
75.09 79.99
73.77 78.96
72.49 77.99
71.27 77.07
70.13 76.2
69.09 75.36
68.18 74.57
67.39 73.82
66.69 73.1
66.06 72.4
65.47 71.71
64.9 71.02
64.32 70.31
63.76 69.59
63.18 68.84
62.55 68.07
61.85 67.27
61.09 66.43
60.26 65.57
59.4 64.7
58.57 63.89
57.92 63.27
58.0 63.13
58.25 63.13
