57.0 58.26
59.01 59.34
62.05 61.02
66.2 63.3
71.37 66.14
77.38 69.42
83.92 72.97
90.63 76.58
97.03 80.01
102.65 83.05
107.08 85.53
110.11 87.37
111.7 88.57
112.0 89.22
111.2 89.49
109.58 89.52
107.4 89.49
104.91 89.48
102.28 89.57
99.67 89.77
97.17 90.04
94.83 90.34
92.67 90.62
90.71 90.83
88.92 90.95
87.32 90.95
85.88 90.82
84.58 90.56
83.4 90.18
82.27 89.68
81.16 89.05
80.02 88.31
78.81 87.43
77.52 86.43
76.17 85.32
74.82 84.13
73.52 82.91
72.33 81.7
71.32 80.54
70.49 79.46
69.87 78.48
69.42 77.6
69.12 76.8
68.95 76.08
68.89 75.43
68.94 74.83
69.08 74.3
69.27 73.81
69.49 73.36
69.68 72.93
69.81 72.51
69.86 72.09
69.81 71.66
69.66 71.22
69.43 70.77
69.1 70.32
68.68 69.87
68.19 69.41
67.63 68.96
67.04 68.5
66.41 68.05
65.8 67.62
65.19 67.2
64.61 66.8
64.08 66.44
63.59 66.09
63.12 65.75
62.68 65.41
62.26 65.06
61.85 64.71
61.45 64.34
61.06 63.97
60.67 63.6
60.31 63.22
59.95 62.85
59.62 62.48
59.31 62.12
59.03 61.76
58.79 61.42
58.57 61.09
58.34 60.76
58.1 60.43
57.81 60.09
57.48 59.72
57.11 59.34
56.72 58.94
56.35 58.55
55.99 58.17
55.66 57.82
55.35 57.5
55.12 57.24
55.01 57.09
55.11 57.13
55.77 57.36
56.89 57.8
