94.0 96.72
96.62 98.1
100.89 100.37
106.81 103.55
114.14 107.48
122.41 111.93
131.03 116.56
139.42 121.05
147.1 125.15
153.68 128.7
158.94 131.64
162.91 134.03
165.7 136.0
167.49 137.68
168.51 139.24
168.98 140.76
169.0 142.32
168.64 143.93
167.97 145.54
167.0 147.1
165.74 148.55
164.25 149.79
162.54 150.81
160.67 151.57
158.71 152.1
156.7 152.42
154.7 152.59
152.73 152.62
150.8 152.53
148.88 152.3
146.94 151.89
144.86 151.25
142.56 150.33
139.98 149.08
137.11 147.51
134.0 145.65
130.75 143.59
127.51 141.41
124.43 139.22
121.64 137.12
119.24 135.17
117.26 133.4
115.71 131.81
114.57 130.39
113.79 129.1
113.31 127.9
113.08 126.78
113.05 125.71
113.16 124.68
113.39 123.69
113.68 122.72
113.97 121.79
114.21 120.89
114.36 120.01
114.38 119.15
114.22 118.29
113.91 117.45
113.47 116.62
112.92 115.81
112.33 115.04
111.75 114.33
111.19 113.67
110.66 113.08
110.14 112.54
109.6 112.02
109.02 111.5
108.37 110.97
107.64 110.41
106.86 109.84
106.06 109.25
105.28 108.68
104.52 108.11
103.82 107.58
103.17 107.06
102.55 106.54
101.95 106.02
101.35 105.49
100.75 104.95
100.16 104.39
99.56 103.81
98.96 103.23
98.39 102.64
97.85 102.06
97.36 101.5
96.9 100.95
96.48 100.43
96.09 99.93
95.68 99.42
95.26 98.93
94.86 98.43
94.51 97.97
94.19 97.57
94.01 97.18
93.82 96.74
93.43 96.3
93.17 95.95
92.61 95.43
