84.0 85.31
88.92 87.95
97.13 92.33
108.8 98.56
123.34 106.38
139.49 115.16
155.64 124.08
170.28 132.28
182.29 139.11
191.1 144.27
196.79 147.82
199.85 150.14
201.0 151.74
200.86 153.11
199.98 154.62
198.69 156.44
197.21 158.63
195.63 161.12
193.97 163.8
192.28 166.54
190.58 169.18
188.87 171.6
187.13 173.66
185.35 175.29
183.48 176.42
181.44 177.08
179.16 177.31
176.57 177.18
173.6 176.7
170.16 175.85
166.17 174.56
161.53 172.76
156.29 170.39
150.55 167.48
144.55 164.15
138.61 160.6
133.07 157.05
128.24 153.69
124.26 150.68
121.19 148.05
118.99 145.77
117.52 143.76
116.61 141.91
116.06 140.11
115.69 138.27
115.36 136.36
114.97 134.34
114.45 132.23
113.8 130.06
113.02 127.86
112.14 125.68
111.16 123.56
110.09 121.52
108.93 119.58
107.68 117.73
106.37 115.97
105.03 114.29
103.69 112.67
102.4 111.14
101.17 109.69
100.04 108.33
99.0 107.08
98.06 105.93
97.2 104.86
96.42 103.87
95.7 102.92
94.99 102.01
94.29 101.12
93.59 100.25
92.9 99.38
92.22 98.54
91.59 97.72
91.04 96.95
90.58 96.23
90.21 95.57
89.9 94.97
89.65 94.41
89.4 93.87
89.14 93.33
88.84 92.78
88.5 92.21
88.12 91.64
87.74 91.07
87.35 90.52
86.98 90.0
86.61 89.52
86.28 89.08
85.96 88.67
85.66 88.3
85.35 87.94
85.05 87.58
84.73 87.21
84.37 86.82
83.97 86.4
83.51 85.97
83.09 85.55
82.69 85.23
82.29 85.13
82.39 85.14
82.96 85.55
83.88 85.85
