90.0 91.47
91.29 92.13
93.33 93.21
96.16 94.73
99.69 96.63
103.75 98.81
108.1 101.14
112.45 103.47
116.56 105.68
120.25 107.67
123.37 109.38
125.82 110.81
127.56 111.95
128.6 112.84
129.0 113.53
128.86 114.08
128.32 114.55
127.5 115.0
126.49 115.47
125.4 115.96
124.29 116.47
123.19 116.97
122.14 117.45
121.16 117.88
120.26 118.24
119.43 118.52
118.62 118.69
117.79 118.74
116.89 118.64
115.84 118.37
114.61 117.91
113.22 117.28
111.72 116.52
110.16 115.66
108.64 114.76
107.24 113.89
106.02 113.06
105.03 112.32
104.3 111.67
103.81 111.1
103.56 110.61
103.49 110.18
103.56 109.78
103.74 109.41
103.96 109.03
104.19 108.64
104.41 108.24
104.58 107.82
104.68 107.39
104.7 106.95
104.64 106.51
104.48 106.06
104.21 105.62
103.85 105.17
103.42 104.71
102.91 104.24
102.34 103.77
101.72 103.29
101.08 102.82
100.42 102.35
99.76 101.9
99.1 101.46
98.46 101.03
97.84 100.61
97.26 100.2
96.72 99.81
96.23 99.43
95.79 99.05
95.38 98.68
95.01 98.31
94.64 97.93
94.28 97.54
93.92 97.14
93.56 96.73
93.2 96.31
92.84 95.89
92.48 95.46
92.11 95.03
91.74 94.61
91.38 94.2
91.04 93.8
90.72 93.42
90.43 93.05
90.16 92.71
89.91 92.39
89.71 92.1
89.59 91.87
89.6 91.74
89.82 91.78
90.36 91.95
