54.0 54.47
55.92 55.56
59.02 57.3
63.42 59.73
68.99 62.79
75.38 66.31
82.13 70.03
88.73 73.67
94.68 76.96
99.58 79.7
103.15 81.78
105.29 83.17
106.0 83.91
105.39 84.12
103.66 83.93
101.05 83.47
97.84 82.9
94.3 82.32
90.69 81.84
87.19 81.48
83.95 81.28
81.07 81.18
78.57 81.15
76.47 81.13
74.75 81.07
73.38 80.96
72.35 80.79
71.63 80.58
71.18 80.33
70.94 80.05
70.88 79.73
70.91 79.37
70.97 78.92
70.96 78.38
70.83 77.71
70.52 76.92
70.04 76.03
69.46 75.08
68.85 74.13
68.3 73.23
67.89 72.45
67.69 71.81
67.7 71.35
67.92 71.06
68.33 70.93
68.92 70.92
69.63 71.01
70.42 71.17
71.26 71.38
72.1 71.6
72.89 71.82
73.58 72.01
74.11 72.14
74.45 72.21
74.57 72.2
74.47 72.12
74.15 71.97
73.65 71.76
73.01 71.5
72.25 71.22
71.41 70.9
70.52 70.57
69.62 70.23
68.71 69.89
67.83 69.55
67.01 69.21
66.26 68.88
65.59 68.56
64.98 68.24
64.44 67.92
63.96 67.59
63.51 67.25
63.1 66.89
62.73 66.52
62.41 66.14
62.11 65.76
61.82 65.38
61.56 64.99
61.29 64.6
61.04 64.21
60.8 63.82
60.56 63.43
60.34 63.06
60.13 62.69
59.93 62.34
59.72 62.0
59.51 61.67
59.3 61.35
59.08 61.04
58.86 60.73
58.64 60.44
58.43 60.17
58.24 59.91
58.05 59.66
57.87 59.42
57.69 59.2
57.51 58.98
57.34 58.77
57.18 58.58
57.04 58.39
56.91 58.22
56.79 58.06
56.69 57.9
56.58 57.74
56.48 57.59
56.37 57.44
56.26 57.29
56.15 57.15
56.05 57.02
55.96 56.89
55.89 56.78
55.85 56.67
55.8 56.57
55.75 56.48
55.7 56.38
55.64 56.29
55.57 56.19
55.49 56.08
55.39 55.98
55.28 55.86
55.16 55.75
55.04 55.63
54.91 55.52
54.77 55.4
54.64 55.29
54.5 55.17
54.36 55.07
54.27 54.99
54.24 54.96
54.11 54.99
54.05 54.88
54.02 54.68
53.68 54.44
53.29 54.14
53.0 53.77
52.66 53.56
52.32 53.48
52.14 53.45
52.03 53.31
