63.0 63.83
64.93 64.88
68.03 66.56
72.37 68.91
77.77 71.84
83.91 75.19
90.36 78.73
96.7 82.21
102.5 85.41
107.43 88.17
111.24 90.37
113.77 91.99
115.0 93.03
114.98 93.57
113.88 93.72
111.9 93.58
109.27 93.29
106.25 92.95
103.02 92.63
99.78 92.39
96.67 92.24
93.81 92.16
91.29 92.14
89.18 92.15
87.49 92.19
86.21 92.24
85.34 92.3
84.84 92.37
84.68 92.44
84.8 92.5
85.14 92.54
85.63 92.53
86.17 92.45
86.64 92.26
86.95 91.92
86.99 91.4
86.7 90.69
86.07 89.8
85.16 88.77
84.09 87.69
82.98 86.63
81.98 85.68
81.17 84.9
80.62 84.3
80.32 83.9
80.27 83.66
80.43 83.55
80.76 83.54
81.25 83.61
81.85 83.72
82.53 83.86
83.22 84.02
83.88 84.15
84.46 84.26
84.89 84.3
85.14 84.26
85.19 84.15
85.03 83.96
84.68 83.7
84.13 83.38
83.43 83.0
82.62 82.59
81.74 82.15
80.81 81.7
79.89 81.24
78.96 80.8
78.04 80.35
77.13 79.9
76.24 79.44
75.37 78.95
74.52 78.45
73.72 77.94
72.97 77.42
72.29 76.9
71.68 76.39
71.14 75.88
70.66 75.39
70.22 74.9
69.82 74.41
69.44 73.92
69.09 73.43
68.76 72.95
68.45 72.47
68.18 72.01
67.94 71.56
67.74 71.14
67.59 70.75
67.47 70.39
67.38 70.05
67.3 69.73
67.21 69.43
67.11 69.13
66.99 68.84
66.85 68.55
66.69 68.27
66.52 68.0
66.34 67.75
66.16 67.51
66.0 67.3
65.87 67.1
65.75 66.92
65.65 66.76
65.56 66.62
65.47 66.48
65.37 66.35
65.28 66.22
65.18 66.1
65.07 65.97
64.93 65.83
64.77 65.67
64.59 65.51
64.39 65.34
64.18 65.16
63.96 64.98
63.76 64.8
63.57 64.64
63.43 64.51
63.4 64.42
63.26 64.42
62.94 64.32
62.69 64.07
62.67 63.93
62.55 63.82
