66.0 68.4
68.54 69.76
72.63 71.99
78.34 75.09
85.41 78.94
93.39 83.31
101.86 87.93
110.36 92.52
118.42 96.84
125.61 100.71
131.59 104.02
136.14 106.72
139.28 108.87
141.16 110.58
142.0 111.98
141.98 113.2
141.32 114.36
140.17 115.5
138.61 116.64
136.71 117.74
134.54 118.71
132.12 119.49
129.48 120.03
126.65 120.29
123.68 120.29
120.61 120.03
117.48 119.54
114.33 118.84
111.16 117.94
107.98 116.84
104.78 115.55
101.55 114.07
98.32 112.42
95.14 110.61
92.09 108.7
89.25 106.72
86.68 104.73
84.42 102.76
82.48 100.84
80.85 98.99
79.52 97.21
78.48 95.52
77.7 93.93
77.16 92.42
76.84 91.02
76.71 89.71
76.72 88.5
76.84 87.37
77.02 86.32
77.25 85.34
77.48 84.43
77.7 83.59
77.88 82.81
78.02 82.1
78.08 81.43
78.1 80.82
78.05 80.24
77.92 79.7
77.72 79.2
77.46 78.72
77.13 78.27
76.75 77.85
76.34 77.45
75.88 77.07
75.41 76.71
74.92 76.37
74.43 76.04
73.94 75.72
73.47 75.41
73.01 75.1
72.56 74.8
72.12 74.49
71.68 74.17
71.23 73.83
70.78 73.48
70.33 73.12
69.88 72.74
69.43 72.35
69.0 71.96
68.58 71.57
68.16 71.17
67.75 70.77
67.35 70.37
66.98 70.0
66.64 69.71
66.47 69.58
66.53 69.38
66.64 69.28
