96.99 101.95
100.52 103.81
106.31 106.9
114.54 111.29
124.97 116.83
136.89 123.12
149.35 129.66
161.22 135.83
171.5 141.12
179.41 145.17
184.58 147.85
187.0 149.25
186.97 149.63
184.96 149.34
181.48 148.68
176.99 147.93
171.88 147.25
166.44 146.73
160.9 146.35
155.41 146.09
150.08 145.84
144.98 145.5
140.12 144.98
135.5 144.2
131.11 143.12
126.95 141.73
123.04 140.11
119.41 138.33
116.15 136.49
113.31 134.67
110.95 132.94
109.09 131.31
107.76 129.79
106.96 128.36
106.63 127.02
106.73 125.75
107.19 124.55
107.94 123.41
108.87 122.33
109.9 121.32
110.97 120.36
111.99 119.44
112.9 118.56
113.65 117.72
114.22 116.91
114.57 116.14
114.71 115.41
114.67 114.72
114.45 114.08
114.07 113.49
113.58 112.94
112.98 112.44
112.28 111.96
111.51 111.5
110.68 111.05
109.78 110.59
108.84 110.13
107.87 109.66
106.88 109.17
105.89 108.67
104.9 108.15
103.92 107.6
102.93 107.02
101.94 106.4
100.93 105.74
99.92 105.04
98.91 104.3
97.91 103.55
96.95 102.78
96.08 102.05
95.36 101.41
94.99 101.0
95.29 101.01
96.32 101.37
