97.0 98.58
97.89 99.05
99.4 99.84
101.47 100.94
103.97 102.27
106.72 103.75
109.62 105.33
112.68 106.99
115.89 108.72
119.22 110.52
122.57 112.35
125.76 114.14
128.55 115.79
130.79 117.22
132.39 118.39
133.4 119.33
133.9 120.09
134.0 120.76
133.83 121.41
133.52 122.09
133.12 122.81
132.69 123.55
132.24 124.27
131.76 124.92
131.18 125.49
130.5 125.93
129.67 126.23
128.67 126.38
127.53 126.37
126.28 126.21
124.95 125.9
123.58 125.48
122.17 124.97
120.72 124.37
119.25 123.72
117.77 123.01
116.33 122.27
114.98 121.51
113.77 120.74
112.74 120.0
111.89 119.29
111.25 118.63
110.79 118.0
110.47 117.41
110.28 116.85
110.17 116.31
110.1 115.77
110.06 115.25
110.02 114.72
109.95 114.18
109.82 113.63
109.63 113.05
109.37 112.47
109.05 111.89
108.71 111.33
108.35 110.8
108.02 110.32
107.7 109.9
107.4 109.5
107.09 109.13
106.76 108.77
106.4 108.39
106.01 108.01
105.58 107.62
105.16 107.24
104.78 106.87
104.43 106.54
104.11 106.22
103.78 105.91
103.45 105.59
103.08 105.25
102.65 104.88
102.17 104.49
101.68 104.08
101.2 103.68
100.77 103.3
100.4 102.95
100.09 102.63
99.83 102.34
99.6 102.06
99.39 101.78
99.18 101.5
98.98 101.21
98.76 100.92
98.54 100.62
98.31 100.32
98.05 100.01
97.81 99.71
97.56 99.41
97.31 99.13
97.09 98.88
96.92 98.69
96.85 98.55
96.69 98.34
96.62 98.23
