90.0 92.93
92.71 94.38
97.25 96.81
103.66 100.22
111.64 104.46
120.52 109.2
129.57 114.04
138.06 118.56
145.4 122.46
151.23 125.56
155.37 127.84
157.89 129.41
159.0 130.43
158.95 131.11
158.02 131.6
156.4 132.03
154.25 132.45
151.67 132.86
148.76 133.25
145.57 133.54
142.12 133.65
138.43 133.52
134.49 133.05
130.31 132.23
125.96 131.05
121.53 129.59
117.19 127.96
113.09 126.25
109.37 124.58
106.14 123.01
103.46 121.56
101.33 120.23
99.75 118.98
98.65 117.79
97.96 116.62
97.6 115.43
97.48 114.23
97.54 112.99
97.68 111.73
97.83 110.44
97.96 109.13
98.04 107.83
98.05 106.56
98.0 105.35
97.92 104.21
97.77 103.16
97.57 102.2
97.32 101.3
97.01 100.47
96.63 99.69
96.21 98.95
95.74 98.25
95.21 97.58
94.64 96.95
94.04 96.34
93.39 95.76
92.73 95.21
92.07 94.68
91.4 94.17
90.73 93.67
90.06 93.18
89.41 92.71
88.86 92.3
88.58 92.06
88.89 92.24
89.47 92.59
