101.0 102.34
102.6 103.22
105.06 104.58
108.47 106.47
112.8 108.84
117.84 111.59
123.29 114.53
128.78 117.47
133.94 120.22
138.46 122.63
142.1 124.6
144.72 126.11
146.33 127.21
147.0 127.95
146.85 128.44
146.06 128.78
144.84 129.07
143.35 129.37
141.72 129.74
140.08 130.19
138.51 130.71
137.04 131.26
135.72 131.81
134.56 132.31
133.57 132.73
132.74 133.07
132.03 133.31
131.42 133.46
130.87 133.5
130.32 133.41
129.67 133.18
128.86 132.78
127.84 132.18
126.6 131.41
125.18 130.49
123.7 129.49
122.26 128.48
121.0 127.54
120.01 126.71
119.33 126.04
118.97 125.53
118.9 125.15
119.07 124.88
119.43 124.68
119.9 124.51
120.41 124.34
120.96 124.16
121.45 123.95
121.85 123.71
122.16 123.43
122.35 123.12
122.36 122.77
122.21 122.38
121.91 121.97
121.44 121.52
120.85 121.07
120.15 120.59
119.39 120.12
118.59 119.64
117.77 119.17
116.96 118.71
116.17 118.25
115.4 117.8
114.64 117.34
113.9 116.88
113.16 116.4
112.43 115.91
111.71 115.39
110.99 114.86
110.29 114.32
109.63 113.77
109.01 113.23
108.44 112.7
107.93 112.19
107.47 111.69
107.06 111.21
106.71 110.75
106.42 110.3
106.17 109.87
105.95 109.45
105.77 109.06
105.62 108.69
105.52 108.35
105.47 108.05
105.47 107.77
105.48 107.51
105.48 107.26
105.43 106.99
105.31 106.71
105.13 106.4
104.89 106.06
104.58 105.72
104.21 105.36
103.8 104.99
103.35 104.62
102.88 104.26
102.41 103.91
101.94 103.56
101.47 103.23
101.01 102.9
100.56 102.58
100.12 102.26
99.69 101.95
99.3 101.63
98.93 101.32
98.63 101.03
98.4 100.77
98.23 100.56
98.16 100.41
98.24 100.37
98.55 100.33
99.01 100.48
98.99 100.61
