73.0 73.45
75.92 75.03
80.44 77.48
86.7 80.87
94.58 85.15
103.68 90.15
113.55 95.58
123.56 101.11
133.09 106.39
141.49 111.13
148.28 115.1
153.12 118.19
155.99 120.42
157.0 121.89
156.46 122.8
154.79 123.37
152.37 123.84
149.53 124.36
146.52 125.01
143.48 125.82
140.53 126.72
137.7 127.63
135.01 128.45
132.47 129.11
130.09 129.56
127.84 129.78
125.69 129.76
123.59 129.5
121.53 129.01
119.43 128.3
117.27 127.36
115.0 126.21
112.62 124.86
110.14 123.32
107.62 121.63
105.16 119.83
102.84 117.97
100.74 116.12
98.91 114.31
97.37 112.58
96.14 110.98
95.2 109.5
94.57 108.16
94.23 106.97
94.16 105.91
94.29 104.96
94.58 104.11
94.97 103.35
95.43 102.64
95.9 101.99
96.37 101.38
96.81 100.82
97.18 100.3
97.46 99.81
97.65 99.34
97.71 98.88
97.62 98.41
97.38 97.93
97.01 97.43
96.48 96.92
95.81 96.4
95.05 95.86
94.2 95.33
93.27 94.79
92.3 94.25
91.35 93.73
90.43 93.21
89.56 92.72
88.75 92.24
88.01 91.77
87.29 91.28
86.56 90.77
85.83 90.23
85.11 89.66
84.37 89.07
83.67 88.47
83.0 87.87
82.37 87.27
81.77 86.69
81.21 86.1
80.7 85.53
80.23 84.96
79.8 84.4
79.42 83.85
79.06 83.32
78.73 82.81
78.43 82.32
78.18 81.86
77.97 81.42
77.78 81.01
77.6 80.61
77.39 80.22
77.12 79.82
76.81 79.41
76.49 79.0
76.19 78.6
75.91 78.23
75.66 77.88
75.44 77.57
75.24 77.29
75.05 77.02
74.89 76.77
74.75 76.54
74.62 76.32
74.5 76.1
74.35 75.88
74.17 75.65
73.94 75.41
73.7 75.18
73.52 75.0
73.46 74.88
73.52 74.69
73.46 74.58
73.54 74.52
73.24 74.25
72.58 73.98
71.8 73.54
71.18 73.02
70.42 72.45
70.01 72.06
69.89 71.67
69.83 71.58
