82.0 83.94
86.45 86.26
93.58 90.06
103.59 95.41
116.1 102.14
130.22 109.81
144.87 117.83
158.9 125.52
171.18 132.29
180.79 137.69
187.28 141.54
190.58 143.89
191.0 144.96
189.01 145.1
185.19 144.69
180.11 144.06
174.26 143.46
168.06 143.04
161.79 142.84
155.64 142.81
149.7 142.84
144.02 142.79
138.6 142.52
133.44 141.92
128.48 140.93
123.69 139.53
119.03 137.75
114.51 135.66
110.17 133.34
106.06 130.88
102.24 128.34
98.78 125.78
95.74 123.22
93.14 120.71
91.02 118.25
89.39 115.87
88.25 113.58
87.55 111.41
87.28 109.38
87.35 107.5
87.7 105.75
88.23 104.14
88.89 102.64
89.59 101.25
90.26 99.96
90.87 98.76
91.37 97.65
91.75 96.61
91.99 95.66
92.09 94.78
92.05 93.97
91.89 93.23
91.62 92.56
91.27 91.95
90.85 91.41
90.38 90.91
89.87 90.46
89.31 90.05
88.73 89.66
88.15 89.29
87.57 88.95
87.01 88.63
86.47 88.32
85.93 88.01
85.39 87.7
84.86 87.37
84.33 87.03
83.81 86.67
83.32 86.31
82.86 85.95
82.42 85.58
81.99 85.19
81.55 84.79
81.11 84.37
80.66 83.92
80.2 83.47
79.78 83.05
79.56 82.75
79.65 82.74
80.15 83.14
81.11 83.77
