56.99 59.16
58.66 60.02
61.11 61.32
64.35 63.06
68.29 65.21
72.89 67.72
78.07 70.54
83.7 73.58
89.56 76.73
95.36 79.86
100.74 82.8
105.38 85.41
109.01 87.57
111.48 89.24
112.78 90.42
112.99 91.19
112.28 91.67
110.86 91.95
108.91 92.13
106.6 92.28
104.11 92.43
101.57 92.6
99.1 92.78
96.76 92.98
94.62 93.16
92.71 93.32
91.02 93.42
89.54 93.44
88.26 93.35
87.13 93.14
86.1 92.8
85.12 92.33
84.1 91.71
83.0 90.94
81.77 90.02
80.43 88.95
78.98 87.75
77.5 86.47
76.05 85.16
74.69 83.87
73.47 82.63
72.43 81.48
71.56 80.42
70.89 79.47
70.42 78.63
70.15 77.9
70.1 77.27
70.24 76.75
70.57 76.34
71.05 76.03
71.67 75.81
72.4 75.67
73.19 75.58
73.98 75.53
74.72 75.49
75.35 75.44
75.84 75.36
76.14 75.23
76.22 75.04
76.12 74.8
75.84 74.53
75.42 74.23
74.89 73.92
74.3 73.61
73.67 73.31
73.01 73.03
72.35 72.75
71.67 72.48
70.98 72.2
70.28 71.9
69.58 71.57
68.89 71.23
68.22 70.88
67.6 70.52
67.04 70.15
66.51 69.79
66.02 69.42
65.55 69.05
65.1 68.65
64.67 68.25
64.25 67.83
63.84 67.39
63.45 66.96
63.07 66.51
62.7 66.07
62.33 65.62
61.98 65.17
61.63 64.72
61.28 64.27
60.93 63.84
60.58 63.41
60.22 62.98
59.83 62.55
59.4 62.11
58.94 61.65
58.45 61.2
57.98 60.78
57.62 60.45
57.37 60.21
57.29 59.86
56.78 59.47
56.34 58.92
55.76 58.07
