62.0 62.56
63.31 63.3
65.38 64.47
68.27 66.08
71.9 68.09
76.09 70.4
80.6 72.89
85.16 75.4
89.5 77.78
93.35 79.92
96.52 81.72
98.88 83.14
100.37 84.19
101.0 84.89
100.83 85.29
99.98 85.47
98.56 85.5
96.75 85.44
94.72 85.37
92.6 85.33
90.52 85.34
88.59 85.4
86.86 85.51
85.37 85.65
84.15 85.79
83.18 85.94
82.47 86.08
81.99 86.19
81.72 86.29
81.61 86.35
81.63 86.38
81.76 86.37
81.92 86.3
82.08 86.16
82.19 85.93
82.19 85.61
82.03 85.18
81.69 84.65
81.2 84.04
80.6 83.38
79.96 82.71
79.34 82.08
78.81 81.53
78.42 81.1
78.21 80.78
78.18 80.59
78.32 80.51
78.61 80.52
79.02 80.6
79.52 80.72
80.06 80.86
80.61 81.01
81.16 81.15
81.66 81.27
82.08 81.36
82.38 81.41
82.55 81.41
82.57 81.35
82.45 81.25
82.18 81.1
81.78 80.9
81.28 80.67
80.7 80.41
80.05 80.13
79.37 79.83
78.68 79.53
78.0 79.24
77.36 78.94
76.75 78.66
76.17 78.38
75.63 78.09
75.12 77.8
74.64 77.5
74.18 77.18
73.76 76.86
73.38 76.53
73.03 76.2
72.72 75.87
72.45 75.56
72.21 75.25
71.99 74.94
71.8 74.64
71.65 74.35
71.5 74.05
71.36 73.76
71.22 73.48
71.08 73.19
70.91 72.9
70.75 72.61
70.59 72.34
70.44 72.08
70.29 71.84
70.15 71.62
70.02 71.42
69.9 71.23
69.79 71.05
69.68 70.88
69.57 70.71
69.45 70.55
69.33 70.4
69.22 70.25
69.1 70.1
68.99 69.96
68.88 69.83
68.77 69.7
68.67 69.57
68.58 69.46
68.48 69.34
68.39 69.23
68.3 69.12
68.19 69.0
68.08 68.88
67.95 68.75
67.81 68.62
67.65 68.48
67.48 68.33
67.3 68.19
67.12 68.04
66.94 67.89
66.77 67.75
66.6 67.61
66.44 67.47
66.28 67.33
66.12 67.18
65.96 67.04
65.8 66.89
65.65 66.75
65.5 66.6
65.35 66.46
65.2 66.31
65.04 66.16
64.87 66.0
64.7 65.83
64.5 65.66
64.3 65.48
64.11 65.29
63.91 65.11
63.71 64.93
63.52 64.76
63.36 64.61
63.25 64.48
63.27 64.41
63.3 64.44
63.32 64.33
63.34 64.27
63.26 64.09
63.09 63.86
62.91 63.54
62.74 63.37
62.59 63.14
62.5 63.02
62.41 62.91
