48.0 49.39
50.91 50.95
55.77 53.55
62.57 57.21
70.94 61.74
80.22 66.82
89.68 72.05
98.78 77.1
107.14 81.7
114.41 85.69
120.26 89.01
124.49 91.65
127.03 93.65
128.0 95.08
127.61 96.06
126.13 96.72
123.81 97.19
120.92 97.6
117.7 98.04
114.36 98.56
111.08 99.14
108.01 99.75
105.24 100.33
102.78 100.84
100.63 101.24
98.77 101.53
97.14 101.71
95.75 101.78
94.57 101.75
93.56 101.6
92.67 101.31
91.85 100.86
91.0 100.24
90.01 99.41
88.83 98.37
87.48 97.15
86.01 95.78
84.53 94.35
83.16 92.94
82.02 91.63
81.15 90.47
80.57 89.47
80.26 88.64
80.21 87.95
80.38 87.39
80.73 86.95
81.25 86.6
81.89 86.34
82.6 86.14
83.34 85.99
84.05 85.85
84.7 85.7
85.21 85.54
85.57 85.35
85.75 85.13
85.71 84.86
85.45 84.55
84.98 84.18
84.34 83.76
83.57 83.3
82.69 82.81
81.73 82.3
80.72 81.79
79.67 81.26
78.57 80.73
77.47 80.19
76.37 79.63
75.3 79.05
74.26 78.45
73.25 77.84
72.29 77.22
71.34 76.56
70.4 75.89
69.49 75.19
68.61 74.47
67.79 73.76
67.05 73.05
66.39 72.37
65.81 71.71
65.28 71.05
64.75 70.38
64.21 69.7
63.66 69.0
63.11 68.29
62.59 67.59
62.12 66.92
61.72 66.3
61.37 65.72
61.04 65.17
60.7 64.64
60.35 64.11
59.98 63.58
59.63 63.07
59.32 62.59
59.07 62.15
58.85 61.75
58.64 61.38
58.4 61.01
58.13 60.63
57.83 60.24
57.52 59.85
57.21 59.47
56.92 59.1
56.62 58.75
56.27 58.41
55.92 58.07
55.57 57.71
55.19 57.35
54.84 57.01
54.54 56.68
54.29 56.39
54.04 56.12
53.79 55.85
53.49 55.57
53.18 55.27
52.83 54.94
52.45 54.59
52.11 54.24
51.79 53.92
51.48 53.61
51.2 53.32
50.92 53.05
50.7 52.8
50.45 52.63
50.08 52.4
49.69 51.94
49.15 51.4
48.57 50.84
48.03 50.19
47.61 49.6
47.2 49.23
46.94 48.94
46.68 48.65
46.42 48.36
46.16 48.07
45.9 47.78
45.64 47.49
45.44 47.25
45.24 46.99
