79.0 80.51
80.21 81.15
82.13 82.19
84.81 83.63
88.15 85.44
92.0 87.5
96.11 89.69
100.19 91.86
104.01 93.88
107.34 95.66
110.05 97.14
112.1 98.34
113.52 99.29
114.4 100.08
114.86 100.77
115.0 101.43
114.89 102.1
114.59 102.78
114.12 103.47
113.51 104.14
112.77 104.75
111.93 105.3
111.02 105.74
110.08 106.1
109.14 106.36
108.21 106.54
107.3 106.64
106.4 106.65
105.48 106.58
104.5 106.4
103.45 106.1
102.28 105.67
100.99 105.09
99.59 104.38
98.11 103.55
96.6 102.63
95.12 101.68
93.75 100.72
92.54 99.81
91.52 98.97
90.71 98.21
90.08 97.52
89.64 96.9
89.34 96.31
89.14 95.74
89.01 95.18
88.92 94.62
88.83 94.05
88.71 93.46
88.57 92.88
88.39 92.3
88.21 91.74
88.04 91.23
87.9 90.76
87.77 90.34
87.65 89.96
87.5 89.6
87.3 89.24
87.07 88.89
86.81 88.53
86.54 88.19
86.27 87.86
86.0 87.55
85.74 87.26
85.49 86.99
85.25 86.74
85.01 86.51
84.79 86.29
84.54 86.06
84.28 85.82
83.98 85.56
83.66 85.3
83.33 85.02
83.0 84.74
82.66 84.45
82.34 84.17
82.03 83.89
81.73 83.63
81.44 83.36
81.16 83.09
80.87 82.82
80.57 82.54
80.25 82.25
79.93 81.95
79.6 81.65
79.28 81.35
79.01 81.09
78.82 80.88
78.8 80.81
79.08 80.88
79.76 81.06
