87.0 89.45
89.57 90.92
93.8 93.3
99.76 96.6
107.24 100.69
115.7 105.29
124.51 110.07
133.09 114.68
140.94 118.88
147.7 122.49
153.16 125.48
157.24 127.88
159.99 129.79
161.53 131.31
162.0 132.53
161.55 133.54
160.33 134.42
158.49 135.19
156.16 135.9
153.49 136.56
150.64 137.16
147.76 137.68
144.94 138.11
142.26 138.41
139.72 138.55
137.26 138.5
134.8 138.23
132.22 137.68
129.43 136.83
126.39 135.66
123.14 134.19
119.81 132.51
116.58 130.72
113.65 128.93
111.19 127.23
109.24 125.69
107.82 124.3
106.83 123.04
106.17 121.85
105.73 120.69
105.43 119.51
105.21 118.3
105.02 117.06
104.84 115.8
104.67 114.54
104.49 113.31
104.3 112.12
104.1 111.01
103.87 109.97
103.62 109.02
103.32 108.13
102.96 107.3
102.51 106.49
101.96 105.68
101.31 104.86
100.55 104.03
99.75 103.21
98.93 102.42
98.16 101.7
97.48 101.07
96.9 100.52
96.44 100.06
96.06 99.66
95.74 99.3
95.43 98.93
95.11 98.55
94.75 98.13
94.34 97.68
93.89 97.19
93.42 96.69
92.95 96.19
92.49 95.7
92.07 95.24
91.67 94.79
91.29 94.37
90.91 93.95
90.5 93.52
90.05 93.06
89.55 92.56
88.99 92.04
88.4 91.49
87.8 90.95
87.22 90.43
86.73 90.0
86.47 89.75
86.77 89.83
87.39 90.17
