104.0 107.86
106.15 109.07
110.16 111.25
115.83 114.31
122.6 117.97
129.86 121.89
137.05 125.68
143.66 129.04
149.25 131.8
153.55 133.88
156.51 135.35
158.26 136.34
158.99 137.01
159.0 137.54
158.51 138.06
157.73 138.69
156.78 139.46
155.75 140.38
154.64 141.39
153.44 142.39
152.14 143.28
150.7 143.95
149.11 144.33
147.32 144.41
145.33 144.2
143.15 143.75
140.8 143.09
138.32 142.28
135.78 141.35
133.26 140.35
130.84 139.32
128.61 138.28
126.62 137.25
124.9 136.23
123.47 135.24
122.32 134.26
121.42 133.28
120.74 132.31
120.25 131.34
119.89 130.38
119.63 129.42
119.43 128.46
119.23 127.5
119.01 126.53
118.72 125.56
118.36 124.58
117.91 123.6
117.38 122.64
116.79 121.7
116.19 120.8
115.61 119.97
115.08 119.22
114.63 118.55
114.26 117.97
113.96 117.45
113.69 116.98
113.43 116.53
113.14 116.08
112.81 115.63
112.43 115.16
112.02 114.68
111.57 114.2
111.12 113.72
110.67 113.26
110.24 112.82
109.83 112.4
109.43 111.99
109.02 111.58
108.59 111.16
108.1 110.72
107.56 110.24
106.92 109.7
106.16 109.08
105.21 108.45
104.16 107.87
103.24 107.35
102.13 106.87
