90.0 93.69
92.33 94.97
96.1 97.03
101.3 99.86
107.75 103.35
115.1 107.29
122.93 111.46
130.82 115.6
138.31 119.46
144.9 122.83
150.17 125.55
153.83 127.53
155.76 128.77
156.0 129.33
154.76 129.36
152.32 129.02
148.98 128.47
145.02 127.87
140.74 127.29
136.37 126.8
132.06 126.36
127.94 125.96
124.08 125.52
120.47 125.0
117.08 124.34
113.88 123.5
110.82 122.45
107.86 121.21
105.04 119.79
102.41 118.26
100.04 116.68
98.0 115.12
96.35 113.64
95.11 112.27
94.28 111.02
93.85 109.88
93.78 108.85
94.06 107.92
94.63 107.09
95.45 106.35
96.44 105.69
97.53 105.1
98.64 104.56
99.69 104.05
100.64 103.57
101.45 103.11
102.08 102.67
102.53 102.25
102.78 101.85
102.85 101.48
102.74 101.12
102.49 100.79
102.13 100.48
101.68 100.2
101.17 99.95
100.62 99.72
100.03 99.5
99.42 99.3
98.79 99.09
98.15 98.87
97.51 98.64
96.86 98.38
96.2 98.09
95.54 97.77
94.87 97.42
94.19 97.04
93.49 96.61
92.77 96.15
92.05 95.66
91.34 95.15
90.68 94.67
90.18 94.28
89.9 94.06
89.87 93.92
90.06 93.92
