68.0 68.76
69.66 69.64
72.25 71.03
75.83 72.95
80.3 75.35
85.4 78.11
90.82 81.06
96.17 83.98
101.1 86.7
105.33 89.07
108.68 91.02
111.06 92.53
112.47 93.63
113.0 94.39
112.74 94.89
111.85 95.21
110.48 95.45
108.78 95.65
106.92 95.87
105.0 96.13
103.13 96.44
101.39 96.78
99.82 97.12
98.42 97.43
97.2 97.68
96.14 97.86
95.22 97.95
94.42 97.97
93.73 97.91
93.13 97.79
92.59 97.59
92.1 97.33
91.62 96.98
91.11 96.55
90.55 96.01
89.9 95.37
89.15 94.64
88.31 93.83
87.43 92.97
86.56 92.1
85.76 91.26
85.08 90.48
84.54 89.79
84.15 89.19
83.92 88.69
83.84 88.29
83.89 87.97
84.05 87.71
84.32 87.52
84.66 87.37
85.05 87.25
85.45 87.16
85.84 87.07
86.18 86.98
86.45 86.87
86.62 86.74
86.68 86.58
86.61 86.39
86.42 86.17
86.13 85.93
85.75 85.67
85.29 85.38
84.78 85.09
84.23 84.79
83.66 84.49
83.1 84.19
82.54 83.9
81.99 83.62
81.46 83.34
80.95 83.05
80.45 82.76
79.98 82.46
79.53 82.15
79.08 81.82
78.64 81.48
78.2 81.13
77.77 80.76
77.35 80.38
76.95 80.0
76.56 79.61
76.18 79.23
75.81 78.84
75.45 78.44
75.1 78.06
74.76 77.67
74.43 77.28
74.12 76.91
73.81 76.53
73.49 76.16
73.19 75.8
72.9 75.44
72.62 75.09
72.34 74.75
72.08 74.42
71.83 74.1
71.57 73.79
71.33 73.49
71.1 73.2
70.87 72.92
70.65 72.64
70.44 72.37
70.22 72.1
70.0 71.84
69.78 71.58
69.56 71.32
69.37 71.08
69.2 70.86
69.09 70.67
69.01 70.54
68.89 70.43
68.77 70.25
68.54 70.07
68.28 69.75
68.02 69.4
67.87 69.09
67.71 68.83
67.46 68.42
67.28 68.22
67.14 68.02
66.75 67.74
66.48 67.55
