77.0 77.77
78.52 78.59
80.93 79.89
84.3 81.71
88.55 84.01
93.42 86.66
98.58 89.47
103.63 92.21
108.14 94.66
111.71 96.6
114.04 97.93
115.0 98.59
114.6 98.64
113.06 98.2
110.66 97.45
107.74 96.57
104.6 95.74
101.49 95.07
98.57 94.6
95.92 94.32
93.56 94.19
91.5 94.12
89.7 94.04
88.15 93.89
86.83 93.66
85.7 93.31
84.73 92.86
83.87 92.3
83.09 91.65
82.34 90.93
81.61 90.15
80.92 89.35
80.3 88.56
79.81 87.81
79.48 87.12
79.36 86.52
79.47 86.02
79.81 85.62
80.35 85.33
81.08 85.14
81.97 85.06
82.97 85.07
84.03 85.15
85.12 85.28
86.16 85.44
87.09 85.59
87.88 85.73
88.49 85.82
88.88 85.86
89.05 85.86
89.0 85.8
88.76 85.7
88.35 85.57
87.82 85.43
87.21 85.27
86.55 85.11
85.86 84.96
85.17 84.81
84.49 84.65
83.84 84.5
83.22 84.34
82.64 84.17
82.1 83.99
81.63 83.8
81.21 83.61
80.85 83.41
80.54 83.21
80.27 83.0
80.04 82.77
79.83 82.54
79.64 82.3
79.46 82.04
79.29 81.77
79.12 81.5
78.95 81.22
78.78 80.93
78.6 80.64
78.42 80.36
78.23 80.07
78.04 79.79
77.85 79.52
77.66 79.25
77.46 78.99
77.24 78.74
77.02 78.48
76.8 78.24
76.57 78.0
76.37 77.78
76.2 77.59
76.09 77.45
76.09 77.38
76.21 77.4
76.48 77.47
76.56 77.49
