79.0 80.45
80.63 81.29
83.36 82.73
87.16 84.74
91.84 87.25
97.02 90.03
102.28 92.88
107.21 95.55
111.54 97.89
115.06 99.81
117.66 101.26
119.28 102.29
120.0 102.96
119.91 103.35
119.16 103.56
117.92 103.67
116.37 103.77
114.69 103.93
113.0 104.19
111.44 104.57
110.07 105.05
108.9 105.57
107.94 106.09
107.15 106.55
106.49 106.93
105.93 107.2
105.44 107.36
104.95 107.41
104.4 107.33
103.72 107.09
102.87 106.69
101.83 106.12
100.65 105.42
99.43 104.64
98.26 103.84
97.27 103.1
96.53 102.46
96.06 101.94
95.84 101.54
95.86 101.24
96.04 101.0
96.36 100.8
96.74 100.62
97.15 100.44
97.53 100.23
97.83 99.99
98.02 99.71
98.08 99.38
97.98 98.99
97.75 98.58
97.4 98.14
96.95 97.7
96.41 97.27
95.82 96.85
95.19 96.43
94.55 96.03
93.91 95.63
93.29 95.25
92.69 94.87
92.12 94.5
91.58 94.14
91.06 93.78
90.58 93.43
90.13 93.09
89.71 92.74
89.33 92.4
88.98 92.05
88.65 91.72
88.34 91.38
88.04 91.03
87.73 90.68
87.43 90.31
87.11 89.94
86.79 89.55
86.47 89.17
86.15 88.79
85.84 88.41
85.53 88.04
85.23 87.69
84.95 87.34
84.67 87.0
84.4 86.67
84.12 86.35
83.86 86.03
83.59 85.72
83.32 85.42
83.07 85.12
82.82 84.83
82.57 84.55
82.33 84.27
82.09 84.0
81.86 83.73
81.63 83.47
81.4 83.22
81.17 82.96
80.94 82.7
80.68 82.44
80.42 82.17
80.16 81.9
79.94 81.67
79.73 81.45
79.53 81.25
79.38 81.13
79.35 81.04
79.22 80.82
79.17 80.66
