94.0 98.86
98.78 101.19
107.42 105.54
119.6 111.8
134.0 119.34
148.55 127.18
161.42 134.3
171.63 139.96
178.88 143.87
183.23 146.11
185.0 147.05
184.6 147.13
182.44 146.72
178.88 146.06
174.22 145.28
168.77 144.45
162.8 143.62
156.56 142.85
150.22 142.17
143.93 141.52
137.81 140.8
131.92 139.86
126.38 138.61
121.31 137.06
116.81 135.31
112.98 133.53
109.89 131.89
107.55 130.48
105.88 129.29
104.8 128.23
104.23 127.19
104.09 126.12
104.31 124.99
104.84 123.81
105.6 122.63
106.53 121.47
107.53 120.33
108.49 119.2
109.33 118.07
109.99 116.92
110.42 115.78
110.63 114.65
110.62 113.56
110.41 112.52
110.04 111.55
109.52 110.65
108.88 109.82
108.16 109.05
107.4 108.36
106.62 107.74
105.85 107.2
105.09 106.71
104.34 106.28
103.59 105.87
102.87 105.47
102.17 105.07
101.49 104.66
100.83 104.24
100.21 103.81
99.61 103.38
99.1 102.95
98.62 102.51
98.11 102.01
97.41 101.42
96.42 100.7
95.16 99.94
93.73 99.19
92.75 98.61
91.58 98.07
