74.0 74.77
76.2 76.0
79.86 78.0
85.06 80.84
91.66 84.41
99.09 88.43
106.61 92.54
113.52 96.33
119.26 99.49
123.43 101.85
125.97 103.37
127.0 104.19
126.74 104.49
125.46 104.47
123.47 104.31
121.06 104.16
118.45 104.08
115.79 104.14
113.25 104.34
110.86 104.66
108.7 105.07
106.77 105.51
105.14 105.93
103.83 106.29
102.88 106.58
102.29 106.82
102.05 107.02
102.07 107.22
102.28 107.4
102.51 107.52
102.61 107.51
102.46 107.29
102.0 106.81
101.19 106.08
100.1 105.13
98.87 104.05
97.65 102.94
96.53 101.91
95.6 101.0
94.93 100.26
94.5 99.68
94.25 99.22
94.15 98.84
94.15 98.53
94.22 98.24
94.3 97.96
94.41 97.68
94.53 97.41
94.66 97.14
94.78 96.89
94.9 96.65
95.01 96.41
95.05 96.17
94.99 95.91
94.8 95.62
94.47 95.28
93.97 94.89
93.34 94.45
92.61 93.98
91.84 93.5
91.06 93.01
90.31 92.54
89.62 92.1
89.01 91.68
88.46 91.29
87.94 90.9
87.4 90.52
86.86 90.11
86.28 89.68
85.66 89.21
85.02 88.73
84.44 88.24
83.9 87.76
83.42 87.31
83.04 86.89
82.75 86.49
82.51 86.12
82.29 85.76
82.08 85.4
81.87 85.03
81.62 84.64
81.32 84.24
80.99 83.83
80.67 83.42
80.39 83.04
80.17 82.68
80.03 82.36
79.94 82.08
79.84 81.82
79.68 81.56
79.44 81.27
79.13 80.96
78.82 80.65
78.52 80.34
78.25 80.05
78.03 79.79
77.84 79.55
77.63 79.32
77.41 79.08
77.18 78.83
76.94 78.56
76.67 78.29
76.37 78.02
76.06 77.76
75.78 77.52
75.56 77.31
75.42 77.12
75.38 76.99
75.44 76.89
75.32 76.66
75.21 76.46
75.01 76.25
74.81 76.06
74.48 75.91
74.26 75.66
74.1 75.41
73.7 74.89
73.28 74.33
73.02 73.77
72.82 73.41
