88.0 88.54
89.19 89.18
91.08 90.19
93.69 91.6
96.95 93.36
100.68 95.38
104.65 97.53
108.54 99.65
112.07 101.6
115.03 103.25
117.28 104.57
118.81 105.56
119.67 106.27
120.0 106.79
119.9 107.19
119.49 107.56
118.86 107.93
118.08 108.32
117.17 108.73
116.2 109.14
115.2 109.55
114.22 109.93
113.29 110.27
112.45 110.57
111.69 110.82
111.02 111.0
110.41 111.13
109.85 111.18
109.3 111.16
108.74 111.07
108.12 110.87
107.41 110.57
106.57 110.15
105.62 109.6
104.57 108.95
103.49 108.22
102.42 107.45
101.43 106.69
100.58 105.98
99.86 105.33
99.31 104.75
98.92 104.24
98.67 103.8
98.55 103.42
98.55 103.07
98.63 102.76
98.77 102.46
98.94 102.19
99.12 101.92
99.27 101.64
99.37 101.36
99.41 101.06
99.38 100.76
99.27 100.44
99.1 100.13
98.87 99.81
98.6 99.5
98.28 99.19
97.96 98.89
97.62 98.6
97.26 98.32
96.88 98.04
96.49 97.76
96.09 97.49
95.68 97.21
95.28 96.93
94.88 96.65
94.5 96.38
94.12 96.09
93.75 95.81
93.38 95.52
93.03 95.22
92.67 94.92
92.33 94.62
92.01 94.33
91.71 94.04
91.45 93.76
91.23 93.5
91.03 93.24
90.85 92.99
90.67 92.74
90.48 92.47
90.27 92.19
90.04 91.91
89.8 91.63
89.58 91.36
89.39 91.1
89.24 90.88
89.14 90.69
89.08 90.52
89.03 90.37
88.98 90.23
88.92 90.08
88.83 89.93
88.73 89.77
88.62 89.6
88.5 89.42
88.37 89.26
88.24 89.09
88.11 88.94
87.97 88.79
87.84 88.65
87.69 88.5
87.54 88.36
87.38 88.22
87.21 88.07
87.05 87.94
86.94 87.84
86.96 87.79
86.96 87.72
87.1 87.79
87.56 88.02
