100.0 107.52
104.97 110.21
113.77 114.96
126.42 121.71
142.13 129.95
159.03 138.74
175.01 147.06
188.6 154.05
199.01 159.22
205.99 162.53
209.79 164.31
211.0 165.09
210.33 165.43
208.42 165.74
205.82 166.33
202.95 167.3
200.05 168.67
197.21 170.37
194.46 172.27
191.75 174.2
188.99 175.92
186.04 177.2
182.76 177.81
178.96 177.6
174.48 176.52
169.23 174.68
163.3 172.24
156.91 169.45
150.41 166.54
144.2 163.71
138.68 161.09
134.06 158.75
130.47 156.7
127.91 154.9
126.26 153.29
125.37 151.77
125.05 150.28
125.08 148.72
125.26 147.04
125.42 145.22
125.44 143.24
125.26 141.15
124.85 138.99
124.26 136.82
123.51 134.7
122.62 132.68
121.62 130.78
120.51 128.99
119.29 127.28
117.95 125.63
116.52 124.01
115.0 122.42
113.42 120.84
111.83 119.31
110.28 117.84
108.77 116.43
107.33 115.11
105.99 113.87
104.73 112.7
103.53 111.58
102.38 110.51
101.28 109.47
100.26 108.47
99.35 107.6
98.9 107.15
99.45 107.3
100.36 107.68
