71.99 73.31
73.76 74.2
76.54 75.65
80.43 77.69
85.31 80.28
90.91 83.26
96.84 86.43
102.59 89.52
107.69 92.29
111.8 94.57
114.73 96.26
116.42 97.38
116.99 98.0
116.61 98.25
115.47 98.28
113.77 98.2
111.73 98.13
109.5 98.11
107.21 98.18
104.99 98.33
102.9 98.55
101.0 98.8
99.31 99.03
97.83 99.21
96.58 99.32
95.55 99.36
94.71 99.32
94.04 99.22
93.46 99.04
92.9 98.76
92.28 98.37
91.57 97.85
90.74 97.18
89.8 96.38
88.78 95.48
87.74 94.52
86.76 93.57
85.91 92.67
85.25 91.86
84.8 91.16
84.56 90.56
84.5 90.06
84.57 89.64
84.74 89.28
84.97 88.96
85.23 88.66
85.48 88.38
85.71 88.1
85.89 87.81
85.99 87.5
85.99 87.17
85.89 86.82
85.66 86.47
85.34 86.11
84.96 85.75
84.54 85.41
84.11 85.07
83.64 84.73
83.14 84.39
82.58 84.02
81.97 83.63
81.31 83.22
80.62 82.79
79.93 82.35
79.24 81.9
78.57 81.45
77.92 81.01
77.3 80.57
76.72 80.14
76.2 79.73
75.75 79.33
75.35 78.96
75.01 78.6
74.73 78.25
74.47 77.89
74.21 77.52
73.93 77.13
73.63 76.71
73.29 76.28
72.93 75.83
72.57 75.39
72.25 74.97
71.96 74.58
71.7 74.23
71.46 73.9
71.23 73.59
71.03 73.32
70.94 73.12
71.05 73.06
71.5 73.23
72.12 73.35
