70.0 72.11
71.39 72.86
73.62 74.06
76.69 75.73
80.53 77.8
84.94 80.16
89.67 82.67
94.43 85.16
98.91 87.49
102.85 89.54
106.06 91.24
108.45 92.57
110.02 93.58
110.83 94.32
111.0 94.87
110.61 95.3
109.79 95.66
108.64 96.0
107.27 96.32
105.74 96.64
104.14 96.94
102.53 97.2
100.94 97.4
99.4 97.54
97.92 97.58
96.53 97.54
95.21 97.41
93.95 97.2
92.76 96.89
91.59 96.48
90.42 95.97
89.22 95.35
87.96 94.61
86.66 93.76
85.34 92.82
84.04 91.81
82.79 90.78
81.64 89.76
80.62 88.77
79.76 87.84
79.04 86.96
78.47 86.14
78.04 85.38
77.73 84.67
77.52 84.01
77.4 83.4
77.36 82.84
77.41 82.33
77.5 81.86
77.64 81.43
77.8 81.04
77.96 80.69
78.1 80.36
78.2 80.04
78.24 79.74
78.24 79.44
78.17 79.14
78.05 78.85
77.88 78.56
77.64 78.27
77.36 77.97
77.02 77.68
76.65 77.39
76.24 77.11
75.81 76.82
75.37 76.54
74.92 76.25
74.46 75.97
74.01 75.68
73.56 75.38
73.11 75.09
72.67 74.78
72.25 74.48
71.84 74.17
71.45 73.86
71.07 73.54
70.7 73.22
70.32 72.9
70.0 72.62
69.79 72.42
69.81 72.38
70.07 72.51
70.58 72.78
