76.0 76.44
77.05 77.03
78.6 77.9
80.71 79.08
83.34 80.55
86.44 82.29
89.89 84.2
93.52 86.21
97.15 88.21
100.55 90.09
103.53 91.78
105.96 93.22
107.78 94.39
108.99 95.34
109.7 96.11
110.0 96.77
109.99 97.4
109.79 98.03
109.44 98.69
109.02 99.38
108.56 100.09
108.07 100.78
107.58 101.45
107.07 102.05
106.56 102.58
106.03 103.0
105.45 103.32
104.81 103.5
104.09 103.55
103.24 103.45
102.23 103.2
101.05 102.79
99.69 102.23
98.17 101.54
96.55 100.76
94.92 99.91
93.36 99.05
91.95 98.22
90.76 97.45
89.81 96.77
89.11 96.17
88.64 95.65
88.37 95.18
88.26 94.75
88.26 94.34
88.35 93.94
88.49 93.54
88.64 93.14
88.8 92.73
88.93 92.32
89.04 91.9
89.09 91.5
89.08 91.09
89.0 90.69
88.84 90.3
88.61 89.91
88.32 89.52
87.97 89.14
87.6 88.77
87.2 88.41
86.78 88.05
86.34 87.7
85.88 87.35
85.39 86.99
84.89 86.63
84.36 86.27
83.84 85.91
83.32 85.54
82.81 85.19
82.34 84.84
81.91 84.51
81.54 84.2
81.2 83.9
80.91 83.61
80.66 83.33
80.42 83.05
80.2 82.76
79.98 82.46
79.75 82.16
79.53 81.85
79.3 81.53
79.07 81.22
78.85 80.91
78.64 80.61
78.43 80.33
78.24 80.06
78.05 79.8
77.88 79.56
77.73 79.33
77.58 79.12
77.43 78.9
77.28 78.69
77.12 78.48
76.96 78.26
76.78 78.05
76.59 77.83
76.4 77.62
76.21 77.42
76.02 77.22
75.85 77.04
75.68 76.86
75.52 76.7
75.37 76.55
75.25 76.41
75.17 76.31
75.16 76.25
75.18 76.2
75.27 76.19
75.35 76.17
75.51 76.19
75.8 76.35
