77.0 77.73
79.54 79.08
83.59 81.22
89.15 84.18
95.99 87.87
103.69 92.08
111.75 96.52
119.65 100.88
126.9 104.88
132.98 108.28
137.49 110.93
140.17 112.76
141.0 113.77
140.15 114.1
137.98 113.92
134.83 113.42
131.03 112.81
126.93 112.24
122.79 111.82
118.79 111.57
115.11 111.48
111.86 111.51
109.09 111.61
106.81 111.72
105.04 111.81
103.72 111.86
102.78 111.85
102.13 111.74
101.64 111.52
101.19 111.15
100.7 110.6
100.05 109.85
99.2 108.91
98.19 107.8
97.11 106.58
96.03 105.32
95.09 104.1
94.39 103.0
93.97 102.06
93.85 101.32
94.06 100.78
94.6 100.44
95.42 100.26
96.47 100.24
97.68 100.32
98.93 100.46
100.13 100.62
101.2 100.75
102.07 100.82
102.72 100.81
103.1 100.72
103.2 100.56
103.04 100.34
102.61 100.07
101.95 99.76
101.11 99.4
100.13 99.0
99.05 98.58
97.92 98.15
96.77 97.7
95.64 97.27
94.56 96.85
93.56 96.44
92.63 96.03
91.76 95.61
90.93 95.16
90.13 94.68
89.33 94.15
88.53 93.58
87.73 92.97
86.93 92.32
86.15 91.65
85.39 90.98
84.68 90.3
84.03 89.64
83.46 89.01
82.98 88.4
82.56 87.82
82.2 87.26
81.88 86.71
81.62 86.18
81.41 85.68
81.25 85.21
81.11 84.77
80.96 84.34
80.76 83.9
80.49 83.46
80.19 83.01
79.9 82.59
79.69 82.2
79.53 81.87
79.44 81.59
79.39 81.37
79.36 81.18
79.32 81.0
79.29 80.82
79.26 80.64
79.22 80.46
79.14 80.26
78.98 80.05
78.76 79.81
78.48 79.55
78.16 79.27
77.84 79.0
77.55 78.75
77.3 78.53
77.1 78.36
76.94 78.27
76.83 78.27
76.9 78.26
76.9 78.23
76.97 78.26
