85.0 86.66
87.74 88.11
92.07 90.46
98.09 93.73
105.62 97.82
114.29 102.52
123.59 107.56
132.93 112.6
141.69 117.34
149.34 121.55
155.58 125.11
160.3 128.01
163.59 130.35
165.64 132.26
166.69 133.93
167.0 135.5
166.75 137.07
166.13 138.69
165.24 140.39
164.15 142.1
162.93 143.79
161.6 145.37
160.16 146.77
158.58 147.93
156.84 148.79
154.89 149.32
152.7 149.52
150.25 149.37
147.54 148.91
144.59 148.17
141.41 147.15
138.04 145.89
134.51 144.39
130.87 142.68
127.2 140.77
123.61 138.72
120.18 136.58
117.01 134.43
114.18 132.31
111.74 130.28
109.7 128.36
108.05 126.54
106.75 124.83
105.73 123.19
104.95 121.6
104.33 120.04
103.8 118.51
103.36 117.0
102.98 115.52
102.63 114.09
102.34 112.73
102.11 111.45
101.92 110.27
101.78 109.18
101.65 108.18
101.51 107.24
101.31 106.34
101.03 105.48
100.64 104.62
100.13 103.77
99.52 102.93
98.83 102.1
98.08 101.3
97.31 100.52
96.54 99.79
95.8 99.1
95.08 98.46
94.42 97.87
93.79 97.31
93.17 96.77
92.54 96.23
91.88 95.68
91.2 95.11
90.5 94.52
89.82 93.92
89.18 93.33
88.58 92.75
88.03 92.2
87.54 91.66
87.07 91.14
86.63 90.63
86.24 90.14
85.88 89.65
85.53 89.18
85.21 88.71
84.88 88.24
84.54 87.76
84.17 87.28
83.77 86.78
83.34 86.28
82.89 85.78
82.43 85.29
81.98 84.82
81.59 84.42
81.48 84.2
81.83 84.3
82.42 84.67
