73.0 73.5
74.03 74.07
75.66 74.96
77.93 76.2
80.77 77.74
84.04 79.52
87.52 81.41
90.97 83.27
94.13 84.97
96.76 86.4
98.67 87.48
99.75 88.18
100.0 88.51
99.49 88.54
98.38 88.34
96.87 88.04
95.16 87.72
93.42 87.47
91.77 87.35
90.31 87.37
89.06 87.49
88.03 87.7
87.21 87.94
86.59 88.17
86.13 88.37
85.84 88.52
85.68 88.62
85.6 88.66
85.54 88.63
85.46 88.52
85.28 88.31
84.97 88.0
84.52 87.59
83.95 87.1
83.34 86.57
82.75 86.05
82.26 85.56
81.91 85.15
81.72 84.82
81.67 84.57
81.75 84.4
81.94 84.28
82.22 84.21
82.56 84.18
82.94 84.17
83.32 84.16
83.66 84.15
83.93 84.11
84.12 84.05
84.21 83.94
84.2 83.81
84.09 83.65
83.87 83.47
83.57 83.27
83.2 83.07
82.78 82.86
82.34 82.65
81.92 82.45
81.52 82.26
81.17 82.09
80.87 81.94
80.61 81.81
80.37 81.68
80.16 81.56
79.96 81.44
79.79 81.3
79.64 81.16
79.51 81.01
79.37 80.85
79.22 80.68
79.05 80.49
78.84 80.29
78.61 80.06
78.36 79.83
78.12 79.6
77.88 79.37
77.67 79.15
77.48 78.94
77.3 78.74
77.12 78.55
76.94 78.35
76.76 78.16
76.58 77.96
76.42 77.77
76.28 77.59
76.16 77.42
76.04 77.26
75.92 77.1
75.79 76.94
75.65 76.78
75.5 76.62
75.34 76.45
75.18 76.28
75.02 76.11
74.89 75.96
74.78 75.82
74.69 75.69
74.61 75.57
74.54 75.45
74.47 75.34
74.39 75.23
74.31 75.12
74.24 75.02
74.17 74.92
74.11 74.82
74.05 74.73
74.0 74.64
73.95 74.55
73.91 74.47
73.86 74.39
73.81 74.32
73.74 74.24
73.66 74.15
73.56 74.06
73.43 73.95
73.29 73.84
73.14 73.71
73.01 73.6
72.89 73.49
72.67 73.32
72.5 73.18
72.37 73.07
72.13 72.87
71.91 72.61
71.78 72.52
