69.0 69.51
70.62 70.45
73.11 71.88
76.49 73.8
80.7 76.18
85.56 78.91
90.88 81.89
96.42 84.97
101.93 88.02
107.15 90.93
111.86 93.62
115.92 96.03
119.24 98.17
121.86 100.05
123.8 101.74
125.18 103.3
126.1 104.79
126.65 106.26
126.92 107.73
127.0 109.21
126.92 110.68
126.74 112.11
126.47 113.47
126.14 114.74
125.74 115.9
125.3 116.94
124.81 117.85
124.28 118.63
123.7 119.28
123.06 119.8
122.37 120.18
121.62 120.43
120.8 120.54
119.89 120.5
118.86 120.3
117.67 119.91
116.25 119.31
114.6 118.51
112.71 117.49
110.62 116.31
108.41 115.02
106.2 113.68
104.1 112.36
102.22 111.12
100.63 109.99
99.34 108.98
98.35 108.08
97.62 107.27
97.1 106.51
96.74 105.79
96.49 105.06
96.29 104.32
96.12 103.57
95.95 102.79
95.74 101.99
95.49 101.19
95.19 100.38
94.83 99.58
94.42 98.8
93.95 98.04
93.46 97.31
92.93 96.61
92.36 95.92
91.79 95.25
91.2 94.59
90.59 93.95
89.99 93.33
89.42 92.74
88.85 92.17
88.28 91.61
87.72 91.07
87.15 90.54
86.59 90.02
86.03 89.5
85.48 88.99
84.95 88.48
84.42 87.98
83.91 87.48
83.41 86.99
82.94 86.5
82.49 86.01
82.06 85.53
81.63 85.06
81.22 84.6
80.82 84.14
80.44 83.69
80.08 83.25
79.74 82.81
79.39 82.39
79.06 81.97
78.73 81.56
78.4 81.16
78.1 80.77
77.79 80.4
77.51 80.03
77.24 79.68
76.99 79.34
76.74 79.01
76.5 78.69
76.26 78.37
76.02 78.06
75.76 77.76
75.51 77.46
75.27 77.16
75.03 76.88
74.78 76.6
74.54 76.33
74.31 76.06
74.09 75.8
73.87 75.54
73.65 75.29
73.43 75.04
73.21 74.79
72.99 74.55
72.77 74.32
72.55 74.08
72.33 73.84
72.1 73.61
71.87 73.37
71.64 73.13
71.42 72.9
71.21 72.68
71.01 72.47
70.83 72.27
70.66 72.08
70.49 71.88
70.33 71.7
70.19 71.51
70.05 71.34
69.91 71.16
69.78 70.99
69.65 70.82
69.52 70.66
69.39 70.48
69.24 70.31
69.09 70.13
68.94 69.96
68.78 69.78
68.61 69.61
68.45 69.45
68.3 69.3
68.16 69.18
68.08 69.07
67.96 68.87
67.69 68.68
67.42 68.48
67.18 68.29
67.03 68.19
67.02 68.29
67.24 68.42
