72.0 74.9
73.99 75.91
77.19 77.57
81.56 79.87
86.9 82.72
93.01 85.99
99.64 89.51
106.48 93.1
113.19 96.59
119.36 99.81
124.6 102.62
128.62 104.9
131.28 106.64
132.67 107.88
133.0 108.75
132.5 109.39
131.4 109.93
129.86 110.46
128.02 111.01
125.95 111.58
123.74 112.11
121.47 112.57
119.21 112.94
116.98 113.19
114.81 113.3
112.65 113.24
110.44 112.97
108.12 112.45
105.67 111.68
103.11 110.68
100.51 109.49
97.94 108.19
95.5 106.84
93.24 105.48
91.23 104.16
89.49 102.86
88.04 101.61
86.88 100.39
85.99 99.21
85.34 98.07
84.87 96.96
84.54 95.87
84.29 94.79
84.08 93.71
83.88 92.64
83.68 91.58
83.47 90.55
83.25 89.58
83.01 88.66
82.75 87.8
82.47 86.99
82.14 86.24
81.8 85.53
81.44 84.85
81.07 84.21
80.68 83.61
80.28 83.04
79.86 82.48
79.41 81.95
78.94 81.43
78.46 80.92
77.97 80.44
77.47 79.97
76.97 79.51
76.44 79.06
75.9 78.6
75.35 78.15
74.8 77.68
74.26 77.22
73.72 76.75
73.17 76.26
72.6 75.76
72.0 75.25
71.39 74.74
70.86 74.28
70.35 73.87
69.88 73.51
69.7 73.35
69.44 73.18
