90.0 92.79
93.08 94.43
98.5 97.29
106.32 101.39
116.02 106.52
126.61 112.16
136.93 117.72
145.96 122.62
153.05 126.48
157.96 129.17
160.83 130.82
162.0 131.72
161.86 132.19
160.84 132.53
159.24 132.91
157.27 133.42
155.06 134.09
152.7 134.88
150.24 135.74
147.72 136.59
145.14 137.33
142.47 137.84
139.67 138.0
136.69 137.75
133.5 137.07
130.15 136.03
126.72 134.75
123.33 133.36
120.15 131.98
117.32 130.69
114.92 129.52
113.03 128.45
111.62 127.46
110.64 126.5
110.01 125.52
109.61 124.49
109.32 123.39
109.04 122.2
108.72 120.93
108.32 119.58
107.87 118.2
107.38 116.82
106.87 115.48
106.35 114.2
105.81 112.99
105.25 111.85
104.63 110.76
103.96 109.71
103.22 108.69
102.42 107.69
101.6 106.73
100.78 105.8
99.99 104.93
99.24 104.12
98.55 103.37
97.94 102.69
97.42 102.07
97.0 101.52
96.66 101.03
96.36 100.56
96.06 100.1
95.7 99.62
95.28 99.11
94.8 98.56
94.28 97.98
93.75 97.4
93.22 96.82
92.7 96.26
92.19 95.72
91.68 95.18
91.16 94.66
90.65 94.17
90.24 93.79
90.04 93.58
90.09 93.3
90.34 93.14
