60.99 63.26
62.82 64.24
65.74 65.84
69.83 68.06
74.94 70.82
80.77 73.96
86.96 77.25
93.05 80.44
98.56 83.29
103.05 85.58
106.19 87.21
107.82 88.14
107.99 88.43
106.9 88.22
104.8 87.68
102.02 87.0
98.87 86.32
95.57 85.77
92.32 85.37
89.25 85.13
86.41 85.01
83.87 84.94
81.65 84.88
79.73 84.76
78.09 84.55
76.64 84.2
75.29 83.69
73.96 83.0
72.57 82.12
71.13 81.1
69.67 79.96
68.25 78.78
66.95 77.61
65.81 76.49
64.92 75.46
64.31 74.53
63.99 73.73
63.98 73.04
64.25 72.48
64.76 72.03
65.45 71.68
66.28 71.42
67.19 71.21
68.11 71.03
68.98 70.86
69.73 70.68
70.34 70.48
70.76 70.24
70.98 69.98
70.99 69.68
70.8 69.37
70.42 69.03
69.91 68.69
69.31 68.37
68.67 68.06
68.01 67.77
67.33 67.51
66.68 67.27
66.09 67.06
65.55 66.88
65.08 66.7
64.65 66.52
64.26 66.33
63.89 66.12
63.5 65.88
63.11 65.6
62.71 65.3
62.31 64.97
61.89 64.63
61.49 64.28
61.13 63.96
60.83 63.7
60.77 63.56
60.91 63.57
61.22 63.72
