84.0 85.33
84.72 85.71
85.87 86.32
87.42 87.16
89.31 88.18
91.45 89.34
93.78 90.59
96.23 91.88
98.71 93.16
101.08 94.39
103.2 95.51
104.96 96.48
106.31 97.28
107.23 97.92
107.77 98.43
108.0 98.85
107.96 99.22
107.73 99.59
107.37 99.96
106.93 100.35
106.44 100.73
105.93 101.1
105.4 101.44
104.86 101.74
104.31 101.99
103.75 102.18
103.19 102.31
102.63 102.37
102.05 102.36
101.46 102.27
100.82 102.1
100.12 101.85
99.35 101.52
98.51 101.12
97.63 100.66
96.76 100.16
95.92 99.65
95.15 99.13
94.46 98.62
93.85 98.13
93.32 97.66
92.86 97.2
92.49 96.76
92.19 96.33
91.94 95.92
91.74 95.52
91.58 95.13
91.44 94.75
91.32 94.38
91.2 94.02
91.1 93.67
91.0 93.34
90.9 93.03
90.81 92.74
90.73 92.47
90.64 92.21
90.55 91.97
90.46 91.75
90.35 91.52
90.24 91.31
90.11 91.1
89.96 90.89
89.78 90.68
89.58 90.47
89.36 90.26
89.13 90.04
88.88 89.83
88.63 89.62
88.39 89.42
88.15 89.24
87.92 89.06
87.71 88.89
87.51 88.72
87.33 88.55
87.14 88.38
86.95 88.21
86.76 88.02
86.56 87.83
86.35 87.63
86.14 87.42
85.92 87.21
85.69 86.99
85.45 86.77
85.2 86.54
84.95 86.31
84.69 86.07
84.42 85.84
84.15 85.61
83.89 85.38
83.65 85.17
83.45 85.01
83.35 84.92
83.32 84.92
83.34 84.95
