61.0 61.89
62.56 62.67
65.01 63.94
68.37 65.7
72.55 67.91
77.29 70.46
82.33 73.2
87.35 75.94
92.02 78.51
96.01 80.74
99.09 82.54
101.1 83.85
102.0 84.66
101.85 85.03
100.84 85.08
99.2 84.92
97.13 84.68
94.87 84.48
92.55 84.35
90.32 84.34
88.22 84.42
86.31 84.55
84.6 84.69
83.1 84.79
81.82 84.85
80.72 84.83
79.81 84.74
79.03 84.57
78.33 84.3
77.63 83.92
76.89 83.42
76.07 82.81
75.17 82.08
74.23 81.28
73.31 80.44
72.47 79.59
71.76 78.78
71.22 78.03
70.87 77.37
70.71 76.8
70.75 76.33
70.98 75.97
71.37 75.7
71.88 75.51
72.48 75.38
73.11 75.29
73.73 75.22
74.29 75.14
74.76 75.05
75.12 74.93
75.34 74.79
75.41 74.63
75.35 74.45
75.16 74.24
74.86 74.03
74.46 73.79
73.98 73.55
73.46 73.31
72.91 73.06
72.36 72.83
71.82 72.61
71.32 72.4
70.86 72.21
70.45 72.03
70.08 71.85
69.74 71.67
69.43 71.49
69.14 71.29
68.84 71.07
68.54 70.84
68.24 70.58
67.94 70.31
67.65 70.02
67.36 69.73
67.08 69.43
66.79 69.13
66.5 68.82
66.2 68.5
65.89 68.17
65.57 67.84
65.25 67.51
64.95 67.19
64.67 66.87
64.41 66.58
64.18 66.3
63.97 66.04
63.78 65.8
63.61 65.56
63.45 65.33
63.29 65.11
63.12 64.87
62.93 64.64
62.73 64.39
62.51 64.14
62.27 63.88
62.03 63.62
61.79 63.37
61.55 63.13
61.31 62.9
61.1 62.69
60.97 62.53
60.95 62.44
61.0 62.36
61.23 62.38
61.52 62.47
