96.0 97.61
97.28 98.34
99.45 99.56
102.56 101.26
106.47 103.38
110.88 105.74
115.42 108.14
119.7 110.38
123.4 112.29
126.31 113.78
128.34 114.84
129.52 115.53
130.0 115.98
129.95 116.29
129.56 116.6
129.02 116.99
128.44 117.51
127.89 118.16
127.4 118.93
126.99 119.76
126.64 120.59
126.3 121.36
125.93 122.0
125.49 122.46
124.9 122.71
124.13 122.75
123.14 122.58
121.91 122.22
120.44 121.7
118.79 121.07
117.06 120.38
115.35 119.66
113.8 118.99
112.52 118.39
111.55 117.88
110.9 117.47
110.52 117.12
110.33 116.79
110.24 116.45
110.19 116.07
110.13 115.63
110.05 115.13
109.94 114.6
109.81 114.04
109.66 113.48
109.49 112.92
109.28 112.37
109.02 111.84
108.69 111.32
108.31 110.8
107.87 110.3
107.4 109.82
106.94 109.35
106.51 108.9
106.1 108.47
105.7 108.06
105.31 107.65
104.91 107.26
104.49 106.86
104.06 106.47
103.62 106.09
103.2 105.71
102.8 105.34
102.43 104.99
102.1 104.67
101.82 104.36
101.57 104.07
101.36 103.8
101.16 103.53
100.96 103.26
100.76 102.99
100.53 102.69
100.29 102.39
100.04 102.07
99.79 101.75
99.54 101.44
99.3 101.15
99.06 100.87
98.84 100.61
98.62 100.36
98.4 100.11
98.16 99.85
97.89 99.57
97.58 99.27
97.23 98.95
96.88 98.65
96.58 98.38
96.37 98.17
96.26 98.03
96.33 97.98
96.39 98.04
96.37 98.19
