63.0 64.16
64.32 64.87
66.49 66.05
69.56 67.7
73.39 69.76
77.71 72.09
82.2 74.53
86.61 76.91
90.69 79.11
94.26 81.04
97.21 82.67
99.45 84.0
100.97 85.06
101.79 85.87
102.0 86.5
101.67 86.98
100.92 87.38
99.85 87.72
98.56 88.05
97.15 88.39
95.72 88.73
94.31 89.07
92.99 89.37
91.76 89.63
90.64 89.84
89.64 89.98
88.75 90.08
87.98 90.14
87.3 90.13
86.69 90.06
86.1 89.9
85.48 89.64
84.82 89.25
84.06 88.73
83.19 88.1
82.22 87.36
81.19 86.54
80.14 85.68
79.14 84.82
78.23 84.0
77.46 83.24
76.83 82.55
76.35 81.94
76.01 81.4
75.82 80.94
75.77 80.54
75.84 80.19
76.0 79.9
76.24 79.64
76.52 79.41
76.81 79.21
77.1 79.01
77.34 78.8
77.5 78.58
77.56 78.34
77.49 78.06
77.29 77.74
76.98 77.4
76.57 77.03
76.09 76.64
75.54 76.25
74.96 75.86
74.37 75.49
73.78 75.12
73.19 74.77
72.59 74.42
72.0 74.07
71.4 73.71
70.8 73.33
70.22 72.95
69.66 72.54
69.11 72.13
68.58 71.71
68.07 71.29
67.6 70.88
67.16 70.48
66.77 70.09
66.42 69.71
66.1 69.34
65.8 68.97
65.51 68.59
65.23 68.21
64.95 67.82
64.66 67.43
64.38 67.04
64.11 66.67
63.86 66.31
63.64 65.98
63.44 65.67
63.27 65.38
63.12 65.12
62.98 64.85
62.82 64.6
62.67 64.35
62.5 64.12
62.34 63.87
62.17 63.62
61.98 63.41
61.87 63.28
61.85 63.18
61.85 63.19
