94.0 94.85
94.83 95.3
96.17 96.03
98.01 97.04
100.3 98.28
102.89 99.7
105.67 101.22
108.52 102.76
111.34 104.28
114.01 105.72
116.38 107.02
118.32 108.14
119.75 109.05
120.63 109.74
121.0 110.24
120.91 110.58
120.49 110.84
119.85 111.06
119.09 111.31
118.3 111.61
117.53 111.95
116.82 112.33
116.16 112.7
115.58 113.06
115.06 113.39
114.58 113.67
114.15 113.89
113.75 114.06
113.38 114.16
113.03 114.19
112.67 114.15
112.28 114.03
111.82 113.83
111.27 113.54
110.59 113.15
109.8 112.67
108.94 112.12
108.06 111.53
107.22 110.94
106.49 110.38
105.88 109.87
105.41 109.43
105.08 109.06
104.89 108.75
104.82 108.49
104.85 108.27
104.95 108.07
105.08 107.88
105.22 107.68
105.33 107.46
105.39 107.22
105.41 106.97
105.37 106.69
105.29 106.42
105.15 106.14
104.98 105.87
104.76 105.61
104.5 105.35
104.21 105.09
103.91 104.83
103.59 104.58
103.27 104.33
102.95 104.09
102.63 103.86
102.31 103.62
102.0 103.39
101.7 103.16
101.39 102.92
101.08 102.68
100.78 102.44
100.49 102.21
100.2 101.97
99.93 101.73
99.67 101.49
99.4 101.25
99.14 101.0
98.9 100.76
98.68 100.52
98.49 100.3
98.33 100.09
98.19 99.89
98.08 99.7
97.97 99.51
97.85 99.31
97.72 99.12
97.58 98.92
97.44 98.72
97.3 98.52
97.17 98.34
97.04 98.16
96.92 97.99
96.81 97.83
96.69 97.68
96.57 97.53
96.46 97.39
96.34 97.25
96.22 97.11
96.13 96.98
96.05 96.87
95.99 96.77
95.94 96.68
95.91 96.59
95.86 96.51
95.81 96.42
95.74 96.33
95.67 96.23
95.59 96.13
95.5 96.03
95.4 95.92
95.28 95.81
95.14 95.69
94.99 95.56
94.82 95.43
94.64 95.29
94.46 95.15
94.26 95.0
94.04 94.86
93.84 94.74
93.71 94.64
93.6 94.59
93.48 94.57
93.18 94.31
92.83 94.09
