69.0 70.22
70.83 71.23
73.7 72.8
77.58 74.94
82.36 77.57
87.8 80.58
93.68 83.84
99.78 87.2
105.87 90.54
111.69 93.77
117.06 96.81
121.79 99.61
125.82 102.14
129.09 104.43
131.63 106.5
133.53 108.41
134.84 110.21
135.63 111.93
136.0 113.59
135.98 115.19
135.64 116.69
135.04 118.08
134.25 119.35
133.33 120.49
132.34 121.52
131.31 122.44
130.26 123.25
129.19 123.93
128.06 124.45
126.86 124.8
125.57 124.97
124.17 124.94
122.66 124.71
121.05 124.29
119.29 123.68
117.39 122.86
115.35 121.85
113.16 120.64
110.83 119.27
108.41 117.75
105.97 116.15
103.58 114.52
101.33 112.9
99.28 111.34
97.52 109.88
96.08 108.53
94.96 107.31
94.16 106.21
93.63 105.2
93.31 104.27
93.13 103.38
93.02 102.5
92.93 101.61
92.83 100.71
92.7 99.8
92.54 98.91
92.38 98.04
92.2 97.22
92.02 96.46
91.82 95.75
91.57 95.09
91.27 94.46
90.91 93.84
90.47 93.22
89.98 92.6
89.45 91.99
88.88 91.39
88.3 90.81
87.7 90.26
87.1 89.73
86.5 89.22
85.89 88.72
85.27 88.22
84.64 87.73
84.0 87.22
83.34 86.71
82.69 86.18
82.05 85.64
81.4 85.09
80.75 84.52
80.1 83.95
79.45 83.38
78.83 82.83
78.26 82.29
77.71 81.76
77.2 81.24
76.73 80.73
76.28 80.22
75.85 79.7
75.44 79.19
75.06 78.7
74.69 78.21
74.32 77.74
73.96 77.28
73.59 76.83
73.23 76.38
72.88 75.94
72.54 75.52
72.22 75.1
71.94 74.7
71.68 74.33
71.46 73.98
71.27 73.65
71.09 73.34
70.91 73.05
70.72 72.75
70.49 72.45
70.22 72.14
69.95 71.83
69.69 71.52
69.45 71.23
69.23 70.95
69.04 70.69
68.83 70.44
68.59 70.2
68.36 70.02
68.06 69.82
67.86 69.5
67.36 69.18
66.96 68.96
66.54 68.49
