87.0 90.17
90.43 91.91
96.18 94.87
104.06 99.02
113.54 104.06
123.69 109.54
133.63 114.99
142.87 120.04
151.09 124.43
157.91 128.04
162.93 130.81
165.96 132.74
167.0 133.9
166.21 134.39
163.92 134.34
160.45 133.95
156.17 133.4
151.41 132.85
146.42 132.4
141.41 132.05
136.57 131.76
131.99 131.44
127.69 130.99
123.67 130.34
119.88 129.48
116.24 128.38
112.72 127.08
109.29 125.58
105.99 123.91
102.9 122.1
100.12 120.21
97.71 118.32
95.74 116.49
94.23 114.76
93.17 113.14
92.49 111.62
92.19 110.2
92.19 108.84
92.42 107.54
92.81 106.31
93.3 105.12
93.81 103.98
94.27 102.87
94.66 101.8
94.95 100.77
95.15 99.81
95.28 98.92
95.36 98.13
95.4 97.45
95.4 96.86
95.36 96.36
95.27 95.93
95.13 95.55
94.93 95.22
94.68 94.92
94.4 94.64
94.1 94.39
93.77 94.15
93.41 93.91
93.03 93.67
92.6 93.42
92.14 93.16
91.65 92.88
91.15 92.58
90.63 92.28
90.07 91.95
89.46 91.59
88.8 91.19
88.07 90.73
87.31 90.23
86.52 89.7
85.75 89.18
85.18 88.82
84.9 88.94
84.61 89.14
