61.0 61.2
62.62 62.04
65.2 63.38
68.77 65.26
73.24 67.63
78.34 70.39
83.72 73.35
89.03 76.31
93.95 79.1
98.2 81.56
101.58 83.61
104.0 85.22
105.44 86.41
106.0 87.25
105.8 87.84
105.07 88.28
103.99 88.66
102.72 89.08
101.37 89.57
100.04 90.15
98.76 90.79
97.53 91.43
96.36 92.02
95.24 92.5
94.14 92.86
93.08 93.08
92.06 93.17
91.06 93.15
90.06 93.0
89.01 92.73
87.87 92.31
86.56 91.74
85.06 90.98
83.37 90.04
81.51 88.94
79.56 87.71
77.66 86.43
75.91 85.16
74.45 83.97
73.32 82.92
72.58 82.04
72.22 81.34
72.19 80.79
72.42 80.37
72.88 80.04
73.48 79.76
74.14 79.51
74.78 79.24
75.37 78.95
75.84 78.62
76.19 78.25
76.4 77.86
76.47 77.44
76.4 77.02
76.22 76.61
75.93 76.21
75.55 75.82
75.11 75.45
74.61 75.09
74.08 74.74
73.52 74.39
72.92 74.04
72.31 73.69
71.69 73.35
71.08 73.01
70.49 72.67
69.93 72.33
69.41 72.01
68.92 71.68
68.44 71.35
67.99 71.02
67.56 70.69
67.14 70.34
66.74 69.98
66.37 69.62
66.03 69.26
65.72 68.89
65.42 68.53
65.15 68.18
64.91 67.83
64.67 67.49
64.45 67.15
64.25 66.83
64.05 66.51
63.86 66.21
63.68 65.91
63.52 65.63
63.37 65.36
63.23 65.1
63.1 64.86
62.96 64.62
62.82 64.4
62.69 64.19
62.57 63.99
62.47 63.81
62.38 63.64
62.3 63.48
62.23 63.33
62.16 63.2
62.1 63.07
62.06 62.96
62.03 62.86
62.03 62.77
62.03 62.7
62.04 62.64
62.04 62.58
62.03 62.51
61.99 62.44
61.92 62.35
61.83 62.26
61.71 62.15
61.56 62.03
61.39 61.9
61.21 61.77
61.02 61.64
60.84 61.52
60.69 61.41
60.61 61.35
60.7 61.38
61.01 61.58
61.32 61.67
