75.0 77.38
76.9 78.36
79.99 79.97
84.28 82.23
89.55 85.0
95.42 88.11
101.45 91.3
107.23 94.35
112.41 97.07
116.74 99.35
120.06 101.16
122.32 102.52
123.59 103.51
124.0 104.21
123.67 104.72
122.77 105.12
121.46 105.48
119.87 105.85
118.1 106.24
116.24 106.65
114.38 107.08
112.58 107.47
110.88 107.79
109.29 108.03
107.81 108.16
106.43 108.18
105.14 108.1
103.91 107.91
102.72 107.61
101.55 107.21
100.37 106.67
99.13 105.99
97.78 105.16
96.3 104.16
94.73 103.03
93.11 101.81
91.52 100.54
90.03 99.27
88.7 98.06
87.57 96.93
86.65 95.89
85.92 94.94
85.4 94.09
85.08 93.32
84.93 92.64
84.94 92.04
85.1 91.5
85.36 91.03
85.69 90.61
86.05 90.22
86.39 89.85
86.69 89.48
86.93 89.13
87.08 88.77
87.15 88.43
87.13 88.09
87.04 87.75
86.85 87.41
86.59 87.08
86.26 86.74
85.87 86.4
85.42 86.07
84.94 85.75
84.44 85.43
83.92 85.12
83.41 84.81
82.9 84.52
82.41 84.23
81.95 83.94
81.51 83.66
81.09 83.38
80.68 83.09
80.28 82.78
79.87 82.45
79.44 82.1
78.99 81.73
78.52 81.33
78.04 80.92
77.55 80.49
77.06 80.05
76.57 79.61
76.09 79.17
75.63 78.75
75.22 78.36
74.91 78.04
74.86 77.91
74.96 77.79
75.2 77.78
