64.0 64.6
65.38 65.37
67.59 66.58
70.66 68.26
74.51 70.36
78.91 72.78
83.62 75.38
88.36 78.02
92.95 80.58
97.23 82.98
101.05 85.15
104.27 87.08
106.81 88.75
108.63 90.17
109.81 91.4
110.48 92.5
110.81 93.55
110.95 94.63
111.0 95.78
110.95 96.98
110.83 98.21
110.65 99.42
110.4 100.55
110.08 101.57
109.7 102.46
109.25 103.22
108.75 103.86
108.2 104.39
107.61 104.82
106.98 105.14
106.31 105.36
105.6 105.46
104.84 105.47
104.03 105.37
103.14 105.15
102.13 104.79
100.96 104.28
99.62 103.6
98.1 102.75
96.45 101.78
94.78 100.74
93.2 99.69
91.78 98.71
90.59 97.84
89.67 97.08
89.0 96.42
88.55 95.86
88.27 95.35
88.13 94.87
88.07 94.39
88.04 93.91
88.04 93.42
88.03 92.9
87.97 92.36
87.87 91.81
87.74 91.26
87.56 90.72
87.34 90.2
87.09 89.7
86.81 89.23
86.5 88.78
86.17 88.34
85.83 87.93
85.47 87.52
85.12 87.13
84.77 86.75
84.41 86.39
84.05 86.04
83.69 85.7
83.33 85.36
82.96 85.04
82.57 84.71
82.19 84.37
81.78 84.04
81.37 83.69
80.96 83.34
80.53 82.98
80.11 82.62
79.69 82.25
79.26 81.88
78.85 81.51
78.46 81.14
78.08 80.78
77.72 80.42
77.38 80.07
77.05 79.73
76.75 79.39
76.47 79.07
76.21 78.74
75.95 78.42
75.68 78.1
75.4 77.77
75.13 77.44
74.84 77.11
74.56 76.79
74.3 76.47
74.04 76.17
73.78 75.88
73.54 75.59
73.32 75.32
73.11 75.06
72.92 74.81
72.73 74.57
72.55 74.33
72.35 74.08
72.13 73.82
71.9 73.56
71.66 73.29
71.4 73.02
71.14 72.76
70.88 72.5
70.63 72.26
70.4 72.04
70.2 71.82
70.01 71.62
69.85 71.43
69.68 71.24
69.52 71.04
69.35 70.84
69.18 70.64
68.99 70.42
68.79 70.2
68.59 69.98
68.37 69.76
68.13 69.53
67.89 69.31
67.62 69.08
67.35 68.84
67.08 68.61
66.82 68.39
66.6 68.17
66.41 67.97
66.25 67.8
66.12 67.63
66.02 67.48
65.94 67.34
65.88 67.22
65.83 67.11
65.85 67.03
65.82 66.88
65.61 66.71
65.4 66.53
65.2 66.36
64.95 66.2
64.73 66.15
64.66 66.12
64.6 66.11
64.63 66.16
64.68 66.29
