63.99 65.23
66.58 66.6
70.68 68.79
76.35 71.83
83.38 75.62
91.33 79.94
99.7 84.53
107.96 89.08
115.7 93.36
122.56 97.19
128.28 100.49
132.74 103.23
135.87 105.47
137.78 107.3
138.74 108.86
139.0 110.29
138.78 111.72
138.3 113.24
137.72 114.88
137.06 116.61
136.33 118.35
135.47 120.0
134.45 121.46
133.24 122.67
131.86 123.61
130.36 124.29
128.82 124.76
127.31 125.09
125.85 125.31
124.48 125.45
123.19 125.49
121.95 125.41
120.64 125.17
119.2 124.72
117.58 124.03
115.74 123.06
113.62 121.82
111.26 120.32
108.73 118.64
106.13 116.84
103.62 115.04
101.42 113.34
99.59 111.81
98.16 110.46
97.11 109.31
96.38 108.3
95.91 107.41
95.66 106.57
95.56 105.76
95.51 104.94
95.47 104.1
95.4 103.23
95.26 102.32
95.05 101.41
94.8 100.5
94.51 99.61
94.17 98.77
93.83 97.98
93.45 97.26
93.01 96.57
92.52 95.91
91.98 95.27
91.43 94.63
90.9 94.01
90.41 93.42
89.95 92.87
89.48 92.34
88.95 91.83
88.33 91.29
87.61 90.72
86.8 90.09
85.86 89.41
84.85 88.69
83.83 87.96
82.87 87.25
81.98 86.58
81.25 85.97
80.69 85.42
80.19 84.89
79.69 84.36
79.14 83.79
78.47 83.15
77.67 82.44
76.81 81.69
75.96 80.92
75.16 80.17
74.47 79.46
73.91 78.83
73.5 78.27
73.2 77.77
72.93 77.31
72.63 76.84
72.28 76.34
71.82 75.8
71.3 75.21
70.72 74.58
70.15 73.96
69.66 73.36
69.2 72.77
68.69 72.22
68.22 71.68
67.78 71.18
67.34 70.7
66.99 70.28
66.75 69.92
66.61 69.61
66.5 69.33
66.37 69.05
66.2 68.75
65.97 68.43
65.7 68.12
65.45 67.72
65.17 67.17
64.49 66.64
63.82 66.09
62.97 65.45
62.14 64.91
61.49 64.67
61.46 64.42
61.04 64.08
61.03 63.95
