61.0 65.05
68.01 68.6
80.41 74.86
97.78 83.88
118.92 95.04
141.26 107.07
161.86 118.56
178.96 128.34
191.97 135.77
200.85 140.77
205.76 143.66
207.0 144.99
205.11 145.29
200.75 144.99
194.55 144.4
187.13 143.73
179.06 143.16
170.85 142.87
162.9 142.95
155.49 143.41
148.83 144.12
143.03 144.88
138.13 145.46
134.08 145.71
130.82 145.62
128.24 145.24
126.14 144.68
124.32 143.99
122.59 143.13
120.74 141.96
118.64 140.36
116.2 138.27
113.43 135.71
110.45 132.79
107.43 129.69
104.52 126.58
101.91 123.56
99.67 120.73
97.81 118.1
96.28 115.69
95.06 113.48
94.15 111.46
93.55 109.65
93.31 108.06
93.43 106.69
93.85 105.55
94.5 104.59
95.28 103.78
96.1 103.06
96.83 102.38
97.39 101.71
97.71 101.01
97.74 100.26
97.45 99.44
96.82 98.53
95.86 97.53
94.59 96.43
93.06 95.27
91.34 94.06
89.51 92.85
87.64 91.67
85.77 90.54
83.96 89.46
82.25 88.43
80.6 87.42
79.03 86.42
77.54 85.42
76.12 84.39
74.76 83.35
73.51 82.31
72.37 81.29
71.36 80.3
70.48 79.35
69.72 78.43
69.06 77.54
68.5 76.67
68.02 75.82
67.59 74.98
67.2 74.16
66.81 73.34
66.4 72.52
65.97 71.7
65.5 70.88
64.99 70.06
64.42 69.22
63.78 68.37
63.03 67.49
62.15 66.59
61.2 65.69
60.26 64.86
59.43 64.25
58.65 63.83
57.99 63.49
57.69 63.43
57.27 63.34
