101.0 102.1
102.17 102.73
103.97 103.71
106.46 105.07
109.6 106.78
113.27 108.76
117.24 110.89
121.23 113.02
124.96 114.99
128.15 116.68
130.6 118.01
132.21 118.94
132.98 119.51
133.0 119.79
132.4 119.87
131.36 119.86
130.03 119.83
128.58 119.85
127.09 119.95
125.66 120.13
124.35 120.37
123.15 120.64
122.08 120.91
121.13 121.13
120.29 121.26
119.5 121.29
118.72 121.19
117.88 120.94
116.92 120.53
115.83 119.97
114.6 119.28
113.29 118.51
111.99 117.7
110.79 116.92
109.78 116.2
109.01 115.57
108.52 115.06
108.32 114.66
108.36 114.35
108.6 114.1
108.97 113.89
109.4 113.67
109.82 113.43
110.18 113.14
110.43 112.8
110.54 112.4
110.51 111.96
110.35 111.49
110.07 111.01
109.69 110.53
109.23 110.07
108.71 109.64
108.15 109.22
107.56 108.81
106.95 108.42
106.36 108.04
105.77 107.66
105.23 107.31
104.74 106.98
104.32 106.68
103.97 106.4
103.7 106.16
103.49 105.94
103.33 105.74
103.22 105.54
103.12 105.35
103.02 105.13
102.9 104.9
102.74 104.65
102.54 104.36
102.29 104.05
101.99 103.72
101.66 103.37
101.31 103.03
100.95 102.69
100.61 102.37
100.29 102.07
100.02 101.81
99.82 101.6
99.72 101.46
99.75 101.41
99.94 101.45
100.39 101.5
100.69 101.65
