58.0 59.13
59.87 60.18
62.96 61.88
67.25 64.24
72.56 67.14
78.46 70.39
84.52 73.75
90.46 77.04
96.08 80.14
101.26 82.99
105.89 85.6
109.84 87.95
112.99 90.02
115.23 91.81
116.55 93.29
117.0 94.47
116.66 95.4
115.71 96.16
114.26 96.79
112.48 97.35
110.47 97.86
108.32 98.29
106.13 98.64
103.95 98.89
101.85 99.07
99.9 99.19
98.15 99.28
96.63 99.37
95.37 99.45
94.4 99.52
93.7 99.56
93.24 99.56
93.0 99.5
92.88 99.36
92.79 99.12
92.63 98.73
92.25 98.15
91.58 97.37
90.65 96.41
89.55 95.33
88.41 94.22
87.34 93.15
86.42 92.19
85.7 91.37
85.16 90.7
84.79 90.14
84.59 89.69
84.57 89.33
84.69 89.04
84.94 88.81
85.29 88.62
85.67 88.46
86.06 88.32
86.45 88.17
86.79 88.02
87.06 87.85
87.26 87.69
87.39 87.53
87.43 87.37
87.37 87.22
87.24 87.07
87.02 86.89
86.71 86.67
86.3 86.41
85.79 86.1
85.17 85.74
84.48 85.35
83.73 84.93
82.92 84.49
82.09 84.04
81.27 83.59
80.45 83.14
79.66 82.7
78.93 82.27
78.28 81.85
77.7 81.45
77.2 81.06
76.76 80.68
76.35 80.28
75.94 79.88
75.53 79.45
75.12 79.0
74.72 78.53
74.33 78.05
73.97 77.58
73.63 77.12
73.29 76.67
72.96 76.24
72.65 75.83
72.35 75.42
72.06 75.03
71.79 74.65
71.56 74.3
71.36 73.96
71.2 73.65
71.06 73.36
70.94 73.08
70.81 72.8
70.66 72.52
70.48 72.25
70.28 71.98
70.06 71.71
69.84 71.45
69.61 71.2
69.36 70.94
69.1 70.69
68.8 70.42
68.47 70.13
68.13 69.84
67.8 69.54
67.52 69.27
67.27 69.01
67.07 68.79
66.91 68.6
66.77 68.43
66.62 68.26
66.46 68.09
66.27 67.9
66.05 67.68
65.79 67.44
65.54 67.19
65.32 66.94
65.13 66.7
64.96 66.48
64.8 66.28
64.61 66.08
64.41 65.88
64.19 65.68
63.98 65.48
63.79 65.28
63.6 65.08
63.42 64.89
63.24 64.69
63.06 64.51
62.9 64.33
62.77 64.16
62.67 64.01
62.57 63.86
62.45 63.7
62.28 63.52
62.05 63.32
61.79 63.09
61.53 62.86
61.28 62.64
61.09 62.45
60.96 62.3
60.88 62.21
60.85 62.12
60.82 61.99
60.8 61.85
60.74 61.69
60.63 61.48
60.47 61.28
60.32 61.14
60.1 61.08
59.83 60.97
59.58 60.74
59.29 60.59
58.99 60.18
