51.99 53.18
54.09 54.33
57.42 56.15
62.01 58.66
67.74 61.79
74.3 65.39
81.35 69.27
88.55 73.21
95.51 77.02
101.85 80.51
107.24 83.56
111.43 86.07
114.29 88.01
115.79 89.4
115.99 90.3
115.06 90.8
113.18 91.02
110.6 91.07
107.55 91.04
104.25 90.99
100.86 90.96
97.53 90.93
94.34 90.89
91.36 90.81
88.61 90.69
86.15 90.51
83.97 90.26
82.07 89.94
80.47 89.55
79.15 89.11
78.09 88.61
77.27 88.06
76.61 87.44
76.04 86.74
75.48 85.92
74.86 84.97
74.13 83.88
73.26 82.66
72.23 81.32
71.12 79.92
69.97 78.51
68.85 77.13
67.84 75.84
66.97 74.66
66.26 73.6
65.71 72.68
65.32 71.9
65.1 71.24
65.04 70.69
65.15 70.24
65.38 69.88
65.72 69.59
66.14 69.36
66.61 69.17
67.1 69.02
67.57 68.89
67.98 68.78
68.32 68.66
68.56 68.53
68.68 68.39
68.7 68.22
68.6 68.03
68.39 67.81
68.06 67.56
67.63 67.28
67.1 66.97
66.49 66.64
65.8 66.29
65.07 65.91
64.3 65.53
63.52 65.14
62.78 64.76
62.08 64.4
61.44 64.05
60.85 63.7
60.3 63.36
59.79 63.01
59.31 62.65
58.86 62.28
58.44 61.9
58.06 61.52
57.7 61.14
57.36 60.75
57.04 60.35
56.71 59.95
56.4 59.54
56.11 59.15
55.85 58.77
55.62 58.4
55.41 58.05
55.2 57.71
54.99 57.38
54.77 57.05
54.57 56.73
54.37 56.42
54.2 56.13
54.04 55.86
53.89 55.61
53.74 55.37
53.59 55.13
53.42 54.9
53.25 54.66
53.05 54.42
52.83 54.18
52.58 53.92
52.29 53.64
51.96 53.35
51.58 53.04
51.2 52.73
50.85 52.46
50.6 52.27
50.51 52.25
50.69 52.29
50.74 52.28
50.93 52.42
