100.99 103.11
104.02 104.69
109.38 107.47
117.24 111.55
127.11 116.71
137.89 122.42
148.16 128.0
156.74 132.78
163.0 136.37
167.02 138.72
169.3 140.1
170.44 140.97
170.99 141.78
171.33 142.86
171.62 144.32
171.91 146.18
172.26 148.32
172.66 150.66
173.14 153.12
173.69 155.63
174.33 158.12
174.98 160.5
175.6 162.65
176.11 164.49
176.52 166.01
176.82 167.25
176.98 168.3
177.0 169.27
176.88 170.2
176.6 171.07
176.16 171.82
175.53 172.37
174.69 172.64
173.57 172.57
172.03 172.15
170.01 171.36
167.46 170.22
164.38 168.71
160.81 166.9
156.94 164.85
153.04 162.73
149.44 160.69
146.45 158.93
144.29 157.54
142.98 156.56
142.41 155.92
142.32 155.47
142.44 155.04
142.53 154.48
142.43 153.69
142.05 152.62
141.42 151.32
140.57 149.84
139.53 148.26
138.4 146.66
137.21 145.1
136.01 143.61
134.8 142.21
133.62 140.91
132.47 139.71
131.34 138.58
130.24 137.49
129.16 136.44
128.13 135.39
127.18 134.34
126.27 133.29
125.41 132.26
124.56 131.25
123.69 130.27
122.8 129.32
121.93 128.41
121.1 127.52
120.33 126.67
119.61 125.85
118.95 125.04
118.29 124.25
117.64 123.47
116.96 122.67
116.26 121.87
115.56 121.06
114.88 120.25
114.19 119.46
113.54 118.68
112.92 117.94
112.35 117.23
111.81 116.57
111.33 115.93
110.88 115.33
110.43 114.73
109.95 114.15
109.47 113.55
108.95 112.95
108.38 112.33
107.81 111.7
107.21 111.07
106.6 110.44
106.04 109.84
105.54 109.28
105.08 108.75
104.67 108.26
104.26 107.78
103.83 107.31
103.37 106.82
102.91 106.32
102.43 105.81
101.94 105.28
101.4 104.74
100.86 104.2
100.33 103.67
99.83 103.17
99.38 102.71
99.08 102.33
98.99 102.09
98.96 101.95
99.37 101.93
99.49 102.03
100.04 102.19
