96.0 98.04
97.85 99.05
100.96 100.73
105.39 103.12
110.98 106.11
117.3 109.48
123.79 112.95
129.9 116.22
135.21 119.05
139.44 121.3
142.46 122.95
144.28 124.05
145.0 124.72
144.75 125.08
143.76 125.25
142.25 125.37
140.44 125.53
138.54 125.81
136.75 126.25
135.19 126.88
133.92 127.67
132.95 128.55
132.28 129.45
131.86 130.3
131.61 131.03
131.47 131.64
131.41 132.12
131.37 132.48
131.32 132.73
131.21 132.86
130.98 132.85
130.52 132.66
129.75 132.24
128.63 131.59
127.16 130.71
125.43 129.65
123.59 128.51
121.79 127.36
120.21 126.31
118.95 125.41
118.06 124.71
117.52 124.18
117.28 123.8
117.25 123.49
117.32 123.22
117.45 122.93
117.59 122.6
117.69 122.21
117.76 121.78
117.77 121.31
117.72 120.81
117.59 120.31
117.37 119.8
117.06 119.28
116.64 118.76
116.09 118.22
115.44 117.65
114.7 117.05
113.89 116.43
113.07 115.82
112.3 115.22
111.58 114.66
110.92 114.16
110.34 113.7
109.83 113.28
109.35 112.87
108.89 112.47
108.46 112.06
108.04 111.64
107.62 111.2
107.22 110.77
106.85 110.33
106.5 109.9
106.16 109.49
105.85 109.09
105.58 108.71
105.32 108.34
105.09 107.99
104.87 107.64
104.65 107.29
104.42 106.95
104.19 106.6
103.96 106.27
103.73 105.96
103.53 105.66
103.34 105.38
103.18 105.11
103.03 104.86
102.89 104.61
102.76 104.38
102.62 104.15
102.47 103.94
102.31 103.73
102.12 103.52
101.92 103.3
101.68 103.07
101.42 102.83
101.16 102.57
100.88 102.31
100.6 102.05
100.33 101.8
100.06 101.55
99.76 101.29
99.41 101.02
99.01 100.73
98.57 100.41
98.08 100.07
97.57 99.72
97.11 99.41
96.8 99.18
96.67 99.01
96.77 99.05
97.26 99.19
