99.0 100.85
100.28 101.54
102.38 102.69
105.35 104.32
109.07 106.33
113.33 108.61
117.81 110.97
122.2 113.26
126.23 115.33
129.67 117.09
132.39 118.51
134.33 119.58
135.51 120.37
136.0 120.93
135.89 121.33
135.31 121.65
134.38 121.93
133.22 122.23
131.95 122.55
130.65 122.92
129.4 123.31
128.23 123.72
127.18 124.12
126.26 124.48
125.46 124.8
124.78 125.04
124.2 125.21
123.67 125.3
123.14 125.28
122.58 125.14
121.9 124.85
121.05 124.4
120.0 123.78
118.76 123.01
117.4 122.14
116.01 121.23
114.7 120.33
113.57 119.49
112.64 118.75
111.93 118.1
111.41 117.52
111.05 117.01
110.83 116.54
110.71 116.11
110.7 115.7
110.77 115.31
110.9 114.95
111.05 114.59
111.18 114.22
111.23 113.82
111.18 113.4
111.02 112.94
110.76 112.47
110.42 112.0
110.01 111.52
109.55 111.05
109.04 110.59
108.5 110.13
107.93 109.67
107.33 109.2
106.72 108.74
106.1 108.28
105.46 107.82
104.82 107.37
104.2 106.92
103.6 106.48
103.04 106.05
102.53 105.62
102.05 105.2
101.6 104.79
101.15 104.38
100.72 103.97
100.32 103.56
99.94 103.15
99.6 102.75
99.3 102.36
99.02 101.98
98.76 101.61
98.51 101.24
98.27 100.88
98.01 100.52
97.77 100.18
97.59 99.91
97.54 99.75
97.53 99.66
97.64 99.66
