85.0 86.07
86.55 86.88
89.04 88.2
92.48 90.05
96.8 92.37
101.72 95.03
106.91 97.83
112.01 100.58
116.65 103.09
120.53 105.22
123.42 106.86
125.24 108.01
126.0 108.7
125.82 109.04
124.93 109.14
123.53 109.13
121.83 109.13
120.02 109.21
118.23 109.42
116.54 109.74
115.02 110.15
113.68 110.59
112.53 111.02
111.54 111.39
110.68 111.67
109.91 111.82
109.16 111.84
108.37 111.7
107.48 111.39
106.43 110.9
105.21 110.24
103.84 109.45
102.38 108.55
100.92 107.6
99.55 106.64
98.33 105.72
97.3 104.86
96.49 104.07
95.89 103.36
95.48 102.72
95.25 102.14
95.17 101.61
95.2 101.13
95.3 100.68
95.46 100.24
95.63 99.82
95.79 99.4
95.91 98.98
95.98 98.56
95.97 98.14
95.87 97.71
95.68 97.28
95.4 96.86
95.06 96.43
94.65 96.01
94.2 95.59
93.73 95.18
93.24 94.78
92.74 94.4
92.26 94.04
91.8 93.69
91.36 93.37
90.95 93.06
90.56 92.75
90.17 92.45
89.8 92.15
89.44 91.85
89.09 91.54
88.76 91.23
88.44 90.92
88.14 90.62
87.86 90.32
87.6 90.02
87.36 89.73
87.13 89.44
86.89 89.14
86.65 88.84
86.4 88.53
86.13 88.22
85.87 87.92
85.6 87.61
85.35 87.32
85.11 87.04
84.9 86.77
84.71 86.54
84.56 86.34
84.5 86.22
84.52 86.19
84.49 86.12
84.48 86.05
84.5 85.97
