74.0 76.0
75.6 76.9
78.08 78.31
81.5 80.24
85.78 82.63
90.77 85.39
96.23 88.36
101.85 91.36
107.27 94.23
112.17 96.8
116.29 98.99
119.48 100.78
121.73 102.2
123.13 103.32
123.84 104.25
124.0 105.08
123.71 105.87
123.05 106.63
122.08 107.37
120.87 108.07
119.48 108.7
117.98 109.25
116.41 109.69
114.78 110.01
113.1 110.17
111.37 110.17
109.57 109.98
107.68 109.6
105.67 109.0
103.52 108.22
101.25 107.26
98.91 106.17
96.56 105.0
94.33 103.79
92.29 102.6
90.53 101.45
89.07 100.36
87.91 99.35
87.04 98.39
86.39 97.47
85.92 96.58
85.62 95.72
85.47 94.89
85.44 94.09
85.5 93.31
85.6 92.55
85.69 91.8
85.72 91.07
85.7 90.35
85.63 89.66
85.52 89.01
85.37 88.4
85.17 87.83
84.93 87.3
84.66 86.79
84.36 86.31
84.04 85.85
83.71 85.41
83.35 85.0
83.0 84.61
82.62 84.25
82.23 83.91
81.85 83.59
81.46 83.27
81.07 82.95
80.67 82.62
80.25 82.29
79.8 81.94
79.33 81.58
78.84 81.2
78.34 80.8
77.82 80.39
77.33 79.99
76.87 79.6
76.43 79.21
76.0 78.83
75.6 78.45
75.21 78.07
74.83 77.69
74.48 77.33
74.19 77.01
74.01 76.76
74.01 76.65
74.27 76.7
74.61 76.83
75.28 77.17
