71.99 74.04
73.29 74.72
75.34 75.82
78.13 77.33
81.59 79.19
85.57 81.33
89.88 83.63
94.28 85.95
98.52 88.16
102.32 90.16
105.5 91.87
107.95 93.25
109.64 94.31
110.63 95.11
110.99 95.7
110.82 96.16
110.2 96.54
109.21 96.87
107.94 97.17
106.48 97.44
104.91 97.69
103.35 97.92
101.85 98.12
100.45 98.3
99.16 98.43
97.97 98.52
96.85 98.51
95.77 98.4
94.69 98.17
93.58 97.79
92.39 97.26
91.1 96.6
89.73 95.81
88.32 94.93
86.94 93.99
85.63 93.04
84.45 92.11
83.41 91.21
82.54 90.36
81.82 89.57
81.26 88.84
80.88 88.17
80.66 87.55
80.6 87.0
80.67 86.51
80.86 86.08
81.11 85.68
81.4 85.31
81.67 84.94
81.9 84.58
82.06 84.22
82.12 83.84
82.09 83.47
81.96 83.09
81.74 82.7
81.44 82.32
81.08 81.93
80.67 81.54
80.21 81.16
79.72 80.8
79.24 80.46
78.77 80.15
78.34 79.87
77.96 79.61
77.62 79.38
77.3 79.14
76.99 78.9
76.67 78.64
76.34 78.36
75.97 78.06
75.58 77.75
75.2 77.43
74.82 77.1
74.43 76.76
74.03 76.41
73.61 76.05
73.2 75.69
72.83 75.35
72.49 75.0
72.19 74.7
71.99 74.46
71.98 74.24
71.75 73.9
71.62 73.66
