65.0 65.88
66.35 66.59
68.44 67.7
71.27 69.22
74.73 71.09
78.65 73.23
82.86 75.55
87.25 77.96
91.69 80.39
96.02 82.78
100.05 85.06
103.59 87.16
106.5 89.03
108.68 90.62
110.11 91.93
110.85 92.99
111.0 93.86
110.69 94.61
110.05 95.31
109.21 96.0
108.24 96.7
107.23 97.39
106.24 98.08
105.29 98.74
104.42 99.37
103.63 99.94
102.9 100.45
102.18 100.86
101.45 101.14
100.64 101.26
99.69 101.18
98.57 100.91
97.26 100.43
95.77 99.78
94.14 98.98
92.45 98.1
90.79 97.17
89.25 96.24
87.9 95.36
86.78 94.53
85.89 93.77
85.22 93.08
84.75 92.44
84.44 91.84
84.24 91.27
84.14 90.72
84.12 90.17
84.12 89.64
84.15 89.11
84.18 88.6
84.2 88.1
84.19 87.61
84.14 87.14
84.04 86.69
83.87 86.24
83.63 85.79
83.3 85.32
82.91 84.84
82.44 84.35
81.93 83.84
81.39 83.34
80.83 82.85
80.26 82.38
79.72 81.95
79.21 81.55
78.76 81.2
78.37 80.89
78.03 80.6
77.73 80.32
77.46 80.06
77.2 79.78
76.93 79.49
76.63 79.17
76.28 78.82
75.9 78.45
75.49 78.07
75.07 77.67
74.66 77.28
74.28 76.9
73.95 76.55
73.66 76.21
73.4 75.89
73.16 75.58
72.92 75.26
72.66 74.94
72.36 74.59
72.03 74.24
71.69 73.9
71.39 73.56
71.11 73.26
70.88 72.99
70.72 72.75
70.57 72.52
70.4 72.3
70.2 72.05
69.96 71.79
69.68 71.49
69.35 71.18
69.02 70.85
68.68 70.52
68.36 70.2
68.05 69.91
67.8 69.64
67.59 69.41
67.43 69.21
67.31 69.04
67.23 68.9
67.17 68.77
67.15 68.64
67.12 68.51
67.08 68.37
67.02 68.22
66.94 68.04
66.81 67.85
66.63 67.63
66.4 67.4
66.13 67.16
65.82 66.9
65.48 66.65
65.18 66.44
64.98 66.25
64.86 66.15
64.77 66.18
64.78 66.23
