87.0 88.37
89.0 89.42
92.64 91.28
97.88 93.98
104.24 97.32
110.95 100.94
117.17 104.38
122.29 107.28
126.06 109.42
128.51 110.78
129.78 111.51
130.0 111.77
129.33 111.78
128.0 111.67
126.24 111.55
124.25 111.5
122.25 111.56
120.4 111.8
118.81 112.26
117.6 112.95
116.8 113.82
116.42 114.79
116.42 115.78
116.74 116.71
117.28 117.53
117.95 118.24
118.65 118.84
119.27 119.33
119.7 119.7
119.85 119.87
119.58 119.77
118.79 119.36
117.46 118.62
115.66 117.6
113.6 116.44
111.56 115.27
109.78 114.23
108.44 113.42
107.58 112.86
107.13 112.54
106.98 112.38
107.05 112.31
107.29 112.25
107.6 112.17
107.93 112.03
108.21 111.82
108.37 111.52
108.38 111.15
108.26 110.7
108.02 110.2
107.67 109.66
107.22 109.1
106.67 108.56
106.05 108.03
105.37 107.51
104.65 107.0
103.91 106.48
103.2 105.95
102.51 105.43
101.86 104.92
101.25 104.43
100.69 103.96
100.15 103.52
99.66 103.09
99.2 102.67
98.75 102.26
98.33 101.84
97.93 101.43
97.55 101.01
97.17 100.6
96.8 100.18
96.45 99.75
96.1 99.33
95.74 98.9
95.39 98.48
95.05 98.07
94.72 97.66
94.39 97.25
94.07 96.86
93.76 96.47
93.46 96.09
93.16 95.72
92.87 95.36
92.58 95.01
92.3 94.66
92.04 94.33
91.79 94.02
91.56 93.71
91.33 93.42
91.1 93.14
90.88 92.86
90.65 92.58
90.41 92.31
90.17 92.04
89.94 91.77
89.71 91.5
89.48 91.25
89.26 90.99
89.02 90.74
88.78 90.48
88.5 90.22
88.21 89.94
87.91 89.65
87.63 89.37
87.35 89.1
87.08 88.85
86.9 88.65
86.91 88.6
86.94 88.52
86.58 87.98
86.33 87.55
