90.99 94.74
95.62 97.26
103.61 101.57
115.06 107.74
129.44 115.44
145.33 123.97
160.99 132.48
175.08 140.16
186.65 146.4
195.06 150.92
200.13 153.73
201.99 155.08
201.12 155.37
198.11 155.02
193.65 154.42
188.36 153.86
182.72 153.55
177.06 153.6
171.65 154.02
166.63 154.72
162.04 155.57
157.96 156.38
154.36 156.99
151.16 157.28
148.28 157.17
145.6 156.67
142.95 155.81
140.25 154.64
137.43 153.21
134.53 151.55
131.64 149.73
128.89 147.81
126.4 145.86
124.3 143.95
122.66 142.15
121.52 140.5
120.92 139.03
120.9 137.75
121.38 136.69
122.33 135.83
123.64 135.15
125.15 134.6
126.71 134.13
128.21 133.68
129.52 133.2
130.53 132.66
131.23 132.07
131.55 131.41
131.51 130.71
131.13 129.97
130.45 129.21
129.5 128.45
128.36 127.68
127.08 126.93
125.7 126.19
124.28 125.48
122.87 124.8
121.51 124.16
120.22 123.54
118.98 122.93
117.8 122.31
116.64 121.66
115.5 120.97
114.37 120.23
113.22 119.45
112.05 118.61
110.9 117.74
109.74 116.83
108.58 115.89
107.47 114.93
106.41 113.97
105.41 113.01
104.48 112.06
103.65 111.13
102.9 110.23
102.21 109.36
101.61 108.53
101.09 107.74
100.64 106.97
100.25 106.24
99.89 105.54
99.55 104.86
99.2 104.18
98.83 103.51
98.41 102.84
97.97 102.16
97.47 101.48
96.91 100.8
96.31 100.11
95.68 99.43
95.01 98.74
94.29 98.05
93.56 97.36
92.78 96.66
91.97 95.97
91.28 95.37
90.67 94.85
90.04 94.31
89.53 93.85
89.59 93.5
89.91 93.07
