66.0 67.84
67.76 68.78
70.46 70.25
74.19 72.27
78.89 74.82
84.38 77.76
90.32 80.92
96.32 84.09
101.93 87.07
106.82 89.68
110.77 91.85
113.68 93.56
115.59 94.87
116.64 95.88
117.0 96.7
116.8 97.45
116.21 98.17
115.31 98.89
114.18 99.63
112.85 100.34
111.4 101.02
109.89 101.63
108.34 102.14
106.81 102.55
105.32 102.84
103.89 103.0
102.49 103.04
101.15 102.97
99.85 102.78
98.57 102.49
97.29 102.09
96.0 101.57
94.67 100.92
93.27 100.13
91.78 99.19
90.22 98.11
88.6 96.91
86.95 95.63
85.31 94.3
83.73 92.97
82.27 91.68
80.96 90.45
79.82 89.3
78.89 88.22
78.15 87.23
77.56 86.3
77.11 85.44
76.76 84.61
76.49 83.83
76.29 83.07
76.12 82.34
75.98 81.64
75.85 80.97
75.74 80.33
75.61 79.72
75.47 79.14
75.29 78.58
75.08 78.04
74.83 77.52
74.55 77.02
74.24 76.53
73.9 76.05
73.52 75.58
73.12 75.13
72.69 74.69
72.25 74.26
71.8 73.84
71.34 73.42
70.86 73.02
70.37 72.61
69.86 72.21
69.37 71.8
68.89 71.41
68.43 71.02
67.99 70.64
67.58 70.27
67.2 69.91
66.82 69.55
66.45 69.18
66.07 68.8
65.69 68.41
65.28 68.0
64.87 67.58
64.46 67.18
64.12 66.83
63.93 66.59
64.04 66.55
64.63 66.77
65.69 67.23
