64.0 67.78
71.45 71.65
85.61 78.78
106.44 89.2
131.18 101.8
154.99 114.57
173.39 125.19
183.82 131.89
186.0 134.09
182.12 132.55
175.35 128.87
167.74 124.81
160.22 121.63
153.17 119.91
146.73 119.55
140.9 120.11
135.56 121.07
130.55 122.1
125.74 123.04
121.03 123.8
116.42 124.27
111.99 124.25
107.81 123.54
103.93 122.04
100.35 119.88
97.01 117.35
93.83 114.81
90.73 112.52
87.62 110.52
84.49 108.64
81.46 106.64
78.69 104.38
76.42 101.89
74.87 99.38
74.18 97.11
74.38 95.27
75.35 93.93
76.94 93.01
78.95 92.41
81.2 92.0
83.52 91.67
85.73 91.37
87.7 91.05
89.31 90.64
90.44 90.13
91.06 89.49
91.15 88.73
90.76 87.88
89.95 86.99
88.82 86.11
87.49 85.28
86.04 84.53
84.56 83.87
83.11 83.29
81.75 82.79
80.49 82.34
79.34 81.92
78.31 81.53
77.36 81.15
76.49 80.76
75.68 80.35
74.91 79.91
74.17 79.42
73.45 78.88
72.73 78.3
72.03 77.69
71.35 77.05
70.7 76.4
70.08 75.74
69.47 75.08
68.9 74.4
68.33 73.72
67.76 73.02
67.2 72.31
66.61 71.6
65.98 70.86
65.29 70.1
64.55 69.33
63.78 68.57
63.19 67.95
62.93 67.67
62.8 67.51
62.89 67.14
63.31 67.06
