69.0 70.41
72.31 72.22
77.73 75.19
85.34 79.38
94.98 84.65
105.99 90.64
117.41 96.88
128.32 102.84
137.81 108.02
145.11 112.09
149.93 114.96
152.44 116.71
153.0 117.62
152.02 117.98
149.92 118.1
147.03 118.18
143.62 118.35
139.88 118.64
135.95 119.01
131.91 119.39
127.82 119.68
123.73 119.81
119.66 119.67
115.62 119.23
111.65 118.46
107.78 117.37
104.02 116.05
100.44 114.55
97.1 112.96
94.04 111.35
91.3 109.74
88.88 108.14
86.76 106.5
84.9 104.8
83.26 103.03
81.81 101.18
80.54 99.28
79.43 97.36
78.45 95.45
77.61 93.57
76.85 91.74
76.17 89.98
75.58 88.29
75.04 86.69
74.56 85.2
74.13 83.81
73.73 82.52
73.33 81.32
72.93 80.19
72.55 79.12
72.16 78.12
71.79 77.2
71.48 76.38
71.23 75.64
71.0 74.99
70.78 74.4
70.56 73.86
70.31 73.34
70.02 72.85
69.7 72.36
69.37 71.9
69.03 71.47
68.72 71.06
68.43 70.68
68.13 70.29
67.74 69.9
67.3 69.52
67.02 69.3
67.28 69.46
67.83 69.99
