87.0 92.09
89.65 93.47
93.94 95.75
99.86 98.91
107.14 102.8
115.39 107.17
124.15 111.74
132.91 116.21
141.13 120.32
148.3 123.9
154.04 126.83
158.19 129.1
160.76 130.78
161.94 131.99
162.0 132.9
161.18 133.66
159.72 134.38
157.8 135.13
155.57 135.92
153.16 136.75
150.68 137.55
148.22 138.29
145.86 138.93
143.61 139.44
141.51 139.82
139.55 140.03
137.67 140.05
135.8 139.85
133.86 139.41
131.77 138.69
129.5 137.73
127.11 136.55
124.68 135.22
122.31 133.81
120.12 132.38
118.2 130.98
116.59 129.66
115.34 128.44
114.44 127.31
113.85 126.28
113.53 125.33
113.42 124.44
113.45 123.58
113.57 122.74
113.73 121.9
113.85 121.04
113.9 120.17
113.84 119.28
113.66 118.4
113.38 117.53
113.0 116.7
112.56 115.91
112.07 115.18
111.56 114.49
111.03 113.85
110.48 113.23
109.88 112.62
109.23 112.01
108.55 111.4
107.84 110.8
107.11 110.2
106.37 109.61
105.62 109.02
104.87 108.43
104.12 107.85
103.37 107.26
102.64 106.67
101.9 106.05
101.13 105.4
100.3 104.71
99.41 103.97
98.46 103.19
97.47 102.38
96.46 101.55
95.44 100.72
94.45 99.88
93.48 99.05
92.53 98.23
91.6 97.4
90.7 96.57
89.84 95.77
89.11 95.04
88.41 94.32
87.95 93.75
87.44 93.25
86.77 92.54
86.26 91.97
