78.0 79.12
79.57 79.94
81.99 81.2
85.26 82.94
89.33 85.11
94.03 87.63
99.14 90.36
104.33 93.15
109.28 95.83
113.66 98.24
117.2 100.27
119.76 101.86
121.33 103.04
122.0 103.85
121.89 104.39
121.21 104.77
120.13 105.09
118.79 105.44
117.36 105.85
115.94 106.34
114.61 106.91
113.4 107.52
112.36 108.13
111.47 108.72
110.72 109.26
110.11 109.73
109.63 110.12
109.25 110.44
108.95 110.66
108.67 110.79
108.33 110.79
107.86 110.65
107.19 110.33
106.28 109.83
105.16 109.16
103.89 108.36
102.55 107.47
101.23 106.56
100.03 105.68
98.99 104.88
98.17 104.17
97.58 103.58
97.21 103.08
97.02 102.67
97.0 102.32
97.09 102.02
97.25 101.74
97.45 101.45
97.64 101.16
97.8 100.83
97.88 100.48
97.88 100.11
97.8 99.71
97.63 99.31
97.37 98.9
97.03 98.49
96.63 98.08
96.17 97.66
95.67 97.25
95.15 96.84
94.61 96.43
94.06 96.02
93.51 95.62
92.97 95.23
92.43 94.83
91.89 94.45
91.37 94.06
90.85 93.66
90.33 93.27
89.82 92.87
89.33 92.46
88.84 92.05
88.37 91.64
87.91 91.22
87.48 90.81
87.08 90.4
86.71 90.0
86.37 89.6
86.05 89.22
85.75 88.84
85.46 88.48
85.2 88.12
84.97 87.78
84.75 87.45
84.55 87.13
84.37 86.83
84.19 86.53
84.02 86.23
83.85 85.95
83.68 85.67
83.53 85.41
83.4 85.16
83.28 84.93
83.18 84.72
83.07 84.53
82.96 84.33
82.83 84.14
82.69 83.96
82.55 83.77
82.4 83.58
82.23 83.39
82.05 83.2
81.87 83.01
81.69 82.82
81.51 82.63
81.3 82.44
81.07 82.23
80.78 82.01
80.47 81.78
80.14 81.53
79.81 81.29
79.5 81.06
79.24 80.84
79.03 80.67
78.81 80.54
78.53 80.32
78.36 80.15
78.29 80.06
78.24 80.05
78.41 80.09
