65.0 66.3
66.93 67.39
70.4 69.28
75.4 71.98
81.56 75.3
88.22 78.9
94.6 82.37
100.04 85.32
104.14 87.53
106.78 88.93
108.0 89.59
107.94 89.68
106.84 89.41
105.0 88.98
102.77 88.56
100.4 88.28
98.12 88.2
96.07 88.38
94.33 88.8
92.97 89.44
92.0 90.21
91.4 91.03
91.1 91.8
91.02 92.44
91.08 92.91
91.18 93.23
91.27 93.41
91.3 93.48
91.26 93.47
91.11 93.37
90.85 93.18
90.43 92.86
89.82 92.41
88.97 91.78
87.85 90.99
86.46 90.04
84.91 89.0
83.35 87.95
81.97 86.98
80.89 86.17
80.17 85.55
79.77 85.11
79.63 84.82
79.68 84.62
79.88 84.48
80.22 84.37
80.66 84.28
81.14 84.19
81.59 84.06
81.94 83.89
82.12 83.63
82.11 83.28
81.89 82.84
81.48 82.33
80.9 81.77
80.19 81.2
79.41 80.64
78.6 80.11
77.8 79.6
77.04 79.13
76.34 78.69
75.71 78.28
75.16 77.91
74.69 77.57
74.29 77.26
73.94 76.96
73.62 76.66
73.33 76.36
73.05 76.04
72.79 75.71
72.54 75.38
72.31 75.04
72.06 74.71
71.81 74.37
71.53 74.01
71.24 73.66
70.93 73.29
70.61 72.92
70.29 72.55
69.97 72.19
69.65 71.83
69.34 71.49
69.04 71.15
68.74 70.83
68.46 70.51
68.18 70.21
67.9 69.9
67.63 69.6
67.35 69.31
67.09 69.02
66.83 68.75
66.58 68.48
66.37 68.22
66.16 67.97
65.97 67.74
65.78 67.5
65.59 67.27
65.39 67.03
65.17 66.79
64.95 66.54
64.73 66.3
64.52 66.11
64.35 65.95
64.17 65.69
63.97 65.52
64.01 65.47
63.96 65.48
