53.99 59.14
59.82 61.99
70.1 67.04
84.12 74.35
101.19 83.28
118.95 92.66
134.34 101.25
146.38 108.18
155.17 113.03
160.65 115.89
163.0 117.19
162.79 117.51
160.75 117.39
157.49 117.21
153.52 117.19
149.19 117.41
144.72 117.89
140.23 118.63
135.78 119.56
131.4 120.57
127.1 121.45
122.86 122.0
118.7 122.02
114.55 121.44
110.39 120.3
106.21 118.72
101.97 116.88
97.66 114.87
93.29 112.74
88.92 110.45
84.64 107.98
80.55 105.33
76.75 102.56
73.32 99.72
70.32 96.9
67.8 94.17
65.8 91.59
64.34 89.17
63.42 86.96
63.03 84.97
63.09 83.21
63.5 81.65
64.18 80.25
65.02 78.97
65.91 77.79
66.79 76.67
67.59 75.61
68.24 74.59
68.7 73.6
68.94 72.63
68.95 71.69
68.74 70.76
68.32 69.86
67.73 68.99
67.01 68.16
66.19 67.37
65.29 66.65
64.37 65.97
63.44 65.35
62.49 64.75
61.53 64.17
60.55 63.6
59.58 63.02
58.61 62.43
57.66 61.84
56.76 61.26
55.92 60.67
55.13 60.11
54.43 59.61
54.01 59.32
53.79 59.28
53.68 59.34
