71.99 72.72
74.05 73.84
77.41 75.67
82.13 78.23
88.03 81.43
94.66 85.03
101.44 88.74
107.76 92.22
113.16 95.22
117.34 97.58
120.18 99.26
121.69 100.32
121.99 100.88
121.3 101.09
119.81 101.08
117.75 100.97
115.33 100.87
112.73 100.82
110.09 100.85
107.5 100.96
105.05 101.13
102.79 101.32
100.78 101.47
99.03 101.56
97.54 101.55
96.3 101.46
95.29 101.3
94.49 101.09
93.84 100.83
93.27 100.51
92.7 100.1
92.05 99.55
91.28 98.86
90.37 98.01
89.4 97.04
88.42 96.02
87.52 95.0
86.79 94.05
86.27 93.21
85.98 92.5
85.91 91.92
86.03 91.46
86.32 91.1
86.7 90.81
87.15 90.58
87.61 90.37
88.04 90.16
88.4 89.95
88.69 89.73
88.89 89.5
89.01 89.27
89.08 89.05
89.05 88.85
88.94 88.64
88.72 88.43
88.38 88.2
87.95 87.94
87.43 87.64
86.85 87.33
86.24 87.0
85.61 86.66
84.96 86.31
84.3 85.95
83.64 85.59
82.98 85.23
82.33 84.86
81.73 84.49
81.15 84.13
80.62 83.77
80.11 83.4
79.62 83.02
79.15 82.62
78.7 82.21
78.27 81.79
77.89 81.38
77.55 80.98
77.25 80.59
76.99 80.23
76.77 79.88
76.58 79.55
76.4 79.22
76.24 78.91
76.11 78.6
75.97 78.3
75.84 78.01
75.7 77.72
75.54 77.43
75.36 77.13
75.16 76.84
74.95 76.55
74.73 76.28
74.54 76.03
74.39 75.82
74.26 75.64
74.15 75.47
74.04 75.3
73.89 75.12
73.71 74.91
73.51 74.7
73.3 74.47
73.09 74.26
72.89 74.06
72.7 73.87
72.52 73.7
72.36 73.53
72.2 73.37
72.07 73.22
71.95 73.08
71.83 72.95
71.68 72.81
71.52 72.67
71.39 72.55
71.23 72.52
71.21 72.46
71.23 72.23
71.19 72.26
