86.0 87.22
87.52 88.03
90.03 89.38
93.57 91.28
97.98 93.65
102.93 96.32
108.03 99.08
112.91 101.73
117.28 104.1
120.95 106.11
123.85 107.76
125.99 109.09
127.47 110.19
128.4 111.14
128.88 112.02
129.0 112.87
128.82 113.7
128.37 114.51
127.67 115.28
126.72 115.96
125.49 116.49
123.92 116.8
121.99 116.82
119.66 116.54
117.02 115.98
114.21 115.23
111.44 114.4
108.88 113.6
106.72 112.92
105.03 112.41
103.78 112.05
102.92 111.78
102.37 111.53
102.02 111.23
101.8 110.85
101.63 110.36
101.47 109.75
101.29 109.05
101.06 108.27
100.79 107.43
100.46 106.57
100.07 105.68
99.64 104.81
99.16 103.96
98.63 103.15
98.08 102.38
97.52 101.64
96.95 100.95
96.4 100.28
95.88 99.65
95.42 99.06
95.01 98.51
94.66 98.02
94.34 97.56
94.04 97.14
93.73 96.72
93.38 96.29
92.97 95.85
92.51 95.38
92.01 94.89
91.47 94.39
90.93 93.9
90.42 93.43
89.95 92.99
89.54 92.58
89.2 92.22
88.92 91.89
88.67 91.57
88.46 91.27
88.24 90.96
88.02 90.65
87.79 90.32
87.54 89.98
87.27 89.63
87.01 89.29
86.76 88.97
86.54 88.67
86.36 88.39
86.2 88.15
86.06 87.93
85.98 87.8
86.13 87.78
86.49 87.83
