88.0 91.43
92.04 93.56
99.64 97.4
110.57 102.92
123.59 109.66
137.0 116.8
149.02 123.41
158.55 128.84
165.65 132.92
171.02 135.85
175.09 137.99
177.83 139.68
179.0 141.03
178.36 142.02
176.03 142.59
172.4 142.75
167.97 142.61
163.16 142.38
158.25 142.25
153.38 142.29
148.65 142.43
144.1 142.48
139.73 142.27
135.55 141.67
131.52 140.67
127.58 139.37
123.73 137.91
119.99 136.37
116.46 134.81
113.25 133.19
110.52 131.52
108.37 129.84
106.87 128.22
106.02 126.75
105.73 125.47
105.9 124.36
106.37 123.34
107.02 122.33
107.71 121.25
108.35 120.09
108.86 118.85
109.22 117.58
109.38 116.29
109.34 115.02
109.12 113.79
108.74 112.6
108.24 111.5
107.66 110.48
107.01 109.56
106.33 108.74
105.61 108.0
104.89 107.31
104.14 106.66
103.36 106.03
102.56 105.4
101.73 104.77
100.88 104.15
100.02 103.53
99.18 102.92
98.36 102.32
97.58 101.74
96.86 101.19
96.21 100.65
95.63 100.14
95.12 99.65
94.67 99.17
94.28 98.7
93.9 98.22
93.52 97.72
93.12 97.19
92.66 96.63
92.16 96.04
91.6 95.41
91.0 94.76
90.36 94.09
89.69 93.43
89.01 92.77
88.36 92.13
87.82 91.58
87.33 91.08
86.85 90.58
86.57 90.23
86.41 90.1
86.27 90.0
86.42 90.08
