84.0 85.47
86.06 86.6
89.44 88.45
94.33 91.1
100.59 94.47
107.78 98.34
115.25 102.36
122.27 106.14
128.22 109.35
132.7 111.78
135.58 113.4
136.93 114.29
137.0 114.67
136.1 114.77
134.58 114.79
132.73 114.89
130.77 115.15
128.86 115.62
127.09 116.28
125.53 117.09
124.2 118.0
123.11 118.93
122.27 119.82
121.65 120.6
121.2 121.24
120.87 121.71
120.58 122.01
120.26 122.15
119.8 122.11
119.09 121.86
118.03 121.39
116.59 120.66
114.8 119.68
112.77 118.51
110.68 117.25
108.73 116.0
107.09 114.88
105.89 113.96
105.15 113.27
104.87 112.81
104.98 112.51
105.36 112.33
105.91 112.18
106.52 112.01
107.07 111.77
107.52 111.45
107.82 111.03
107.96 110.54
107.93 109.99
107.75 109.41
107.41 108.8
106.93 108.2
106.31 107.6
105.57 107.01
104.74 106.43
103.88 105.85
103.01 105.29
102.18 104.73
101.38 104.19
100.62 103.66
99.88 103.13
99.14 102.61
98.41 102.07
97.65 101.53
96.91 100.97
96.19 100.42
95.52 99.87
94.9 99.34
94.35 98.83
93.87 98.34
93.45 97.86
93.08 97.39
92.76 96.94
92.45 96.49
92.17 96.03
91.9 95.58
91.64 95.13
91.37 94.68
91.08 94.22
90.78 93.76
90.46 93.31
90.13 92.88
89.82 92.47
89.55 92.09
89.34 91.76
89.17 91.47
89.06 91.21
88.97 90.97
88.88 90.75
88.8 90.54
88.69 90.31
88.56 90.07
88.39 89.82
88.16 89.54
87.86 89.24
87.52 88.92
87.12 88.59
86.69 88.24
86.23 87.89
85.77 87.54
85.3 87.2
84.85 86.87
84.43 86.56
84.05 86.28
83.74 86.02
83.49 85.8
83.36 85.65
83.41 85.62
83.53 85.61
83.8 85.68
84.03 85.55
