73.0 74.95
74.74 75.9
77.55 77.45
81.53 79.64
86.61 82.41
92.49 85.59
98.74 88.93
104.85 92.16
110.33 95.02
114.76 97.3
117.88 98.92
119.6 99.88
120.0 100.29
119.27 100.28
117.66 100.03
115.44 99.68
112.84 99.33
110.05 99.06
107.21 98.88
104.4 98.78
101.71 98.72
99.17 98.66
96.86 98.58
94.8 98.44
93.04 98.24
91.55 97.96
90.27 97.58
89.11 97.09
87.99 96.47
86.82 95.71
85.59 94.82
84.34 93.83
83.12 92.79
82.03 91.75
81.11 90.74
80.42 89.8
79.96 88.95
79.75 88.21
79.76 87.56
79.98 87.01
80.36 86.56
80.87 86.18
81.45 85.86
82.06 85.58
82.66 85.32
83.19 85.05
83.62 84.78
83.96 84.51
84.18 84.23
84.27 83.96
84.24 83.69
84.09 83.42
83.8 83.14
83.41 82.85
82.93 82.56
82.38 82.26
81.81 81.96
81.21 81.67
80.61 81.4
80.03 81.13
79.46 80.87
78.91 80.61
78.39 80.34
77.89 80.06
77.43 79.78
76.99 79.5
76.57 79.2
76.16 78.88
75.75 78.55
75.33 78.19
74.9 77.81
74.47 77.41
74.05 77.02
73.66 76.62
73.29 76.24
72.94 75.86
72.63 75.49
72.36 75.16
72.18 74.88
72.18 74.73
72.4 74.74
73.12 75.0
