86.99 88.16
88.8 89.09
91.86 90.68
96.23 92.94
101.61 95.76
107.48 98.91
113.29 102.09
118.66 105.06
123.4 107.69
127.47 109.95
130.87 111.86
133.51 113.47
135.24 114.77
136.0 115.77
135.84 116.47
134.94 116.92
133.53 117.22
131.84 117.5
130.05 117.84
128.31 118.3
126.7 118.89
125.28 119.55
124.08 120.2
123.09 120.8
122.28 121.32
121.61 121.74
121.03 122.07
120.49 122.3
119.9 122.39
119.18 122.28
118.21 121.92
116.93 121.27
115.3 120.34
113.38 119.2
111.33 117.95
109.34 116.69
107.59 115.53
106.21 114.52
105.25 113.71
104.73 113.1
104.59 112.64
104.72 112.29
105.03 111.98
105.44 111.67
105.8 111.31
106.06 110.86
106.19 110.34
106.18 109.74
106.02 109.1
105.74 108.42
105.36 107.74
104.87 107.06
104.28 106.4
103.61 105.76
102.86 105.14
102.07 104.53
101.25 103.93
100.44 103.33
99.64 102.74
98.87 102.16
98.11 101.58
97.36 101.01
96.65 100.44
95.97 99.89
95.31 99.35
94.7 98.82
94.12 98.3
93.56 97.78
93.01 97.26
92.48 96.74
92.0 96.22
91.57 95.71
91.21 95.24
90.91 94.79
90.67 94.38
90.47 93.99
90.29 93.61
90.1 93.22
89.9 92.83
89.66 92.41
89.35 91.97
88.99 91.51
88.58 91.05
88.14 90.58
87.71 90.13
87.3 89.7
86.91 89.3
86.56 88.94
86.25 88.6
85.98 88.3
85.76 88.02
85.59 87.78
85.48 87.57
85.46 87.43
85.52 87.34
85.58 87.23
85.69 87.23
85.76 87.21
