86.0 87.18
87.36 87.92
89.64 89.16
92.87 90.91
96.91 93.09
101.48 95.56
106.22 98.12
110.78 100.58
114.88 102.79
118.33 104.66
121.02 106.17
122.96 107.34
124.2 108.26
124.84 109.0
125.0 109.63
124.75 110.2
124.21 110.76
123.43 111.31
122.46 111.85
121.33 112.35
120.05 112.77
118.59 113.03
116.89 113.1
114.94 112.92
112.76 112.51
110.46 111.93
108.18 111.25
106.08 110.58
104.29 109.99
102.88 109.51
101.82 109.15
101.09 108.87
100.6 108.6
100.29 108.31
100.09 107.94
99.95 107.5
99.83 106.97
99.7 106.37
99.55 105.71
99.37 105.01
99.16 104.29
98.92 103.58
98.67 102.88
98.38 102.21
98.05 101.57
97.66 100.95
97.22 100.34
96.72 99.73
96.19 99.13
95.67 98.55
95.15 97.99
94.66 97.47
94.2 96.98
93.76 96.52
93.31 96.08
92.85 95.65
92.38 95.22
91.9 94.78
91.41 94.34
90.92 93.9
90.45 93.47
90.0 93.05
89.59 92.65
89.22 92.27
88.91 91.9
88.64 91.56
88.4 91.24
88.17 90.92
87.95 90.61
87.74 90.3
87.51 89.97
87.29 89.65
87.07 89.32
86.86 89.01
86.65 88.7
86.44 88.41
86.25 88.14
86.07 87.88
85.91 87.65
85.79 87.48
85.83 87.42
86.2 87.58
86.82 87.96
