80.0 81.01
80.91 81.49
82.37 82.27
84.39 83.36
86.9 84.72
89.76 86.26
92.78 87.89
95.79 89.5
98.63 91.01
101.14 92.34
103.18 93.45
104.69 94.32
105.62 94.95
106.0 95.38
105.9 95.65
105.43 95.81
104.67 95.92
103.72 96.04
102.7 96.18
101.68 96.37
100.68 96.59
99.76 96.83
98.9 97.06
98.11 97.24
97.39 97.38
96.71 97.45
96.09 97.46
95.52 97.41
94.98 97.31
94.49 97.17
94.05 96.99
93.64 96.78
93.26 96.53
92.88 96.24
92.47 95.89
91.99 95.46
91.43 94.97
90.82 94.41
90.18 93.83
89.54 93.23
88.95 92.66
88.45 92.13
88.05 91.67
87.75 91.27
87.57 90.93
87.47 90.64
87.44 90.38
87.45 90.15
87.5 89.94
87.56 89.73
87.65 89.54
87.74 89.37
87.85 89.21
87.95 89.07
88.05 88.94
88.15 88.82
88.22 88.72
88.28 88.62
88.3 88.53
88.29 88.43
88.23 88.31
88.12 88.19
87.97 88.05
87.77 87.9
87.55 87.74
87.3 87.58
87.03 87.42
86.75 87.26
86.46 87.1
86.16 86.94
85.85 86.76
85.53 86.58
85.21 86.38
84.88 86.18
84.55 85.97
84.24 85.76
83.95 85.55
83.68 85.34
83.43 85.13
83.19 84.92
82.97 84.72
82.74 84.5
82.52 84.28
82.29 84.05
82.07 83.82
81.84 83.58
81.62 83.33
81.4 83.09
81.18 82.85
80.97 82.61
80.77 82.37
80.57 82.14
80.38 81.92
80.19 81.7
80.0 81.49
79.82 81.29
79.67 81.12
79.59 81.01
79.64 80.94
79.7 80.86
79.85 80.84
