61.99 63.98
64.01 64.97
67.32 66.64
71.91 69.0
77.52 71.93
83.69 75.22
90.01 78.65
96.17 81.99
101.9 85.07
106.92 87.79
110.96 90.06
113.86 91.85
115.53 93.15
115.99 93.99
115.38 94.44
113.88 94.58
111.69 94.52
109.04 94.37
106.11 94.21
103.05 94.07
100.0 93.95
97.02 93.83
94.18 93.65
91.49 93.39
88.99 93.04
86.63 92.57
84.39 91.97
82.2 91.22
80.03 90.31
77.83 89.21
75.61 87.93
73.41 86.51
71.29 84.99
69.32 83.43
67.54 81.88
66.0 80.37
64.73 78.93
63.72 77.57
62.98 76.29
62.51 75.11
62.29 74.02
62.29 73.04
62.47 72.16
62.81 71.37
63.27 70.67
63.8 70.05
64.39 69.51
65.0 69.03
65.59 68.61
66.14 68.25
66.63 67.93
67.01 67.64
67.29 67.37
67.45 67.1
67.49 66.84
67.39 66.58
67.2 66.32
66.93 66.07
66.58 65.84
66.19 65.62
65.77 65.41
65.32 65.22
64.86 65.03
64.37 64.83
63.85 64.62
63.31 64.38
62.74 64.13
62.18 63.85
61.63 63.59
61.19 63.37
60.88 63.29
60.92 63.38
61.02 63.59
