61.0 62.63
62.25 63.28
64.1 64.27
66.62 65.63
69.78 67.33
73.52 69.33
77.67 71.54
81.96 73.8
86.1 75.99
89.81 77.95
92.89 79.62
95.21 80.94
96.78 81.94
97.67 82.69
98.0 83.28
97.88 83.78
97.46 84.27
96.83 84.78
96.07 85.33
95.22 85.89
94.32 86.45
93.37 86.98
92.39 87.44
91.39 87.8
90.36 88.06
89.31 88.19
88.26 88.2
87.17 88.08
86.03 87.84
84.83 87.47
83.54 86.98
82.16 86.39
80.72 85.69
79.25 84.91
77.8 84.06
76.41 83.18
75.12 82.28
73.95 81.39
72.91 80.51
72.01 79.66
71.24 78.85
70.6 78.07
70.07 77.32
69.66 76.61
69.35 75.94
69.13 75.3
68.99 74.7
68.91 74.13
68.88 73.58
68.85 73.06
68.82 72.56
68.77 72.08
68.69 71.62
68.58 71.17
68.45 70.73
68.28 70.31
68.07 69.9
67.82 69.5
67.54 69.12
67.24 68.74
66.93 68.39
66.6 68.05
66.27 67.73
65.95 67.43
65.62 67.14
65.28 66.86
64.95 66.58
64.61 66.29
64.26 66.0
63.92 65.71
63.57 65.42
63.22 65.12
62.87 64.82
62.52 64.52
62.16 64.2
61.79 63.88
61.4 63.54
61.01 63.2
60.62 62.86
60.25 62.53
59.93 62.25
59.73 62.03
59.69 61.92
59.93 61.94
60.43 62.12
60.9 62.24
