61.0 61.79
62.58 62.69
65.16 64.12
68.73 66.1
73.13 68.53
78.07 71.26
83.22 74.12
88.34 76.94
93.18 79.58
97.51 81.95
101.14 83.99
103.93 85.66
105.83 86.97
106.83 87.94
107.0 88.63
106.44 89.1
105.33 89.43
103.78 89.67
101.92 89.87
99.87 90.05
97.71 90.2
95.52 90.3
93.37 90.35
91.33 90.33
89.45 90.26
87.77 90.15
86.29 90.0
85.02 89.82
83.89 89.58
82.86 89.25
81.87 88.81
80.85 88.24
79.79 87.53
78.68 86.69
77.56 85.76
76.47 84.77
75.45 83.76
74.52 82.76
73.73 81.81
73.09 80.92
72.62 80.13
72.37 79.45
72.35 78.9
72.55 78.46
72.95 78.14
73.5 77.9
74.14 77.71
74.79 77.56
75.42 77.41
75.97 77.24
76.42 77.07
76.76 76.88
76.97 76.67
77.05 76.46
76.99 76.23
76.8 75.99
76.48 75.73
76.07 75.48
75.62 75.23
75.14 74.99
74.66 74.77
74.19 74.57
73.73 74.37
73.29 74.17
72.85 73.96
72.39 73.73
71.89 73.47
71.35 73.18
70.77 72.85
70.17 72.49
69.58 72.12
69.03 71.75
68.52 71.38
68.06 71.02
67.64 70.67
67.26 70.32
66.91 69.98
66.58 69.63
66.23 69.26
65.88 68.88
65.5 68.47
65.1 68.05
64.7 67.62
64.34 67.2
64.02 66.8
63.74 66.44
63.51 66.1
63.32 65.79
63.13 65.51
62.96 65.23
62.8 64.95
62.62 64.67
62.42 64.39
62.21 64.1
62.0 63.81
61.79 63.54
61.62 63.28
61.47 63.05
61.38 62.86
61.32 62.7
61.25 62.57
61.18 62.44
61.11 62.33
61.02 62.2
60.92 62.08
60.75 61.89
60.53 61.67
60.44 61.52
60.17 61.25
