76.99 80.17
80.85 82.18
87.2 85.56
96.12 90.31
107.13 96.17
119.19 102.66
131.32 109.24
142.69 115.37
152.6 120.7
160.58 125.03
166.48 128.37
170.34 130.84
172.41 132.66
173.0 134.06
172.45 135.22
171.03 136.31
168.94 137.39
166.34 138.49
163.3 139.57
159.86 140.54
156.08 141.3
151.97 141.72
147.58 141.73
142.97 141.29
138.19 140.42
133.31 139.18
128.36 137.64
123.43 135.88
118.61 133.97
114.02 131.97
109.78 129.92
105.98 127.87
102.7 125.84
99.96 123.84
97.74 121.89
96.01 119.97
94.72 118.07
93.81 116.21
93.24 114.39
92.94 112.62
92.88 110.92
93.0 109.31
93.26 107.77
93.57 106.32
93.89 104.94
94.16 103.62
94.32 102.34
94.33 101.1
94.18 99.9
93.87 98.73
93.41 97.6
92.81 96.51
92.1 95.47
91.31 94.48
90.44 93.54
89.52 92.65
88.57 91.81
87.61 91.02
86.67 90.28
85.74 89.59
84.87 88.94
84.06 88.33
83.29 87.74
82.58 87.17
81.92 86.6
81.28 86.03
80.68 85.46
80.09 84.89
79.53 84.31
79.0 83.74
78.49 83.15
77.99 82.57
77.49 81.98
76.99 81.38
76.49 80.8
76.12 80.33
75.92 80.16
75.84 80.03
75.96 80.01
