76.0 77.55
77.31 78.27
79.48 79.45
82.52 81.1
86.32 83.16
90.65 85.49
95.21 87.92
99.66 90.28
103.73 92.43
107.22 94.28
110.03 95.81
112.14 97.03
113.6 98.02
114.48 98.86
114.91 99.6
115.0 100.33
114.84 101.07
114.53 101.86
114.13 102.69
113.69 103.55
113.21 104.4
112.69 105.2
112.13 105.92
111.52 106.51
110.84 106.97
110.11 107.3
109.33 107.5
108.5 107.6
107.62 107.6
106.71 107.52
105.76 107.35
104.76 107.08
103.68 106.69
102.5 106.17
101.2 105.5
99.79 104.72
98.32 103.83
96.85 102.89
95.44 101.94
94.16 101.01
93.04 100.13
92.1 99.31
91.33 98.56
90.73 97.87
90.27 97.23
89.93 96.62
89.68 96.04
89.5 95.47
89.38 94.92
89.29 94.38
89.23 93.84
89.16 93.32
89.09 92.8
88.99 92.3
88.87 91.81
88.7 91.34
88.49 90.89
88.25 90.44
87.96 90.0
87.64 89.56
87.28 89.13
86.87 88.69
86.42 88.25
85.93 87.81
85.41 87.37
84.87 86.93
84.32 86.5
83.77 86.07
83.24 85.66
82.71 85.26
82.21 84.87
81.71 84.47
81.23 84.08
80.76 83.68
80.31 83.28
79.88 82.89
79.48 82.49
79.1 82.11
78.75 81.73
78.42 81.36
78.12 81.0
77.83 80.64
77.56 80.29
77.29 79.93
77.02 79.59
76.77 79.24
76.52 78.9
76.28 78.58
76.07 78.3
75.93 78.05
75.83 77.84
75.76 77.62
75.45 77.32
75.21 77.1
74.85 76.74
