60.0 60.97
62.17 62.19
65.61 64.12
70.36 66.77
76.27 70.04
82.93 73.73
89.93 77.62
96.93 81.47
103.56 85.09
109.43 88.33
114.3 91.09
117.98 93.33
120.44 95.07
121.74 96.38
122.0 97.32
121.37 98.02
120.05 98.56
118.23 99.04
116.07 99.5
113.71 99.97
111.25 100.43
108.78 100.84
106.36 101.18
104.05 101.41
101.88 101.53
99.9 101.55
98.07 101.48
96.42 101.31
94.93 101.04
93.54 100.66
92.21 100.16
90.94 99.53
89.68 98.76
88.38 97.84
87.03 96.78
85.61 95.59
84.15 94.29
82.69 92.93
81.33 91.57
80.15 90.28
79.24 89.11
78.6 88.09
78.28 87.24
78.25 86.56
78.5 86.03
78.99 85.65
79.71 85.38
80.58 85.2
81.53 85.09
82.48 85.0
83.38 84.93
84.16 84.83
84.78 84.69
85.19 84.5
85.38 84.26
85.35 83.98
85.11 83.65
84.69 83.31
84.13 82.95
83.49 82.6
82.79 82.26
82.06 81.93
81.33 81.63
80.6 81.33
79.88 81.06
79.2 80.78
78.56 80.51
77.97 80.24
77.41 79.96
76.89 79.68
76.44 79.4
76.03 79.1
75.63 78.79
75.22 78.44
74.79 78.05
74.31 77.63
73.8 77.16
73.26 76.67
72.72 76.16
72.19 75.64
71.65 75.12
71.1 74.59
70.55 74.06
69.99 73.53
69.45 72.99
68.91 72.46
68.38 71.94
67.87 71.42
67.38 70.92
66.9 70.42
66.41 69.92
65.94 69.42
65.48 68.93
65.05 68.46
64.66 68.01
64.32 67.59
64.02 67.19
63.73 66.81
63.45 66.44
63.21 66.09
63.01 65.76
62.85 65.46
62.75 65.18
62.69 64.94
62.64 64.71
62.6 64.5
62.57 64.29
62.53 64.09
62.48 63.88
62.42 63.68
62.35 63.48
62.26 63.3
62.18 63.12
62.09 62.95
61.99 62.8
61.87 62.65
61.75 62.5
61.61 62.36
61.47 62.21
61.31 62.07
61.14 61.92
60.96 61.77
60.76 61.6
60.6 61.45
60.39 61.28
60.18 61.03
59.98 60.79
59.86 60.59
59.66 60.43
59.49 60.28
59.35 60.12
59.35 60.18
59.24 60.12
