72.0 72.54
73.59 73.45
76.07 74.84
79.49 76.75
83.82 79.15
88.87 81.94
94.36 84.95
99.91 87.99
105.13 90.86
109.69 93.4
113.38 95.52
116.11 97.22
117.97 98.55
119.11 99.64
119.73 100.62
119.99 101.57
120.0 102.58
119.81 103.64
119.44 104.74
118.92 105.83
118.26 106.85
117.46 107.78
116.56 108.58
115.57 109.23
114.52 109.72
113.41 110.07
112.27 110.27
111.08 110.34
109.85 110.27
108.54 110.07
107.1 109.71
105.49 109.18
103.67 108.45
101.63 107.53
99.47 106.43
97.26 105.2
95.12 103.92
93.2 102.67
91.58 101.51
90.3 100.48
89.39 99.59
88.82 98.84
88.55 98.19
88.5 97.61
88.59 97.05
88.77 96.48
88.93 95.89
89.04 95.25
89.08 94.57
89.05 93.87
88.94 93.16
88.79 92.47
88.59 91.82
88.36 91.21
88.07 90.64
87.74 90.1
87.36 89.58
86.93 89.07
86.43 88.55
85.9 88.04
85.32 87.51
84.7 86.99
84.07 86.48
83.44 85.99
82.84 85.51
82.27 85.07
81.74 84.65
81.23 84.25
80.76 83.86
80.32 83.49
79.9 83.12
79.52 82.75
79.14 82.37
78.78 81.98
78.43 81.59
78.08 81.19
77.74 80.79
77.41 80.4
77.1 80.01
76.82 79.64
76.56 79.29
76.31 78.96
76.09 78.63
75.89 78.32
75.68 78.01
75.48 77.7
75.29 77.4
75.09 77.1
74.9 76.82
74.72 76.56
74.54 76.31
74.38 76.07
74.24 75.85
74.09 75.63
73.92 75.42
73.74 75.2
73.54 74.97
73.32 74.74
73.11 74.52
72.92 74.3
72.74 74.09
72.57 73.88
72.39 73.68
72.18 73.46
71.93 73.24
71.65 73.01
71.42 72.8
71.28 72.67
71.37 72.67
71.55 72.74
71.79 73.05
