72.0 74.33
74.11 75.44
77.46 77.24
82.08 79.72
87.8 82.79
94.26 86.26
101.07 89.91
107.88 93.54
114.32 96.95
120.04 99.99
124.75 102.55
128.21 104.56
130.3 105.99
131.0 106.87
130.38 107.26
128.65 107.26
126.05 107.02
122.86 106.67
119.37 106.32
115.82 106.05
112.35 105.87
109.09 105.76
106.1 105.66
103.38 105.54
100.96 105.37
98.84 105.14
97.01 104.84
95.45 104.47
94.15 104.03
93.05 103.49
92.06 102.83
91.13 102.03
90.16 101.06
89.08 99.94
87.88 98.66
86.58 97.29
85.28 95.85
84.06 94.43
82.98 93.07
82.08 91.81
81.42 90.69
81.0 89.72
80.82 88.92
80.9 88.27
81.22 87.77
81.73 87.4
82.4 87.14
83.19 86.97
84.04 86.84
84.88 86.75
85.68 86.67
86.41 86.59
87.03 86.52
87.5 86.45
87.84 86.37
88.0 86.26
87.98 86.12
87.77 85.94
87.37 85.7
86.82 85.41
86.13 85.09
85.34 84.74
84.47 84.39
83.59 84.04
82.74 83.7
81.92 83.37
81.15 83.05
80.43 82.74
79.77 82.44
79.18 82.15
78.65 81.85
78.17 81.56
77.75 81.25
77.34 80.92
76.96 80.57
76.59 80.19
76.24 79.79
75.87 79.36
75.47 78.89
75.02 78.39
74.52 77.86
73.99 77.32
73.44 76.76
72.91 76.22
72.41 75.69
71.93 75.2
71.53 74.77
71.27 74.44
71.2 74.31
71.52 74.25
72.03 74.32
