91.0 92.08
92.3 92.79
94.28 93.88
96.93 95.35
100.14 97.14
103.79 99.19
107.81 101.44
112.11 103.83
116.6 106.31
121.14 108.82
125.53 111.27
129.53 113.58
132.96 115.66
135.69 117.48
137.71 119.02
139.05 120.32
139.78 121.44
140.0 122.42
139.77 123.32
139.2 124.15
138.36 124.91
137.3 125.59
136.07 126.17
134.7 126.65
133.23 127.01
131.67 127.25
130.0 127.33
128.22 127.23
126.28 126.9
124.12 126.32
121.73 125.47
119.11 124.4
116.35 123.15
113.58 121.81
110.92 120.45
108.51 119.13
106.43 117.89
104.72 116.76
103.39 115.73
102.39 114.77
101.71 113.88
101.29 113.03
101.08 112.2
101.03 111.39
101.08 110.58
101.19 109.77
101.31 108.95
101.41 108.13
101.46 107.31
101.45 106.5
101.37 105.73
101.22 104.98
101.0 104.28
100.73 103.62
100.4 103.0
100.04 102.41
99.65 101.84
99.23 101.3
98.79 100.79
98.32 100.3
97.82 99.82
97.32 99.37
96.8 98.94
96.3 98.53
95.81 98.14
95.34 97.76
94.89 97.4
94.47 97.05
94.08 96.71
93.71 96.37
93.35 96.04
93.01 95.69
92.66 95.35
92.33 95.01
92.02 94.67
91.74 94.34
91.49 94.02
91.26 93.71
91.06 93.42
90.88 93.14
90.73 92.88
90.59 92.62
90.47 92.39
90.37 92.19
90.34 92.05
90.39 92.02
90.78 92.13
91.3 92.34
