88.0 89.07
90.62 90.43
94.96 92.7
101.2 95.97
109.16 100.15
118.14 104.92
127.17 109.82
135.32 114.35
141.91 118.08
146.57 120.83
149.39 122.62
150.72 123.69
151.0 124.35
150.59 124.89
149.76 125.52
148.73 126.35
147.6 127.4
146.47 128.64
145.38 130.0
144.38 131.43
143.46 132.86
142.62 134.23
141.89 135.47
141.23 136.52
140.67 137.36
140.15 137.98
139.64 138.41
139.06 138.68
138.33 138.8
137.36 138.75
136.09 138.47
134.39 137.88
132.17 136.91
129.43 135.55
126.27 133.84
122.9 131.92
119.62 129.95
116.75 128.13
114.49 126.58
112.98 125.38
112.16 124.52
111.9 123.92
112.02 123.47
112.33 123.05
112.66 122.56
112.9 121.94
112.98 121.17
112.87 120.25
112.56 119.21
112.07 118.1
111.44 116.95
110.7 115.8
109.87 114.68
108.95 113.62
107.97 112.62
106.95 111.67
105.92 110.76
104.89 109.88
103.88 109.01
102.91 108.15
101.98 107.29
101.09 106.45
100.24 105.64
99.44 104.86
98.67 104.12
97.93 103.41
97.22 102.73
96.59 102.08
96.04 101.46
95.56 100.87
95.15 100.29
94.76 99.72
94.36 99.14
93.96 98.57
93.57 98.0
93.23 97.45
92.93 96.92
92.67 96.43
92.45 95.98
92.26 95.55
92.07 95.14
91.88 94.73
91.66 94.32
91.42 93.91
91.11 93.5
90.77 93.07
90.36 92.63
89.91 92.18
89.43 91.73
88.93 91.27
88.44 90.84
87.99 90.43
87.59 90.06
87.25 89.74
87.0 89.46
86.81 89.22
86.69 89.01
86.63 88.84
86.68 88.71
86.89 88.67
87.07 88.65
87.15 88.84
87.44 88.92
