91.99 95.94
95.92 97.99
102.87 101.63
112.94 106.87
125.39 113.32
138.68 120.26
151.04 126.79
161.12 132.15
168.2 135.93
172.3 138.12
173.99 139.09
173.99 139.35
172.92 139.43
171.23 139.67
169.21 140.2
166.99 141.04
164.66 142.09
162.28 143.28
159.89 144.54
157.52 145.79
155.22 146.97
153.02 147.96
150.91 148.65
148.89 148.99
146.93 148.97
145.01 148.66
143.09 148.15
141.11 147.5
138.94 146.71
136.5 145.71
133.74 144.44
130.69 142.84
127.5 140.97
124.45 138.96
121.79 136.99
119.73 135.23
118.36 133.77
117.65 132.61
117.45 131.7
117.59 130.9
117.89 130.13
118.22 129.31
118.48 128.4
118.63 127.4
118.64 126.33
118.51 125.22
118.22 124.08
117.77 122.93
117.17 121.79
116.41 120.66
115.52 119.57
114.52 118.51
113.45 117.5
112.33 116.53
111.2 115.6
110.07 114.69
108.96 113.78
107.85 112.88
106.76 111.99
105.7 111.1
104.66 110.23
103.62 109.38
102.63 108.54
101.67 107.72
100.74 106.9
99.87 106.09
99.05 105.28
98.25 104.48
97.49 103.68
96.75 102.87
96.02 102.06
95.25 101.24
94.49 100.42
93.78 99.61
93.09 98.82
92.43 98.06
91.85 97.39
91.44 96.89
91.3 96.66
91.15 96.58
90.91 96.49
90.91 96.48
90.47 96.28
