41.99 45.59
45.26 47.26
50.99 50.23
58.95 54.45
68.6 59.62
79.08 65.3
89.56 70.99
99.31 76.23
107.68 80.68
114.17 84.16
118.5 86.61
120.69 88.12
120.99 88.86
119.76 89.06
117.42 88.96
114.35 88.77
110.86 88.68
107.19 88.77
103.52 89.05
99.93 89.48
96.51 89.93
93.24 90.29
90.17 90.47
87.24 90.4
84.44 90.09
81.79 89.55
79.27 88.82
76.85 87.93
74.56 86.92
72.37 85.78
70.26 84.52
68.21 83.14
66.2 81.64
64.23 80.01
62.29 78.26
60.42 76.42
58.64 74.51
56.94 72.56
55.35 70.61
53.86 68.69
52.5 66.82
51.3 65.05
50.28 63.4
49.5 61.9
48.96 60.56
48.66 59.39
48.56 58.37
48.63 57.48
48.8 56.69
49.05 55.97
49.34 55.31
49.63 54.7
49.91 54.14
50.17 53.63
50.39 53.16
50.57 52.73
50.7 52.33
50.78 51.96
50.79 51.62
50.75 51.31
50.66 51.03
50.54 50.78
50.36 50.55
50.16 50.34
49.94 50.15
49.67 49.96
49.33 49.76
48.93 49.53
48.44 49.27
47.88 48.99
47.27 48.66
46.61 48.29
45.83 47.83
44.82 47.26
43.59 46.59
42.36 45.94
41.69 45.65
40.73 45.28
