104.0 106.35
108.23 108.65
115.26 112.46
125.21 117.85
137.64 124.56
151.44 132.05
165.29 139.6
177.97 146.53
188.51 152.28
196.25 156.56
201.0 159.35
203.0 160.89
202.79 161.56
201.03 161.79
198.32 161.96
195.13 162.31
191.75 162.98
188.38 164.0
185.14 165.32
182.13 166.81
179.39 168.33
176.88 169.73
174.56 170.85
172.35 171.61
170.14 171.93
167.84 171.8
165.36 171.23
162.55 170.26
159.33 168.9
155.67 167.2
151.65 165.2
147.44 162.97
143.28 160.61
139.4 158.22
136.0 155.9
133.19 153.72
131.02 151.75
129.56 150.02
128.76 148.52
128.5 147.22
128.66 146.06
129.08 144.96
129.63 143.88
130.19 142.78
130.69 141.64
131.05 140.45
131.2 139.21
131.06 137.9
130.6 136.54
129.85 135.14
128.86 133.74
127.71 132.36
126.45 131.05
125.15 129.81
123.86 128.66
122.57 127.59
121.34 126.6
120.17 125.65
119.06 124.74
118.0 123.87
116.99 123.01
116.02 122.18
115.09 121.37
114.22 120.59
113.44 119.84
112.78 119.14
112.23 118.47
111.74 117.83
111.29 117.22
110.87 116.62
110.49 116.03
110.16 115.44
109.85 114.86
109.57 114.28
109.28 113.69
108.93 113.08
108.52 112.45
108.06 111.81
107.56 111.18
107.05 110.57
106.55 109.99
106.06 109.44
105.58 108.93
105.13 108.48
104.77 108.16
104.64 108.09
104.52 108.21
104.36 108.2
104.48 108.21
