100.0 101.16
102.12 102.29
105.49 104.09
110.16 106.59
116.02 109.74
122.76 113.39
129.95 117.28
137.06 121.15
143.57 124.7
149.02 127.73
153.09 130.1
155.69 131.79
156.91 132.89
157.0 133.56
156.25 133.97
154.97 134.32
153.39 134.72
151.7 135.27
149.99 135.96
148.33 136.78
146.77 137.64
145.3 138.49
143.92 139.25
142.63 139.88
141.4 140.34
140.23 140.62
139.1 140.72
138.0 140.67
136.86 140.45
135.62 140.05
134.19 139.46
132.51 138.66
130.56 137.63
128.4 136.41
126.14 135.03
123.91 133.58
121.86 132.13
120.08 130.76
118.65 129.52
117.58 128.43
116.85 127.49
116.43 126.68
116.26 125.97
116.27 125.32
116.41 124.7
116.63 124.1
116.88 123.5
117.11 122.89
117.26 122.25
117.29 121.58
117.19 120.88
116.96 120.17
116.6 119.46
116.15 118.76
115.63 118.09
115.05 117.45
114.43 116.83
113.77 116.22
113.07 115.62
112.36 115.03
111.62 114.45
110.89 113.88
110.17 113.33
109.46 112.8
108.8 112.29
108.18 111.8
107.63 111.33
107.14 110.89
106.69 110.45
106.26 110.01
105.85 109.57
105.42 109.13
104.99 108.68
104.58 108.23
104.19 107.78
103.84 107.34
103.53 106.91
103.26 106.51
103.03 106.12
102.82 105.76
102.66 105.42
102.52 105.1
102.37 104.79
102.19 104.46
101.97 104.13
101.7 103.78
101.42 103.43
101.13 103.07
100.83 102.72
100.51 102.38
100.18 102.05
99.82 101.72
99.47 101.4
99.16 101.11
98.92 100.87
98.81 100.73
98.99 100.79
99.61 101.11
100.67 101.67
