63.0 64.05
66.66 65.92
72.93 69.13
81.51 73.7
91.88 79.3
102.91 85.35
113.27 91.24
122.39 96.53
130.24 100.97
136.63 104.55
141.44 107.38
144.75 109.66
146.78 111.58
147.79 113.27
148.0 114.84
147.58 116.35
146.64 117.85
145.28 119.36
143.53 120.85
141.42 122.27
138.98 123.49
136.24 124.41
133.26 124.94
130.05 125.05
126.64 124.74
123.01 124.09
119.13 123.15
115.04 121.96
110.8 120.55
106.54 118.94
102.37 117.15
98.43 115.25
94.84 113.3
91.65 111.35
88.9 109.43
86.58 107.55
84.66 105.7
83.1 103.86
81.82 102.03
80.79 100.22
79.97 98.43
79.29 96.65
78.68 94.88
78.1 93.12
77.51 91.38
76.92 89.68
76.35 88.04
75.84 86.5
75.41 85.08
75.02 83.78
74.66 82.59
74.33 81.49
74.0 80.47
73.65 79.5
73.25 78.56
72.79 77.66
72.27 76.79
71.71 75.96
71.14 75.18
70.61 74.47
70.14 73.82
69.71 73.25
69.31 72.72
68.92 72.24
68.51 71.78
68.11 71.33
67.7 70.88
67.28 70.44
66.87 70.0
66.49 69.57
66.13 69.15
65.8 68.76
65.48 68.37
65.17 68.0
64.86 67.63
64.54 67.26
64.24 66.9
63.95 66.55
63.7 66.22
63.46 65.91
63.25 65.62
63.08 65.36
63.0 65.16
62.93 64.94
62.81 64.71
62.89 64.63
62.84 64.32
62.47 63.87
62.35 63.78
61.83 63.25
