82.0 85.58
84.7 87.04
89.21 89.48
95.53 92.9
103.37 97.11
112.13 101.78
121.1 106.52
129.59 110.95
137.03 114.79
143.02 117.88
147.42 120.21
150.26 121.87
151.71 123.02
152.0 123.84
151.35 124.48
150.02 125.06
148.17 125.63
145.94 126.23
143.44 126.84
140.74 127.41
137.91 127.9
135.04 128.26
132.22 128.46
129.54 128.51
127.06 128.42
124.77 128.18
122.59 127.79
120.41 127.21
118.09 126.39
115.56 125.3
112.81 123.93
109.93 122.35
107.09 120.62
104.46 118.87
102.21 117.19
100.43 115.66
99.2 114.32
98.48 113.18
98.21 112.19
98.28 111.32
98.56 110.51
98.91 109.7
99.27 108.85
99.57 107.97
99.8 107.05
99.94 106.11
100.0 105.18
99.96 104.27
99.83 103.41
99.59 102.59
99.22 101.81
98.74 101.06
98.14 100.33
97.46 99.62
96.71 98.93
95.92 98.26
95.08 97.6
94.24 96.96
93.42 96.36
92.65 95.78
91.93 95.25
91.26 94.73
90.61 94.23
89.98 93.74
89.37 93.24
88.77 92.73
88.18 92.2
87.59 91.66
87.0 91.11
86.4 90.54
85.82 89.97
85.26 89.4
84.71 88.82
84.15 88.23
83.58 87.63
82.99 87.02
82.36 86.39
81.71 85.78
81.12 85.25
80.84 84.91
80.79 84.62
80.96 84.48
