73.0 76.19
77.03 78.36
83.78 81.99
93.31 87.1
105.13 93.43
118.16 100.45
131.22 107.53
143.31 114.07
153.53 119.56
161.22 123.71
166.04 126.42
168.0 127.83
167.39 128.17
164.72 127.78
160.53 126.96
155.3 125.99
149.4 125.05
143.13 124.24
136.71 123.56
130.27 122.95
123.92 122.3
117.76 121.49
111.87 120.45
106.32 119.13
101.18 117.57
96.52 115.82
92.4 113.98
88.87 112.14
85.93 110.34
83.59 108.62
81.79 106.97
80.49 105.37
79.61 103.79
79.09 102.21
78.87 100.59
78.87 98.96
79.05 97.31
79.38 95.68
79.8 94.11
80.28 92.63
80.79 91.24
81.28 89.95
81.71 88.76
82.03 87.66
82.23 86.63
82.29 85.67
82.22 84.78
82.03 83.97
81.76 83.23
81.43 82.57
81.06 81.98
80.64 81.46
80.18 81.0
79.67 80.57
79.12 80.18
78.54 79.81
77.96 79.46
77.38 79.11
76.8 78.76
76.22 78.41
75.63 78.04
75.02 77.64
74.37 77.21
73.66 76.74
72.9 76.25
72.16 75.78
71.64 75.51
71.62 75.55
71.72 75.79
