71.0 71.6
72.49 72.45
74.84 73.79
78.09 75.63
82.16 77.9
86.82 80.49
91.79 83.24
96.82 86.0
101.61 88.62
105.92 90.99
109.56 93.04
112.42 94.77
114.5 96.19
115.89 97.37
116.68 98.39
117.0 99.31
116.95 100.19
116.61 101.07
116.05 101.95
115.32 102.82
114.45 103.64
113.46 104.38
112.38 105.01
111.23 105.52
110.03 105.89
108.81 106.13
107.57 106.24
106.3 106.23
104.97 106.07
103.54 105.77
101.98 105.29
100.26 104.63
98.41 103.81
96.47 102.85
94.51 101.79
92.61 100.67
90.83 99.53
89.22 98.41
87.8 97.33
86.59 96.29
85.57 95.3
84.74 94.35
84.06 93.44
83.53 92.56
83.1 91.71
82.77 90.88
82.51 90.07
82.29 89.27
82.09 88.49
81.91 87.73
81.73 87.0
81.52 86.3
81.31 85.62
81.07 84.98
80.8 84.37
80.52 83.78
80.22 83.21
79.89 82.67
79.53 82.14
79.15 81.62
78.74 81.13
78.31 80.65
77.87 80.19
77.45 79.75
77.04 79.34
76.63 78.95
76.25 78.57
75.85 78.2
75.46 77.83
75.06 77.47
74.67 77.1
74.28 76.74
73.93 76.4
73.61 76.07
73.31 75.74
73.04 75.43
72.78 75.12
72.51 74.82
72.25 74.5
71.98 74.19
71.72 73.88
71.48 73.58
71.25 73.29
71.04 73.02
70.85 72.75
70.67 72.5
70.51 72.26
70.35 72.03
70.2 71.8
70.04 71.58
69.89 71.37
69.75 71.16
69.62 70.96
69.48 70.77
69.37 70.6
69.3 70.47
69.36 70.47
69.62 70.44
70.08 70.43
