54.0 57.25
58.3 59.39
65.41 63.06
75.0 68.24
86.77 74.56
99.43 81.38
111.55 88.08
122.6 94.18
132.24 99.32
139.83 103.29
144.79 106.06
147.0 107.7
146.82 108.41
144.81 108.49
141.56 108.23
137.59 107.93
133.37 107.85
129.17 108.11
125.16 108.71
121.42 109.56
117.97 110.48
114.79 111.27
111.82 111.79
108.96 111.94
106.09 111.67
103.12 111.0
99.97 109.97
96.65 108.62
93.21 107.01
89.8 105.2
86.55 103.28
83.56 101.36
80.94 99.5
78.72 97.73
76.91 96.05
75.53 94.46
74.62 92.96
74.16 91.56
74.11 90.26
74.36 89.06
74.79 87.93
75.25 86.83
75.66 85.72
75.93 84.58
76.02 83.4
75.93 82.2
75.63 81.0
75.15 79.83
74.52 78.69
73.77 77.59
72.92 76.54
71.98 75.54
71.02 74.58
70.02 73.69
69.04 72.85
68.1 72.08
67.21 71.35
66.35 70.66
65.53 69.98
64.75 69.33
64.01 68.69
63.32 68.07
62.7 67.48
62.1 66.89
61.52 66.31
60.95 65.73
60.4 65.14
59.88 64.55
59.38 63.96
58.89 63.37
58.4 62.78
57.92 62.19
57.43 61.59
56.93 61.01
56.44 60.47
56.02 59.96
55.59 59.52
55.21 59.11
55.0 58.83
54.86 58.7
54.82 58.66
54.72 58.45
54.47 58.19
54.23 57.82
