59.0 60.24
60.8 61.19
63.59 62.67
67.42 64.71
72.17 67.25
77.6 70.18
83.45 73.34
89.4 76.56
95.09 79.65
100.19 82.48
104.46 84.93
107.78 86.96
110.11 88.58
111.49 89.83
112.0 90.78
111.73 91.49
110.81 92.04
109.33 92.45
107.38 92.75
105.07 92.95
102.51 93.05
99.77 93.03
96.95 92.9
94.13 92.65
91.36 92.29
88.68 91.82
86.13 91.26
83.72 90.6
81.46 89.85
79.33 89.0
77.34 88.07
75.44 87.03
73.63 85.9
71.89 84.66
70.22 83.33
68.62 81.91
67.1 80.43
65.68 78.92
64.38 77.41
63.22 75.93
62.21 74.51
61.36 73.15
60.68 71.88
60.16 70.69
59.79 69.6
59.56 68.6
59.48 67.7
59.52 66.9
59.67 66.19
59.93 65.59
60.28 65.07
60.69 64.64
61.13 64.28
61.57 63.98
61.99 63.72
62.37 63.5
62.7 63.3
62.95 63.12
63.14 62.96
63.26 62.81
63.29 62.67
63.27 62.54
63.18 62.41
63.03 62.29
62.83 62.18
62.61 62.07
62.35 61.97
62.08 61.87
61.79 61.78
61.5 61.68
61.19 61.57
60.87 61.46
60.53 61.32
60.17 61.16
59.79 60.97
59.4 60.77
59.01 60.56
58.66 60.37
58.44 60.26
58.4 60.28
58.75 60.47
59.35 60.85
