64.0 67.86
68.19 69.89
75.68 73.58
86.3 78.95
99.16 85.57
112.46 92.64
124.37 99.3
134.1 104.93
141.7 109.33
147.79 112.74
153.07 115.64
157.89 118.46
162.17 121.43
165.56 124.5
167.61 127.39
168.0 129.8
166.65 131.53
163.74 132.54
159.56 132.97
154.48 133.0
148.87 132.77
143.01 132.32
137.1 131.64
131.31 130.73
125.72 129.58
120.37 128.28
115.26 126.91
110.4 125.51
105.75 124.05
101.33 122.45
97.18 120.61
93.35 118.49
89.87 116.1
86.79 113.55
84.12 110.95
81.85 108.41
79.98 105.98
78.52 103.68
77.46 101.51
76.8 99.47
76.48 97.54
76.45 95.72
76.6 93.99
76.84 92.34
77.12 90.76
77.4 89.25
77.63 87.81
77.83 86.46
77.97 85.2
78.01 84.03
77.91 82.93
77.67 81.89
77.27 80.9
76.73 79.95
76.1 79.04
75.41 78.21
74.74 77.46
74.14 76.81
73.58 76.25
73.07 75.77
72.61 75.35
72.15 74.94
71.66 74.54
71.15 74.12
70.61 73.69
70.01 73.22
69.34 72.71
68.61 72.16
67.83 71.57
67.03 70.97
66.32 70.45
65.77 69.99
65.4 69.66
65.18 69.33
64.98 68.98
