79.0 83.94
85.39 87.38
96.88 93.48
113.56 102.29
134.16 113.13
155.95 124.73
175.82 135.54
191.65 144.26
202.44 150.2
208.28 153.36
210.0 154.32
208.58 153.93
204.96 152.99
199.81 152.04
193.62 151.31
186.67 150.8
179.16 150.41
171.23 150.03
163.05 149.61
154.81 149.09
146.69 148.4
138.82 147.39
131.32 145.94
124.29 143.98
117.8 141.58
111.95 138.91
106.87 136.24
102.63 133.78
99.28 131.66
96.85 129.85
95.34 128.26
94.68 126.78
94.8 125.32
95.64 123.89
97.13 122.51
99.08 121.22
101.33 120.02
103.66 118.89
105.83 117.76
107.62 116.57
108.91 115.27
109.65 113.87
109.86 112.37
109.59 110.83
108.88 109.28
107.75 107.77
106.29 106.31
104.55 104.9
102.59 103.57
100.54 102.34
98.53 101.21
96.61 100.21
94.87 99.33
93.31 98.56
91.95 97.86
90.75 97.21
89.71 96.58
88.84 95.98
88.15 95.41
87.61 94.87
87.18 94.34
86.77 93.79
86.31 93.17
85.69 92.42
84.92 91.54
84.01 90.53
83.01 89.45
82.0 88.36
81.02 87.31
80.14 86.35
79.42 85.56
79.02 85.03
78.8 84.68
78.56 84.21
78.59 83.78
