83.0 84.44
85.0 85.46
88.18 87.11
92.61 89.42
98.12 92.32
104.32 95.63
110.76 99.11
117.01 102.5
122.68 105.6
127.48 108.26
131.23 110.42
133.86 112.08
135.4 113.31
136.0 114.2
135.81 114.87
135.02 115.42
133.83 115.93
132.39 116.48
130.85 117.1
129.28 117.79
127.76 118.52
126.35 119.27
125.05 119.97
123.88 120.58
122.81 121.08
121.83 121.45
120.9 121.68
119.98 121.77
118.98 121.68
117.82 121.39
116.4 120.86
114.67 120.06
112.64 119.03
110.43 117.79
108.17 116.44
106.03 115.08
104.16 113.79
102.67 112.65
101.59 111.68
100.91 110.88
100.58 110.22
100.52 109.66
100.66 109.15
100.88 108.65
101.12 108.12
101.31 107.54
101.42 106.9
101.39 106.2
101.24 105.44
100.95 104.66
100.53 103.87
100.02 103.09
99.44 102.34
98.81 101.64
98.13 100.96
97.42 100.31
96.69 99.68
95.95 99.06
95.21 98.45
94.47 97.84
93.74 97.23
93.03 96.65
92.34 96.08
91.69 95.53
91.09 95.0
90.53 94.5
90.03 94.01
89.57 93.55
89.16 93.11
88.8 92.68
88.48 92.26
88.18 91.85
87.93 91.45
87.69 91.05
87.47 90.66
87.26 90.28
87.07 89.91
86.88 89.54
86.69 89.19
86.5 88.85
86.3 88.51
86.09 88.18
85.88 87.85
85.65 87.52
85.4 87.2
85.12 86.88
84.83 86.56
84.51 86.23
84.16 85.9
83.81 85.57
83.43 85.24
83.02 84.9
82.61 84.56
82.2 84.22
81.82 83.9
81.5 83.63
81.32 83.44
81.39 83.44
81.76 83.56
82.43 83.81
