81.0 83.21
82.66 84.14
85.42 85.68
89.32 87.83
94.21 90.48
99.7 93.43
105.35 96.42
110.7 99.22
115.38 101.61
119.11 103.49
121.76 104.85
123.35 105.75
124.0 106.3
123.87 106.62
123.16 106.84
122.0 107.02
120.53 107.21
118.84 107.43
117.0 107.68
115.08 107.91
113.12 108.11
111.18 108.24
109.29 108.26
107.48 108.17
105.76 107.95
104.13 107.62
102.54 107.16
100.98 106.6
99.4 105.92
97.8 105.14
96.2 104.26
94.64 103.32
93.2 102.36
91.93 101.39
90.89 100.47
90.11 99.62
89.59 98.85
89.31 98.15
89.24 97.52
89.32 96.94
89.5 96.39
89.72 95.85
89.95 95.32
90.15 94.77
90.3 94.22
90.38 93.67
90.41 93.13
90.36 92.6
90.24 92.09
90.06 91.62
89.81 91.17
89.51 90.75
89.17 90.35
88.8 89.99
88.42 89.64
88.03 89.31
87.65 89.0
87.26 88.69
86.87 88.4
86.47 88.1
86.07 87.8
85.66 87.5
85.25 87.2
84.84 86.89
84.42 86.57
84.0 86.24
83.59 85.91
83.18 85.57
82.77 85.23
82.36 84.88
81.97 84.53
81.58 84.19
81.22 83.85
80.89 83.54
80.69 83.32
80.72 83.28
80.89 83.33
