91.0 93.05
93.19 94.22
96.73 96.13
101.65 98.79
107.79 102.11
114.76 105.88
122.08 109.87
129.36 113.82
136.27 117.55
142.5 120.92
147.8 123.86
152.01 126.34
155.06 128.38
156.99 130.02
157.92 131.36
158.0 132.47
157.39 133.45
156.29 134.37
154.81 135.27
153.07 136.17
151.17 137.03
149.15 137.8
147.04 138.42
144.86 138.85
142.63 139.07
140.32 139.07
137.91 138.83
135.38 138.36
132.71 137.64
129.87 136.66
126.9 135.44
123.87 134.03
120.91 132.51
118.17 130.98
115.81 129.53
113.92 128.22
112.56 127.08
111.73 126.11
111.37 125.29
111.38 124.56
111.66 123.87
112.08 123.16
112.52 122.41
112.93 121.6
113.24 120.73
113.45 119.82
113.55 118.91
113.57 118.02
113.48 117.16
113.28 116.35
112.96 115.58
112.51 114.83
111.93 114.1
111.23 113.37
110.42 112.63
109.54 111.88
108.61 111.14
107.66 110.42
106.7 109.71
105.74 109.03
104.81 108.37
103.9 107.74
103.02 107.13
102.16 106.53
101.33 105.93
100.52 105.32
99.76 104.71
99.05 104.11
98.41 103.5
97.83 102.9
97.3 102.31
96.81 101.72
96.35 101.14
95.91 100.57
95.47 100.0
95.05 99.42
94.62 98.85
94.18 98.27
93.74 97.69
93.28 97.1
92.81 96.52
92.34 95.94
91.87 95.37
91.41 94.83
90.99 94.33
90.62 93.87
90.3 93.46
90.12 93.15
90.09 93.01
90.1 92.92
90.0 92.5
89.94 92.24
