90.0 91.96
92.18 93.12
95.85 95.07
101.04 97.85
107.54 101.32
114.82 105.22
122.23 109.24
129.25 113.06
135.52 116.48
140.86 119.39
145.16 121.8
148.41 123.78
150.7 125.43
152.13 126.86
152.84 128.14
153.0 129.35
152.73 130.55
152.14 131.77
151.35 133.03
150.41 134.3
149.35 135.55
148.18 136.68
146.88 137.62
145.45 138.32
143.87 138.75
142.13 138.94
140.25 138.9
138.24 138.66
136.06 138.24
133.7 137.61
131.19 136.77
128.55 135.73
125.88 134.55
123.33 133.29
121.05 132.04
119.14 130.87
117.69 129.84
116.72 128.96
116.18 128.21
116.0 127.56
116.08 126.95
116.31 126.34
116.56 125.68
116.76 124.95
116.85 124.13
116.81 123.25
116.65 122.33
116.4 121.39
116.06 120.47
115.65 119.59
115.17 118.75
114.59 117.94
113.93 117.17
113.21 116.41
112.42 115.66
111.59 114.92
110.75 114.19
109.88 113.47
109.02 112.76
108.16 112.07
107.3 111.38
106.44 110.7
105.58 110.01
104.72 109.33
103.87 108.65
103.03 107.97
102.21 107.29
101.44 106.61
100.68 105.93
99.96 105.24
99.27 104.56
98.63 103.88
98.03 103.23
97.51 102.61
97.07 102.03
96.71 101.5
96.42 101.0
96.18 100.52
95.95 100.04
95.71 99.57
95.44 99.08
95.14 98.58
94.81 98.07
94.46 97.57
94.1 97.07
93.74 96.59
93.36 96.11
92.95 95.65
92.52 95.19
92.08 94.74
91.64 94.29
91.2 93.86
90.78 93.45
90.39 93.06
90.05 92.71
89.83 92.43
89.8 92.27
89.97 92.15
90.09 91.99
90.33 91.89
