71.0 71.05
72.02 71.63
73.58 72.5
75.68 73.68
78.26 75.14
81.23 76.83
84.48 78.67
87.89 80.59
91.34 82.55
94.74 84.47
97.94 86.32
100.83 88.05
103.31 89.63
105.38 91.08
107.02 92.39
108.28 93.59
109.22 94.74
109.9 95.86
110.39 96.96
110.72 98.06
110.91 99.14
111.0 100.18
110.97 101.15
110.84 102.05
110.61 102.86
110.31 103.58
109.92 104.21
109.46 104.76
108.95 105.21
108.39 105.57
107.8 105.84
107.21 106.04
106.61 106.16
106.0 106.21
105.35 106.17
104.64 106.02
103.82 105.75
102.88 105.35
101.8 104.82
100.61 104.17
99.33 103.42
98.03 102.63
96.77 101.82
95.62 101.04
94.62 100.31
93.8 99.67
93.17 99.1
92.73 98.61
92.46 98.18
92.34 97.8
92.33 97.45
92.4 97.11
92.49 96.76
92.56 96.38
92.57 95.96
92.5 95.52
92.36 95.06
92.17 94.59
91.93 94.12
91.69 93.68
91.44 93.27
91.19 92.88
90.93 92.52
90.62 92.16
90.26 91.8
89.82 91.42
89.31 91.02
88.75 90.6
88.17 90.19
87.62 89.78
87.13 89.4
86.71 89.05
86.35 88.73
86.02 88.43
85.71 88.12
85.37 87.81
84.97 87.47
84.54 87.09
84.06 86.69
83.57 86.27
83.09 85.85
82.66 85.44
82.27 85.05
81.93 84.69
81.63 84.34
81.36 84.02
81.1 83.71
80.86 83.41
80.64 83.11
80.44 82.82
80.24 82.52
80.04 82.22
79.82 81.9
79.57 81.57
79.28 81.22
78.94 80.86
78.57 80.5
78.19 80.14
77.81 79.8
77.47 79.49
77.19 79.21
76.98 78.97
76.83 78.76
76.73 78.58
76.64 78.4
76.56 78.23
76.48 78.05
76.39 77.86
76.26 77.65
76.11 77.43
75.91 77.19
75.67 76.95
75.42 76.7
75.17 76.47
74.95 76.25
74.76 76.05
74.61 75.87
74.48 75.7
74.34 75.54
74.18 75.36
74.0 75.18
73.8 74.99
73.6 74.8
73.4 74.61
73.23 74.43
73.07 74.27
72.92 74.11
72.78 73.96
72.64 73.81
72.49 73.65
72.33 73.48
72.17 73.31
72.03 73.14
71.92 73.0
71.84 72.87
71.78 72.76
71.74 72.67
71.7 72.57
71.64 72.47
71.55 72.36
71.44 72.23
71.31 72.09
71.18 71.95
71.06 71.82
70.95 71.69
70.85 71.57
70.75 71.45
70.63 71.32
70.49 71.19
70.34 71.06
70.18 70.93
70.05 70.83
69.97 70.76
69.92 70.7
69.92 70.67
69.96 70.65
70.04 70.65
70.15 70.67
70.31 70.74
70.56 70.76
70.73 70.6
70.54 70.62
70.21 70.59
69.96 70.3
69.38 70.18
