60.99 61.45
62.71 62.38
65.34 63.8
68.93 65.75
73.41 68.2
78.61 71.04
84.25 74.13
89.96 77.27
95.41 80.28
100.26 83.01
104.27 85.36
107.37 87.3
109.58 88.88
111.0 90.17
111.75 91.26
111.99 92.25
111.83 93.2
111.34 94.14
110.62 95.08
109.72 96.01
108.67 96.89
107.52 97.69
106.29 98.4
105.02 98.99
103.73 99.45
102.45 99.78
101.18 99.99
99.93 100.08
98.7 100.06
97.52 99.96
96.39 99.77
95.29 99.51
94.24 99.16
93.2 98.72
92.15 98.17
91.06 97.5
89.92 96.71
88.74 95.8
87.5 94.8
86.25 93.74
85.02 92.66
83.85 91.58
82.76 90.53
81.82 89.54
81.03 88.64
80.44 87.82
80.01 87.09
79.73 86.44
79.57 85.86
79.51 85.32
79.51 84.82
79.54 84.34
79.61 83.88
79.7 83.44
79.8 83.03
79.87 82.63
79.91 82.26
79.91 81.89
79.84 81.54
79.72 81.19
79.55 80.84
79.33 80.5
79.06 80.16
78.73 79.81
78.33 79.46
77.89 79.1
77.39 78.73
76.86 78.35
76.33 77.98
75.79 77.61
75.27 77.26
74.77 76.92
74.29 76.58
73.82 76.25
73.34 75.9
72.86 75.53
72.34 75.13
71.79 74.7
71.21 74.25
70.61 73.77
70.01 73.28
69.42 72.79
68.87 72.31
68.37 71.84
67.9 71.39
67.47 70.95
67.07 70.52
66.68 70.1
66.3 69.67
65.9 69.23
65.51 68.78
65.1 68.33
64.7 67.88
64.34 67.45
64.02 67.03
63.74 66.65
63.51 66.29
63.32 65.96
63.11 65.64
62.9 65.33
62.67 65.0
62.42 64.68
62.17 64.35
61.93 64.03
61.72 63.73
61.54 63.46
61.41 63.21
61.29 62.99
61.21 62.79
61.11 62.61
61.03 62.42
60.91 62.23
60.78 62.03
60.61 61.83
60.42 61.61
60.22 61.39
60.02 61.18
59.84 60.98
59.72 60.84
59.75 60.79
60.03 60.83
60.02 60.67
59.6 60.68
