89.0 90.19
90.38 90.91
92.59 92.08
95.69 93.73
99.61 95.82
104.13 98.23
108.89 100.79
113.52 103.29
117.69 105.55
121.14 107.45
123.77 108.95
125.56 110.06
126.6 110.87
127.0 111.47
126.89 111.95
126.4 112.39
125.68 112.85
124.81 113.35
123.88 113.91
122.96 114.53
122.08 115.18
121.25 115.82
120.48 116.42
119.77 116.93
119.09 117.34
118.44 117.64
117.81 117.83
117.19 117.91
116.54 117.9
115.81 117.77
114.92 117.49
113.82 117.05
112.49 116.41
110.98 115.61
109.37 114.69
107.8 113.73
106.37 112.79
105.19 111.95
104.31 111.24
103.74 110.67
103.45 110.22
103.39 109.87
103.5 109.56
103.71 109.27
103.96 108.97
104.19 108.64
104.37 108.26
104.48 107.85
104.51 107.39
104.44 106.91
104.29 106.41
104.05 105.92
103.74 105.44
103.38 104.99
102.96 104.55
102.51 104.14
102.03 103.73
101.52 103.32
100.99 102.9
100.44 102.48
99.88 102.06
99.31 101.63
98.72 101.2
98.14 100.77
97.57 100.35
97.04 99.95
96.53 99.55
96.06 99.17
95.64 98.81
95.25 98.45
94.89 98.09
94.56 97.74
94.25 97.39
93.96 97.04
93.69 96.69
93.42 96.33
93.16 95.98
92.91 95.62
92.67 95.27
92.42 94.93
92.17 94.59
91.92 94.25
91.67 93.92
91.43 93.61
91.19 93.3
90.95 93.0
90.7 92.69
90.43 92.39
90.16 92.09
89.9 91.8
89.64 91.52
89.41 91.27
89.28 91.08
89.3 90.98
89.43 90.84
89.4 90.73
89.59 90.72
