66.0 66.82
67.39 67.59
69.57 68.79
72.58 70.43
76.34 72.49
80.7 74.86
85.39 77.41
90.11 79.99
94.58 82.43
98.57 84.63
101.91 86.53
104.54 88.12
106.47 89.44
107.78 90.54
108.57 91.51
108.95 92.41
109.0 93.29
108.77 94.15
108.35 95.01
107.73 95.85
106.97 96.64
106.1 97.37
105.16 98.0
104.16 98.53
103.15 98.96
102.15 99.29
101.18 99.53
100.24 99.7
99.36 99.81
98.53 99.84
97.73 99.81
96.92 99.68
96.07 99.43
95.1 99.03
93.96 98.45
92.63 97.68
91.13 96.74
89.5 95.67
87.84 94.54
86.25 93.4
84.81 92.31
83.57 91.32
82.59 90.44
81.86 89.69
81.36 89.03
81.09 88.47
80.97 87.96
80.98 87.48
81.05 87.02
81.16 86.56
81.29 86.1
81.43 85.64
81.55 85.18
81.65 84.74
81.71 84.3
81.7 83.88
81.62 83.47
81.48 83.07
81.26 82.67
81.0 82.28
80.68 81.89
80.31 81.5
79.89 81.11
79.43 80.72
78.92 80.33
78.4 79.94
77.86 79.56
77.31 79.18
76.77 78.81
76.25 78.46
75.75 78.12
75.28 77.78
74.83 77.44
74.4 77.09
73.98 76.74
73.56 76.38
73.14 76.01
72.72 75.62
72.31 75.23
71.91 74.84
71.53 74.44
71.17 74.05
70.84 73.68
70.54 73.32
70.25 72.97
69.98 72.64
69.73 72.32
69.48 71.99
69.24 71.67
69.02 71.36
68.82 71.05
68.65 70.77
68.5 70.5
68.37 70.26
68.27 70.02
68.16 69.8
68.06 69.59
67.95 69.39
67.84 69.18
67.7 68.98
67.54 68.77
67.36 68.56
67.16 68.33
66.93 68.1
66.71 67.87
66.47 67.64
66.25 67.43
66.05 67.23
65.88 67.07
65.73 66.96
65.44 66.89
65.24 66.76
65.03 66.67
64.87 66.56
64.81 66.48
