91.0 93.26
92.94 94.27
96.05 95.91
100.32 98.19
105.58 101.0
111.52 104.2
117.85 107.62
124.33 111.13
130.8 114.64
137.15 118.12
143.23 121.52
148.85 124.79
153.78 127.85
157.81 130.6
160.81 133.01
162.79 135.04
163.81 136.73
164.0 138.16
163.5 139.41
162.47 140.53
161.03 141.54
159.27 142.45
157.28 143.23
155.11 143.86
152.81 144.33
150.42 144.65
147.98 144.8
145.5 144.79
142.97 144.59
140.36 144.15
137.64 143.44
134.75 142.43
131.69 141.14
128.5 139.59
125.23 137.85
121.99 135.98
118.88 134.05
116.01 132.11
113.46 130.23
111.28 128.43
109.51 126.74
108.12 125.15
107.08 123.66
106.33 122.24
105.81 120.89
105.46 119.58
105.23 118.31
105.11 117.07
105.06 115.88
105.07 114.74
105.11 113.66
105.16 112.65
105.18 111.7
105.14 110.8
105.03 109.95
104.85 109.13
104.59 108.36
104.29 107.62
103.93 106.92
103.54 106.26
103.12 105.65
102.67 105.08
102.2 104.54
101.73 104.04
101.27 103.59
100.86 103.17
100.47 102.8
100.1 102.46
99.72 102.12
99.32 101.77
98.87 101.4
98.37 100.99
97.84 100.56
97.29 100.11
96.75 99.66
96.23 99.22
95.72 98.78
95.22 98.35
94.72 97.92
94.22 97.47
93.71 97.02
93.19 96.56
92.68 96.09
92.2 95.65
91.82 95.28
91.62 95.03
91.74 94.93
92.18 94.99
92.88 95.24
