56.99 58.08
58.83 59.15
61.98 60.92
66.6 63.45
72.51 66.65
79.2 70.3
86.09 74.05
92.54 77.53
98.0 80.46
102.11 82.68
104.78 84.14
105.99 84.91
105.84 85.15
104.58 85.04
102.6 84.75
100.16 84.41
97.49 84.14
94.71 83.99
91.95 83.96
89.29 84.05
86.81 84.21
84.58 84.39
82.65 84.55
81.04 84.65
79.77 84.67
78.79 84.62
78.05 84.51
77.52 84.36
77.16 84.2
76.95 84.01
76.86 83.79
76.87 83.54
76.92 83.22
76.9 82.78
76.71 82.19
76.25 81.4
75.45 80.42
74.37 79.29
73.14 78.1
71.92 76.96
70.92 75.98
70.26 75.24
70.01 74.78
70.16 74.56
70.61 74.53
71.28 74.63
72.06 74.76
72.84 74.89
73.55 74.95
74.14 74.95
74.57 74.86
74.82 74.69
74.88 74.44
74.75 74.14
74.44 73.79
73.97 73.41
73.38 73.03
72.7 72.65
71.96 72.29
71.19 71.93
70.42 71.58
69.67 71.23
68.94 70.87
68.24 70.5
67.57 70.11
66.92 69.72
66.27 69.31
65.64 68.9
65.04 68.49
64.51 68.09
64.05 67.71
63.67 67.35
63.36 67.0
63.1 66.67
62.88 66.34
62.68 66.01
62.48 65.67
62.28 65.31
62.06 64.94
61.82 64.56
61.57 64.18
61.33 63.8
61.09 63.44
60.88 63.11
60.7 62.8
60.55 62.52
60.4 62.25
60.24 62.0
60.07 61.73
59.86 61.46
59.6 61.16
59.27 60.85
58.92 60.52
58.53 60.18
58.12 59.84
57.74 59.52
57.39 59.23
57.09 58.96
56.85 58.75
56.75 58.62
56.65 58.62
56.69 58.42
56.63 58.27
56.47 58.06
56.27 57.76
56.07 57.35
