66.0 69.14
69.52 71.02
75.41 74.19
83.8 78.7
94.38 84.34
106.23 90.69
118.22 97.13
129.3 103.08
138.6 108.05
145.58 111.77
150.03 114.22
152.0 115.53
151.79 115.97
149.83 115.85
146.58 115.44
142.47 114.96
137.85 114.56
133.04 114.33
128.23 114.27
123.55 114.35
119.08 114.48
114.84 114.53
110.83 114.38
107.02 113.93
103.36 113.15
99.81 112.04
96.37 110.66
93.06 109.09
89.93 107.41
87.06 105.68
84.51 103.96
82.36 102.28
80.62 100.66
79.28 99.09
78.35 97.58
77.76 96.12
77.47 94.72
77.47 93.38
77.69 92.1
78.06 90.89
78.57 89.75
79.11 88.67
79.62 87.64
80.05 86.65
80.36 85.69
80.5 84.75
80.46 83.85
80.27 82.97
79.93 82.14
79.47 81.35
78.9 80.61
78.26 79.9
77.55 79.23
76.78 78.6
75.98 77.99
75.14 77.41
74.31 76.85
73.48 76.31
72.68 75.8
71.91 75.3
71.21 74.83
70.58 74.38
70.02 73.94
69.51 73.51
69.04 73.08
68.56 72.63
68.04 72.14
67.47 71.6
66.86 71.03
66.28 70.47
65.8 69.97
65.55 69.63
65.77 69.66
66.59 70.06
67.78 70.57
