75.0 75.51
76.04 76.08
77.74 77.0
80.09 78.26
82.98 79.82
86.24 81.6
89.7 83.51
93.19 85.44
96.6 87.32
99.78 89.09
102.6 90.69
104.9 92.07
106.56 93.21
107.58 94.09
108.0 94.75
107.9 95.23
107.44 95.62
106.74 95.97
105.91 96.35
105.03 96.77
104.16 97.24
103.34 97.74
102.6 98.23
101.94 98.7
101.38 99.14
100.9 99.53
100.48 99.87
100.1 100.14
99.75 100.34
99.38 100.45
98.97 100.44
98.48 100.32
97.87 100.06
97.1 99.68
96.17 99.18
95.12 98.58
94.01 97.91
92.89 97.19
91.84 96.48
90.91 95.8
90.13 95.18
89.53 94.65
89.13 94.2
88.92 93.83
88.88 93.54
88.98 93.31
89.18 93.1
89.43 92.91
89.68 92.71
89.91 92.49
90.08 92.24
90.18 91.97
90.19 91.66
90.12 91.35
89.97 91.02
89.76 90.7
89.49 90.38
89.18 90.06
88.83 89.76
88.46 89.45
88.05 89.15
87.63 88.84
87.18 88.54
86.71 88.22
86.24 87.91
85.76 87.59
85.29 87.26
84.83 86.94
84.38 86.63
83.95 86.31
83.54 86.0
83.14 85.69
82.77 85.37
82.42 85.06
82.09 84.75
81.78 84.43
81.47 84.11
81.17 83.79
80.87 83.45
80.57 83.11
80.26 82.76
79.96 82.42
79.66 82.08
79.37 81.75
79.11 81.43
78.87 81.13
78.65 80.84
78.45 80.56
78.26 80.3
78.08 80.04
77.91 79.79
77.75 79.55
77.59 79.31
77.44 79.08
77.28 78.86
77.13 78.65
76.99 78.44
76.87 78.26
76.76 78.08
76.68 77.92
76.61 77.77
76.53 77.63
76.44 77.48
76.34 77.34
76.23 77.19
76.13 77.05
76.04 76.92
75.96 76.79
75.88 76.67
75.79 76.55
75.68 76.42
75.55 76.29
75.4 76.16
75.26 76.03
75.13 75.91
75.06 75.83
75.04 75.76
75.01 75.68
75.12 75.72
75.22 75.73
