69.0 70.17
70.09 70.73
71.71 71.58
73.91 72.76
76.64 74.23
79.84 75.95
83.36 77.84
87.03 79.8
90.6 81.7
93.82 83.42
96.49 84.88
98.44 86.0
99.6 86.78
100.0 87.23
99.7 87.42
98.86 87.44
97.62 87.37
96.12 87.28
94.49 87.21
92.84 87.19
91.22 87.22
89.71 87.28
88.32 87.36
87.08 87.43
85.99 87.48
85.04 87.48
84.22 87.43
83.51 87.31
82.88 87.11
82.26 86.82
81.62 86.43
80.91 85.93
80.12 85.34
79.25 84.66
78.33 83.92
77.43 83.15
76.6 82.39
75.88 81.68
75.31 81.03
74.93 80.47
74.74 80.0
74.73 79.63
74.89 79.34
75.19 79.12
75.58 78.95
76.02 78.82
76.49 78.7
76.95 78.59
77.36 78.47
77.71 78.34
77.97 78.2
78.14 78.05
78.21 77.88
78.19 77.72
78.07 77.54
77.87 77.36
77.61 77.18
77.3 77.0
76.96 76.82
76.6 76.65
76.22 76.48
75.83 76.31
75.45 76.14
75.08 75.97
74.73 75.8
74.38 75.63
74.05 75.45
73.74 75.27
73.43 75.08
73.14 74.88
72.85 74.68
72.57 74.46
72.3 74.23
72.02 73.99
71.75 73.74
71.47 73.47
71.2 73.2
70.92 72.92
70.63 72.64
70.35 72.35
70.05 72.05
69.75 71.76
69.46 71.46
69.18 71.17
68.92 70.91
68.71 70.67
68.58 70.5
68.57 70.41
68.77 70.45
69.16 70.61
