67.0 68.35
70.08 69.95
75.01 72.55
81.86 76.18
90.36 80.73
99.96 85.91
109.9 91.3
119.34 96.46
127.52 100.97
133.87 104.54
138.05 107.04
140.0 108.5
139.93 109.09
138.25 109.06
135.42 108.68
131.83 108.2
127.84 107.79
123.71 107.54
119.59 107.47
115.58 107.52
111.7 107.59
107.98 107.59
104.41 107.41
100.98 106.99
97.69 106.3
94.52 105.34
91.5 104.16
88.63 102.82
85.94 101.36
83.5 99.86
81.34 98.37
79.51 96.92
78.04 95.54
76.96 94.22
76.25 92.97
75.88 91.79
75.82 90.65
76.01 89.57
76.38 88.55
76.87 87.57
77.44 86.65
78.0 85.77
78.53 84.93
78.98 84.12
79.32 83.35
79.55 82.62
79.65 81.93
79.61 81.27
79.45 80.65
79.15 80.05
78.74 79.49
78.23 78.94
77.62 78.41
76.95 77.9
76.23 77.41
75.48 76.93
74.71 76.46
73.96 76.01
73.22 75.59
72.53 75.18
71.89 74.8
71.33 74.43
70.83 74.09
70.39 73.77
70.01 73.45
69.66 73.12
69.34 72.78
69.03 72.43
68.72 72.06
68.41 71.68
68.09 71.28
67.77 70.87
67.44 70.45
67.1 70.03
66.76 69.62
66.43 69.21
66.1 68.82
65.85 68.48
65.71 68.27
65.81 68.23
66.11 68.21
66.05 68.03
66.42 67.84
