80.0 81.44
82.26 82.66
85.89 84.6
90.92 87.32
97.22 90.71
104.4 94.56
111.88 98.57
119.02 102.4
125.21 105.73
130.01 108.35
133.18 110.17
134.76 111.27
135.0 111.81
134.25 112.03
132.89 112.16
131.23 112.38
129.51 112.81
127.89 113.47
126.44 114.36
125.21 115.41
124.21 116.54
123.39 117.66
122.72 118.69
122.16 119.57
121.68 120.26
121.2 120.73
120.67 120.99
120.01 121.02
119.12 120.84
117.93 120.43
116.41 119.8
114.61 118.98
112.66 118.02
110.67 116.97
108.81 115.9
107.18 114.87
105.85 113.94
104.82 113.11
104.07 112.39
103.56 111.74
103.24 111.14
103.05 110.57
102.94 109.99
102.88 109.4
102.82 108.79
102.74 108.16
102.62 107.51
102.45 106.85
102.23 106.19
101.95 105.54
101.61 104.9
101.19 104.28
100.71 103.67
100.17 103.05
99.56 102.43
98.91 101.8
98.2 101.15
97.44 100.48
96.63 99.82
95.82 99.17
95.04 98.53
94.28 97.92
93.57 97.34
92.88 96.76
92.18 96.18
91.48 95.6
90.79 95.01
90.1 94.41
89.41 93.8
88.73 93.18
88.08 92.57
87.46 91.95
86.85 91.35
86.28 90.75
85.75 90.16
85.23 89.59
84.74 89.02
84.29 88.47
83.85 87.92
83.41 87.37
82.97 86.84
82.54 86.3
82.12 85.78
81.72 85.27
81.35 84.79
81.01 84.32
80.69 83.88
80.39 83.45
80.08 83.03
79.77 82.61
79.44 82.19
79.1 81.77
78.74 81.35
78.41 80.96
78.13 80.63
78.01 80.43
78.2 80.35
78.69 80.47
79.55 80.86
