62.0 62.64
63.18 63.3
64.99 64.31
67.48 65.68
70.59 67.4
74.23 69.41
78.21 71.6
82.33 73.87
86.4 76.1
90.2 78.21
93.57 80.11
96.36 81.76
98.51 83.13
99.97 84.25
100.78 85.12
101.0 85.81
100.73 86.37
100.07 86.84
99.14 87.28
98.03 87.71
96.85 88.15
95.65 88.59
94.51 89.03
93.43 89.44
92.43 89.81
91.5 90.12
90.64 90.35
89.83 90.5
89.06 90.56
88.32 90.53
87.6 90.41
86.9 90.19
86.17 89.89
85.41 89.49
84.58 88.99
83.68 88.39
82.7 87.7
81.68 86.94
80.66 86.15
79.68 85.34
78.78 84.55
77.98 83.79
77.32 83.09
76.78 82.45
76.37 81.88
76.09 81.36
75.93 80.89
75.86 80.48
75.87 80.11
75.94 79.76
76.04 79.43
76.14 79.12
76.23 78.8
76.3 78.49
76.32 78.18
76.28 77.87
76.19 77.55
76.03 77.22
75.8 76.89
75.5 76.55
75.15 76.21
74.76 75.86
74.34 75.52
73.9 75.18
73.45 74.85
73.01 74.53
72.57 74.21
72.12 73.9
71.68 73.59
71.25 73.28
70.82 72.96
70.39 72.64
69.98 72.31
69.57 71.98
69.17 71.65
68.78 71.31
68.4 70.97
68.06 70.63
67.73 70.31
67.43 69.99
67.15 69.67
66.88 69.36
66.61 69.05
66.36 68.73
66.1 68.42
65.86 68.11
65.64 67.81
65.44 67.53
65.26 67.26
65.1 67.01
64.95 66.76
64.81 66.53
64.67 66.3
64.54 66.08
64.39 65.86
64.24 65.64
64.08 65.42
63.91 65.21
63.76 65.01
63.62 64.82
63.49 64.65
63.37 64.49
63.27 64.34
63.18 64.19
63.08 64.06
62.98 63.92
62.87 63.78
62.75 63.63
62.61 63.48
62.46 63.32
62.29 63.15
62.11 62.98
61.91 62.81
61.71 62.64
61.51 62.46
61.31 62.3
61.13 62.16
61.01 62.05
60.99 62.0
61.02 62.01
61.24 62.12
61.46 62.22
