47.0 47.98
48.48 48.8
50.87 50.1
54.12 51.89
58.1 54.08
62.58 56.56
67.35 59.21
72.26 61.96
77.29 64.76
82.41 67.62
87.51 70.5
92.4 73.35
96.85 76.1
100.68 78.64
103.74 80.91
105.96 82.86
107.36 84.49
108.0 85.87
107.96 87.03
107.36 88.03
106.32 88.9
104.94 89.66
103.34 90.32
101.59 90.87
99.76 91.33
97.89 91.71
96.04 92.03
94.26 92.28
92.55 92.44
90.91 92.48
89.35 92.38
87.83 92.12
86.32 91.7
84.81 91.12
83.26 90.39
81.66 89.51
79.98 88.47
78.22 87.3
76.43 86.02
74.65 84.67
72.95 83.3
71.39 81.93
69.99 80.61
68.75 79.34
67.67 78.15
66.78 77.03
66.09 76.0
65.62 75.06
65.36 74.22
65.31 73.48
65.42 72.83
65.66 72.26
66.01 71.77
66.45 71.34
66.93 70.98
67.43 70.66
67.93 70.38
68.38 70.14
68.77 69.91
69.08 69.69
69.29 69.47
69.39 69.25
69.39 69.01
69.3 68.77
69.11 68.53
68.83 68.29
68.49 68.06
68.09 67.82
67.64 67.59
67.16 67.36
66.67 67.13
66.13 66.88
65.57 66.61
64.96 66.32
64.32 65.99
63.64 65.63
62.95 65.25
62.24 64.83
61.54 64.41
60.86 63.96
60.18 63.5
59.52 63.03
58.86 62.53
58.2 62.02
57.53 61.48
56.87 60.92
56.22 60.36
55.59 59.79
54.99 59.22
54.42 58.66
53.9 58.11
53.41 57.58
52.96 57.07
52.55 56.56
52.16 56.07
51.8 55.6
51.47 55.13
51.16 54.68
50.87 54.24
50.61 53.81
50.36 53.4
50.11 53.0
49.86 52.61
49.61 52.23
49.35 51.86
49.08 51.5
48.82 51.14
48.57 50.8
48.34 50.48
48.14 50.19
47.97 49.91
47.82 49.66
47.68 49.42
47.52 49.18
47.35 48.93
47.14 48.69
46.92 48.44
46.72 48.23
46.64 47.99
46.55 47.7
46.47 47.71
46.5 47.65
