86.0 87.59
87.32 88.29
89.41 89.42
92.3 90.99
95.88 92.94
99.97 95.16
104.33 97.52
108.72 99.88
112.93 102.14
116.81 104.25
120.26 106.18
123.28 107.95
125.87 109.6
128.09 111.17
129.98 112.71
131.55 114.21
132.82 115.7
133.78 117.16
134.45 118.57
134.85 119.91
135.0 121.15
134.91 122.28
134.62 123.28
134.13 124.13
133.44 124.81
132.5 125.3
131.29 125.55
129.72 125.54
127.76 125.23
125.39 124.64
122.67 123.78
119.73 122.74
116.74 121.59
113.9 120.44
111.37 119.36
109.24 118.41
107.54 117.59
106.25 116.87
105.3 116.21
104.61 115.56
104.1 114.87
103.69 114.1
103.31 113.24
102.93 112.3
102.52 111.29
102.07 110.24
101.6 109.17
101.1 108.1
100.58 107.07
100.05 106.09
99.53 105.18
99.03 104.33
98.53 103.53
98.02 102.76
97.5 102.01
96.96 101.26
96.4 100.51
95.83 99.78
95.27 99.08
94.72 98.42
94.2 97.81
93.7 97.24
93.22 96.71
92.77 96.21
92.34 95.73
91.93 95.27
91.53 94.82
91.14 94.37
90.77 93.93
90.39 93.49
90.02 93.06
89.67 92.64
89.33 92.22
89.02 91.82
88.72 91.43
88.41 91.05
88.09 90.66
87.74 90.27
87.36 89.86
86.98 89.46
86.6 89.06
86.25 88.68
85.94 88.34
85.69 88.04
85.5 87.8
85.33 87.6
85.24 87.42
85.34 87.39
85.39 87.28
