89.0 90.68
90.12 91.27
92.01 92.26
94.6 93.64
97.72 95.32
101.2 97.21
104.86 99.21
108.59 101.25
112.35 103.29
116.13 105.31
119.8 107.3
123.15 109.2
126.06 110.98
128.45 112.61
130.34 114.09
131.82 115.47
132.99 116.78
133.9 118.09
134.63 119.42
135.2 120.77
135.62 122.1
135.89 123.36
136.0 124.53
135.93 125.57
135.71 126.48
135.33 127.26
134.79 127.91
134.11 128.44
133.28 128.82
132.3 129.03
131.14 129.05
129.76 128.87
128.13 128.47
126.25 127.88
124.18 127.11
121.99 126.21
119.8 125.24
117.72 124.24
115.83 123.27
114.19 122.36
112.8 121.51
111.68 120.72
110.78 119.97
110.08 119.25
109.52 118.52
109.08 117.78
108.7 117.02
108.38 116.23
108.07 115.42
107.75 114.6
107.42 113.76
107.06 112.92
106.66 112.09
106.23 111.28
105.76 110.48
105.24 109.71
104.68 108.95
104.09 108.2
103.48 107.46
102.85 106.74
102.21 106.03
101.58 105.35
100.94 104.69
100.31 104.05
99.69 103.43
99.08 102.84
98.49 102.28
97.93 101.73
97.4 101.2
96.89 100.68
96.39 100.18
95.91 99.67
95.44 99.17
94.99 98.68
94.56 98.19
94.15 97.72
93.76 97.25
93.4 96.8
93.04 96.36
92.7 95.93
92.37 95.5
92.06 95.09
91.75 94.69
91.47 94.3
91.21 93.93
90.98 93.59
90.77 93.27
90.6 93.0
90.45 92.75
90.32 92.53
90.27 92.37
90.23 92.23
90.12 92.11
90.02 91.96
89.83 91.81
