73.0 76.89
76.02 78.41
81.3 81.12
88.78 85.04
98.04 89.89
108.03 95.16
117.56 100.26
125.82 104.68
132.3 108.07
136.68 110.29
138.86 111.41
139.0 111.63
137.42 111.21
134.58 110.44
130.92 109.55
126.82 108.72
122.58 108.07
118.38 107.64
114.31 107.41
110.41 107.29
106.65 107.16
102.99 106.85
99.44 106.28
96.03 105.41
92.82 104.28
89.89 103.0
87.33 101.7
85.2 100.46
83.53 99.34
82.31 98.36
81.52 97.48
81.14 96.69
81.14 95.96
81.46 95.27
82.02 94.6
82.72 93.91
83.45 93.18
84.1 92.37
84.61 91.49
84.93 90.55
85.05 89.57
84.97 88.57
84.69 87.58
84.24 86.63
83.65 85.72
82.95 84.85
82.16 84.04
81.32 83.28
80.45 82.57
79.57 81.91
78.68 81.29
77.83 80.72
77.02 80.18
76.23 79.66
75.49 79.15
74.8 78.65
74.13 78.14
73.49 77.64
72.89 77.14
72.38 76.72
72.37 76.65
72.38 76.73
