85.0 86.45
86.04 86.98
87.61 87.8
89.71 88.92
92.29 90.3
95.3 91.92
98.62 93.7
102.14 95.59
105.72 97.52
109.19 99.42
112.45 101.24
115.41 102.97
118.02 104.58
120.28 106.09
122.23 107.53
123.89 108.94
125.33 110.34
126.57 111.76
127.66 113.2
128.63 114.66
129.5 116.13
130.3 117.6
131.04 119.04
131.72 120.44
132.33 121.78
132.86 123.04
133.31 124.22
133.67 125.31
133.9 126.27
134.0 127.12
133.94 127.84
133.71 128.42
133.31 128.85
132.72 129.12
131.93 129.21
130.89 129.11
129.57 128.79
127.97 128.27
126.11 127.55
124.06 126.69
121.93 125.74
119.84 124.77
117.87 123.82
116.12 122.93
114.63 122.11
113.39 121.38
112.4 120.7
111.63 120.05
111.05 119.43
110.59 118.8
110.23 118.15
109.93 117.47
109.63 116.76
109.33 116.02
109.02 115.25
108.68 114.47
108.3 113.68
107.9 112.9
107.46 112.14
106.99 111.4
106.49 110.68
105.96 109.97
105.41 109.28
104.84 108.6
104.26 107.93
103.66 107.28
103.05 106.64
102.45 106.02
101.87 105.42
101.3 104.85
100.76 104.31
100.24 103.79
99.75 103.29
99.26 102.8
98.78 102.31
98.31 101.83
97.83 101.35
97.36 100.86
96.91 100.38
96.47 99.9
96.05 99.44
95.63 98.97
95.22 98.5
94.78 98.03
94.35 97.56
93.92 97.09
93.5 96.63
93.1 96.18
92.72 95.76
92.37 95.35
92.04 94.96
91.74 94.59
91.45 94.22
91.18 93.86
90.9 93.5
90.63 93.15
90.36 92.8
90.08 92.45
89.8 92.11
89.52 91.77
89.24 91.44
88.96 91.12
88.68 90.8
88.4 90.5
88.12 90.2
87.85 89.91
87.6 89.65
87.38 89.36
87.15 88.98
86.73 88.61
86.33 88.23
85.92 87.85
85.5 87.52
85.13 87.34
84.97 87.19
84.98 87.09
85.07 87.06
