92.0 92.91
92.59 93.22
93.51 93.7
94.74 94.36
96.25 95.17
98.0 96.11
99.93 97.15
101.98 98.24
104.05 99.34
106.06 100.42
107.93 101.44
109.61 102.41
111.07 103.29
112.3 104.11
113.29 104.87
114.09 105.58
114.7 106.26
115.16 106.94
115.49 107.6
115.72 108.26
115.88 108.9
115.97 109.52
116.0 110.11
115.96 110.66
115.86 111.16
115.7 111.59
115.47 111.97
115.2 112.28
114.89 112.52
114.53 112.71
114.12 112.83
113.66 112.88
113.11 112.84
112.47 112.7
111.71 112.47
110.84 112.13
109.86 111.7
108.82 111.2
107.74 110.64
106.69 110.07
105.7 109.5
104.79 108.95
104.0 108.43
103.32 107.94
102.75 107.48
102.28 107.04
101.91 106.62
101.62 106.21
101.38 105.8
101.19 105.39
101.02 104.98
100.87 104.57
100.72 104.15
100.58 103.74
100.43 103.34
100.28 102.95
100.13 102.58
99.95 102.21
99.77 101.86
99.56 101.51
99.34 101.17
99.11 100.84
98.87 100.52
98.62 100.21
98.36 99.91
98.1 99.62
97.83 99.35
97.57 99.08
97.3 98.81
97.03 98.56
96.77 98.31
96.51 98.07
96.25 97.83
96.0 97.6
95.76 97.37
95.53 97.14
95.31 96.92
95.1 96.7
94.89 96.48
94.69 96.26
94.5 96.05
94.3 95.84
94.11 95.62
93.91 95.4
93.72 95.19
93.52 94.97
93.33 94.76
93.15 94.55
92.97 94.35
92.79 94.15
92.62 93.95
92.44 93.75
92.26 93.55
92.07 93.35
91.9 93.17
91.73 92.99
91.6 92.85
91.55 92.77
91.65 92.7
91.81 92.68
