77.99 79.01
79.42 79.75
81.65 80.92
84.71 82.54
88.52 84.58
92.9 86.93
97.55 89.43
102.16 91.92
106.44 94.26
110.19 96.33
113.27 98.1
115.64 99.56
117.34 100.76
118.42 101.74
118.94 102.56
119.0 103.29
118.68 103.96
118.08 104.61
117.32 105.27
116.46 105.95
115.61 106.65
114.78 107.35
114.0 108.03
113.29 108.66
112.63 109.22
112.03 109.7
111.49 110.1
111.01 110.43
110.57 110.68
110.16 110.87
109.74 110.97
109.27 110.97
108.7 110.84
107.99 110.55
107.1 110.1
106.04 109.49
104.83 108.76
103.52 107.93
102.21 107.06
100.94 106.19
99.79 105.35
98.78 104.58
97.95 103.89
97.32 103.29
96.89 102.77
96.64 102.33
96.54 101.94
96.55 101.59
96.63 101.26
96.76 100.94
96.91 100.61
97.07 100.3
97.24 99.98
97.38 99.67
97.46 99.36
97.45 99.05
97.36 98.72
97.17 98.37
96.9 98.0
96.56 97.62
96.16 97.22
95.7 96.82
95.19 96.42
94.63 96.01
94.02 95.59
93.38 95.17
92.74 94.75
92.1 94.33
91.5 93.93
90.93 93.54
90.38 93.16
89.83 92.77
89.28 92.36
88.72 91.92
88.14 91.46
87.56 90.98
86.98 90.49
86.43 90.01
85.92 89.54
85.48 89.09
85.1 88.67
84.78 88.27
84.51 87.89
84.26 87.53
84.04 87.17
83.85 86.83
83.66 86.49
83.48 86.15
83.3 85.81
83.11 85.47
82.91 85.13
82.7 84.79
82.47 84.46
82.21 84.12
81.94 83.79
81.65 83.47
81.37 83.16
81.12 82.88
80.91 82.62
80.74 82.4
80.61 82.2
80.49 82.01
80.39 81.83
80.26 81.65
80.1 81.45
79.92 81.24
79.71 81.01
79.48 80.78
79.26 80.55
79.04 80.33
78.84 80.13
78.64 79.93
78.44 79.73
78.22 79.52
77.99 79.31
77.74 79.1
77.5 78.9
77.34 78.74
77.32 78.64
77.4 78.51
77.32 78.37
77.11 78.1
76.94 77.84
76.72 77.65
76.48 77.59
