67.99 69.42
70.25 70.65
73.83 72.6
78.79 75.3
84.96 78.66
92.0 82.49
99.46 86.55
106.83 90.55
113.66 94.27
119.6 97.55
124.46 100.31
128.19 102.58
130.83 104.45
132.56 106.03
133.56 107.44
133.98 108.81
134.0 110.19
133.71 111.61
133.19 113.08
132.47 114.54
131.6 115.95
130.61 117.25
129.51 118.41
128.35 119.38
127.14 120.17
125.88 120.76
124.57 121.18
123.19 121.42
121.73 121.49
120.15 121.37
118.42 121.03
116.47 120.47
114.28 119.64
111.85 118.55
109.2 117.23
106.42 115.71
103.64 114.07
100.95 112.38
98.47 110.72
96.32 109.16
94.52 107.72
93.11 106.42
92.06 105.26
91.36 104.22
90.95 103.26
90.78 102.37
90.77 101.52
90.87 100.68
91.01 99.84
91.14 98.99
91.21 98.13
91.21 97.26
91.12 96.39
90.93 95.52
90.63 94.68
90.23 93.85
89.74 93.05
89.16 92.27
88.51 91.5
87.79 90.74
87.01 90.0
86.19 89.27
85.35 88.55
84.49 87.85
83.64 87.17
82.8 86.5
81.97 85.85
81.16 85.22
80.38 84.61
79.61 84.0
78.88 83.39
78.16 82.78
77.47 82.17
76.8 81.55
76.15 80.93
75.53 80.31
74.95 79.69
74.39 79.08
73.87 78.49
73.38 77.9
72.91 77.33
72.46 76.76
72.03 76.21
71.61 75.66
71.22 75.13
70.85 74.61
70.53 74.12
70.23 73.66
69.96 73.22
69.71 72.8
69.46 72.39
69.2 71.99
68.93 71.6
68.66 71.2
68.37 70.81
68.07 70.42
67.76 70.04
67.45 69.68
67.13 69.33
66.85 69.05
66.7 68.79
66.58 68.43
66.23 68.07
66.5 68.14
66.82 68.07
