67.99 70.11
69.23 70.75
71.26 71.82
74.14 73.35
77.76 75.24
81.86 77.37
86.06 79.53
90.01 81.54
93.4 83.25
96.07 84.59
97.98 85.58
99.21 86.27
99.84 86.76
100.0 87.14
99.76 87.47
99.22 87.78
98.45 88.09
97.49 88.41
96.42 88.73
95.29 89.05
94.13 89.35
92.98 89.61
91.87 89.82
90.84 89.96
89.89 90.03
89.02 90.03
88.23 89.97
87.51 89.87
86.81 89.71
86.1 89.47
85.33 89.13
84.44 88.67
83.45 88.07
82.38 87.37
81.28 86.59
80.2 85.77
79.21 84.97
78.33 84.22
77.61 83.53
77.05 82.92
76.66 82.37
76.43 81.9
76.33 81.47
76.33 81.1
76.42 80.76
76.57 80.44
76.76 80.14
76.95 79.84
77.11 79.54
77.21 79.22
77.23 78.89
77.16 78.54
77.01 78.19
76.79 77.84
76.54 77.5
76.25 77.17
75.94 76.87
75.62 76.58
75.27 76.29
74.9 76.0
74.49 75.71
74.06 75.41
73.62 75.1
73.19 74.8
72.77 74.5
72.37 74.21
71.97 73.91
71.57 73.62
71.16 73.3
70.74 72.98
70.31 72.64
69.89 72.3
69.49 71.95
69.11 71.61
68.73 71.27
68.37 70.93
68.03 70.6
67.71 70.28
67.46 70.02
67.36 69.86
67.53 69.9
67.93 70.07
