59.0 60.71
63.52 63.02
71.21 67.08
82.41 72.96
96.45 80.33
111.55 88.48
126.06 96.55
138.73 103.68
148.55 109.32
155.28 113.31
159.39 115.9
161.43 117.51
162.0 118.66
161.55 119.73
160.37 120.93
158.62 122.32
156.39 123.85
153.74 125.43
150.67 126.95
147.23 128.32
143.52 129.45
139.59 130.21
135.51 130.54
131.35 130.39
127.19 129.78
123.01 128.79
118.82 127.53
114.63 126.09
110.43 124.53
106.24 122.83
102.14 120.99
98.22 118.96
94.56 116.76
91.24 114.43
88.32 112.03
85.81 109.63
83.72 107.29
82.04 105.03
80.74 102.88
79.77 100.83
79.09 98.89
78.66 97.06
78.41 95.32
78.32 93.68
78.36 92.13
78.46 90.66
78.56 89.25
78.57 87.89
78.44 86.56
78.09 85.22
77.51 83.87
76.73 82.51
75.81 81.18
74.81 79.9
73.79 78.69
72.79 77.59
71.85 76.59
70.99 75.71
70.21 74.92
69.54 74.23
69.0 73.63
68.59 73.1
68.28 72.64
68.02 72.2
67.74 71.75
67.36 71.25
66.84 70.67
66.16 70.0
65.34 69.26
64.44 68.46
63.5 67.66
62.58 66.88
61.72 66.15
60.95 65.47
60.28 64.86
59.72 64.31
59.27 63.8
58.93 63.34
58.7 62.93
58.52 62.54
58.39 62.18
58.29 61.83
58.2 61.47
58.08 61.09
57.92 60.69
57.7 60.25
57.38 59.8
57.07 59.41
56.85 59.26
56.61 59.18
56.5 59.17
