46.99 50.1
52.02 52.72
60.07 57.01
71.29 63.05
85.26 70.56
100.92 79.06
117.12 87.9
132.84 96.44
147.01 104.09
158.63 110.41
166.98 115.15
171.74 118.24
172.99 119.83
171.15 120.17
166.79 119.64
160.58 118.62
153.21 117.46
145.28 116.44
137.26 115.72
129.55 115.31
122.34 115.15
115.77 115.11
109.89 115.02
104.66 114.78
100.04 114.28
95.94 113.48
92.27 112.38
88.91 110.98
85.75 109.26
82.69 107.25
79.65 104.97
76.62 102.45
73.65 99.75
70.83 96.96
68.3 94.17
66.15 91.44
64.45 88.85
63.23 86.43
62.47 84.22
62.17 82.23
62.28 80.47
62.78 78.93
63.59 77.61
64.65 76.49
65.83 75.53
67.04 74.68
68.15 73.9
69.05 73.13
69.69 72.35
70.01 71.55
70.0 70.71
69.66 69.86
69.04 68.99
68.18 68.12
67.12 67.25
65.9 66.4
64.6 65.58
63.24 64.78
61.84 64.02
60.45 63.29
59.11 62.6
57.85 61.94
56.67 61.3
55.6 60.68
54.64 60.06
53.77 59.45
52.97 58.84
52.25 58.23
51.6 57.61
51.0 56.99
50.44 56.35
49.88 55.7
49.33 55.02
48.76 54.32
48.19 53.6
47.62 52.88
47.06 52.15
46.52 51.44
46.02 50.76
45.6 50.15
45.34 49.62
45.12 49.21
44.81 48.85
44.56 48.48
44.27 48.16
43.7 47.73
