59.0 60.54
61.83 61.92
66.46 64.26
72.91 67.57
80.86 71.74
89.66 76.45
98.56 81.31
106.87 85.91
114.06 89.92
119.7 93.14
123.58 95.5
125.64 97.01
126.0 97.81
124.88 98.05
122.57 97.9
119.38 97.52
115.59 97.06
111.5 96.63
107.33 96.3
103.27 96.11
99.45 96.01
95.94 95.96
92.78 95.87
89.97 95.7
87.49 95.39
85.31 94.94
83.42 94.37
81.77 93.71
80.35 92.96
79.07 92.13
77.88 91.18
76.69 90.11
75.44 88.87
74.09 87.48
72.69 85.95
71.3 84.34
70.02 82.73
68.95 81.18
68.13 79.76
67.59 78.51
67.35 77.43
67.4 76.55
67.73 75.86
68.32 75.33
69.12 74.96
70.08 74.71
71.12 74.56
72.15 74.46
73.09 74.37
73.88 74.25
74.46 74.09
74.83 73.88
74.96 73.61
74.85 73.31
74.54 72.98
74.05 72.62
73.41 72.25
72.64 71.86
71.76 71.46
70.83 71.05
69.87 70.64
68.93 70.24
68.02 69.86
67.18 69.5
66.41 69.15
65.71 68.82
65.08 68.49
64.51 68.16
63.99 67.82
63.53 67.47
63.13 67.12
62.79 66.77
62.49 66.42
62.23 66.07
62.0 65.71
61.77 65.34
61.54 64.96
61.3 64.57
61.04 64.16
60.75 63.73
60.43 63.3
60.08 62.85
59.71 62.4
59.33 61.95
58.99 61.53
58.81 61.19
58.7 60.94
58.61 60.7
58.6 60.56
58.51 60.46
