61.99 63.71
63.29 64.37
65.23 65.41
67.84 66.82
71.1 68.59
74.92 70.64
79.12 72.88
83.47 75.18
87.69 77.4
91.53 79.43
94.77 81.18
97.31 82.61
99.12 83.75
100.28 84.65
100.87 85.39
101.0 86.04
100.77 86.65
100.28 87.26
99.58 87.87
98.74 88.47
97.82 89.05
96.83 89.59
95.81 90.07
94.8 90.48
93.78 90.81
92.78 91.03
91.8 91.16
90.82 91.18
89.82 91.07
88.77 90.85
87.64 90.5
86.41 90.02
85.08 89.41
83.69 88.69
82.26 87.88
80.85 87.02
79.52 86.12
78.27 85.23
77.14 84.35
76.16 83.51
75.31 82.69
74.6 81.92
74.03 81.19
73.57 80.48
73.22 79.81
72.94 79.16
72.73 78.53
72.55 77.91
72.38 77.31
72.21 76.71
72.03 76.13
71.85 75.56
71.65 75.02
71.43 74.49
71.17 73.98
70.88 73.49
70.56 73.01
70.23 72.54
69.87 72.08
69.5 71.64
69.12 71.21
68.72 70.79
68.32 70.39
67.91 69.99
67.49 69.61
67.1 69.24
66.71 68.88
66.34 68.54
65.98 68.2
65.63 67.87
65.26 67.52
64.88 67.17
64.48 66.8
64.07 66.42
63.65 66.03
63.23 65.65
62.83 65.27
62.46 64.9
62.09 64.55
61.75 64.2
61.41 63.85
61.07 63.5
60.73 63.16
60.43 62.86
60.24 62.63
60.26 62.54
60.49 62.57
61.01 62.74
