97.0 98.38
98.27 99.09
100.25 100.2
102.94 101.69
106.26 103.53
110.08 105.65
114.26 107.94
118.65 110.33
123.07 112.71
127.31 114.98
131.13 117.05
134.3 118.84
136.67 120.28
138.18 121.39
138.91 122.21
139.0 122.82
138.59 123.33
137.88 123.84
137.04 124.42
136.17 125.1
135.38 125.88
134.73 126.74
134.25 127.66
133.93 128.59
133.77 129.5
133.75 130.39
133.84 131.21
134.01 131.96
134.23 132.61
134.45 133.16
134.64 133.58
134.75 133.89
134.72 134.05
134.48 134.06
133.99 133.88
133.16 133.47
131.95 132.81
130.34 131.93
128.43 130.87
126.35 129.73
124.29 128.59
122.42 127.56
120.85 126.68
119.63 125.98
118.75 125.45
118.18 125.04
117.9 124.73
117.86 124.47
118.0 124.23
118.26 123.99
118.56 123.72
118.83 123.39
119.01 122.98
119.06 122.5
118.97 121.94
118.73 121.33
118.35 120.69
117.86 120.04
117.28 119.42
116.66 118.81
116.0 118.23
115.32 117.65
114.62 117.09
113.92 116.52
113.2 115.95
112.47 115.39
111.75 114.84
111.05 114.31
110.38 113.78
109.75 113.28
109.16 112.78
108.6 112.28
108.05 111.79
107.5 111.29
106.95 110.78
106.41 110.26
105.9 109.75
105.41 109.24
104.96 108.75
104.54 108.27
104.17 107.81
103.83 107.37
103.52 106.94
103.27 106.54
103.05 106.16
102.86 105.81
102.71 105.46
102.56 105.13
102.41 104.8
102.24 104.48
102.07 104.15
101.88 103.83
101.67 103.51
101.44 103.19
101.2 102.88
100.93 102.57
100.64 102.27
100.34 101.96
100.02 101.65
99.68 101.33
99.35 101.03
99.03 100.73
98.72 100.45
98.42 100.18
98.13 99.91
97.85 99.66
97.57 99.41
97.32 99.17
97.1 98.97
96.9 98.78
96.73 98.62
96.57 98.48
96.43 98.35
96.41 98.26
96.38 98.15
