68.0 68.78
69.89 69.77
73.04 71.43
77.47 73.8
82.99 76.77
89.13 80.11
95.32 83.54
101.15 86.79
106.27 89.65
110.44 91.99
113.48 93.77
115.33 95.0
116.0 95.74
115.55 96.06
114.14 96.05
111.98 95.82
109.29 95.47
106.31 95.1
103.25 94.8
100.27 94.6
97.49 94.51
94.96 94.48
92.72 94.46
90.78 94.41
89.14 94.31
87.82 94.16
86.79 93.97
85.98 93.74
85.35 93.46
84.8 93.09
84.26 92.61
83.66 91.99
82.97 91.23
82.2 90.35
81.41 89.39
80.66 88.42
80.01 87.49
79.55 86.64
79.27 85.9
79.18 85.27
79.27 84.75
79.52 84.34
79.92 84.04
80.44 83.82
81.08 83.68
81.77 83.61
82.48 83.58
83.18 83.58
83.79 83.58
84.28 83.55
84.63 83.51
84.82 83.42
84.84 83.31
84.7 83.16
84.43 82.99
84.04 82.79
83.55 82.57
82.98 82.33
82.35 82.08
81.67 81.81
80.96 81.52
80.24 81.24
79.54 80.95
78.88 80.66
78.25 80.37
77.67 80.09
77.13 79.8
76.64 79.51
76.18 79.21
75.76 78.9
75.36 78.58
75.0 78.25
74.66 77.91
74.34 77.57
74.07 77.23
73.82 76.89
73.59 76.55
73.39 76.22
73.2 75.9
73.0 75.57
72.8 75.25
72.59 74.92
72.39 74.6
72.18 74.28
71.97 73.97
71.76 73.67
71.55 73.38
71.34 73.1
71.13 72.83
70.92 72.57
70.7 72.32
70.5 72.08
70.31 71.84
70.11 71.62
69.92 71.4
69.73 71.18
69.53 70.97
69.34 70.76
69.16 70.57
69.0 70.38
68.86 70.21
68.75 70.04
68.63 69.89
68.51 69.73
68.38 69.57
68.24 69.4
68.07 69.22
67.9 69.04
67.74 68.87
67.66 68.77
67.69 68.7
67.62 68.57
67.54 68.36
67.49 68.03
