93.0 97.2
96.87 99.17
103.19 102.49
112.16 107.22
123.44 113.18
136.22 119.94
149.34 126.87
161.55 133.32
171.76 138.69
179.2 142.62
183.56 145.01
185.0 146.02
183.97 146.03
181.11 145.43
177.04 144.64
172.3 143.96
167.35 143.56
162.51 143.54
157.99 143.87
153.89 144.5
150.31 145.3
147.26 146.16
144.74 146.95
142.69 147.56
141.03 147.92
139.62 147.97
138.28 147.66
136.77 146.98
134.88 145.91
132.48 144.45
129.63 142.64
126.45 140.57
123.21 138.38
120.21 136.19
117.68 134.14
115.73 132.32
114.44 130.79
113.78 129.53
113.68 128.53
114.06 127.73
114.83 127.08
115.83 126.51
116.94 125.99
118.02 125.45
118.98 124.85
119.71 124.17
120.17 123.41
120.34 122.58
120.21 121.72
119.8 120.83
119.13 119.95
118.23 119.08
117.14 118.22
115.91 117.36
114.58 116.5
113.2 115.65
111.84 114.83
110.55 114.05
109.33 113.32
108.2 112.64
107.17 111.99
106.23 111.37
105.35 110.75
104.52 110.12
103.72 109.47
102.95 108.79
102.14 108.07
101.31 107.31
100.45 106.5
99.59 105.66
98.72 104.8
97.85 103.94
96.99 103.06
96.12 102.19
95.26 101.31
94.4 100.43
93.55 99.55
92.7 98.69
91.93 97.88
91.29 97.19
90.96 96.69
91.25 96.45
91.92 96.37
91.93 96.05
