62.0 65.46
67.72 68.43
77.47 73.59
91.04 80.96
107.97 90.03
126.17 99.81
143.22 109.23
157.99 117.41
169.8 123.74
177.9 127.97
181.9 130.2
182.0 130.75
178.81 130.06
173.14 128.59
165.83 126.78
157.6 124.98
149.05 123.43
140.56 122.27
132.35 121.49
124.53 120.97
117.16 120.48
110.23 119.8
103.74 118.73
97.72 117.22
92.24 115.31
87.38 113.16
83.19 110.95
79.75 108.82
77.08 106.85
75.19 105.05
74.05 103.42
73.61 101.92
73.82 100.54
74.58 99.24
75.76 98.0
77.21 96.78
78.8 95.54
80.38 94.26
81.82 92.93
83.02 91.58
83.9 90.21
84.43 88.83
84.6 87.47
84.41 86.14
83.91 84.86
83.14 83.65
82.15 82.51
80.97 81.44
79.67 80.45
78.29 79.53
76.89 78.68
75.51 77.91
74.19 77.2
72.96 76.55
71.83 75.95
70.79 75.38
69.83 74.83
68.97 74.29
68.19 73.75
67.49 73.21
66.86 72.67
66.29 72.11
65.76 71.53
65.26 70.94
64.78 70.33
64.31 69.7
63.84 69.05
63.36 68.39
62.88 67.72
62.39 67.06
61.92 66.47
61.55 65.87
61.13 65.32
60.6 64.85
60.33 64.77
59.81 64.85
