73.0 73.69
74.57 74.53
77.07 75.9
80.59 77.81
85.03 80.21
90.12 82.98
95.51 85.92
100.82 88.82
105.67 91.46
109.74 93.72
112.84 95.49
114.88 96.77
115.89 97.63
116.0 98.14
115.36 98.42
114.2 98.59
112.69 98.73
110.98 98.91
109.19 99.16
107.41 99.48
105.7 99.84
104.09 100.21
102.61 100.53
101.25 100.78
100.0 100.91
98.81 100.91
97.63 100.75
96.4 100.43
95.08 99.95
93.66 99.31
92.15 98.54
90.6 97.67
89.1 96.76
87.74 95.84
86.58 94.97
85.69 94.18
85.09 93.48
84.77 92.87
84.69 92.35
84.8 91.89
85.04 91.48
85.37 91.09
85.74 90.7
86.13 90.33
86.5 89.95
86.83 89.58
87.12 89.22
87.32 88.86
87.42 88.51
87.42 88.15
87.29 87.79
87.05 87.42
86.7 87.04
86.27 86.67
85.78 86.29
85.26 85.93
84.71 85.57
84.12 85.22
83.51 84.86
82.86 84.48
82.19 84.09
81.5 83.68
80.82 83.26
80.15 82.84
79.5 82.41
78.87 81.99
78.28 81.57
77.71 81.14
77.18 80.72
76.7 80.3
76.27 79.89
75.89 79.5
75.56 79.11
75.28 78.74
75.03 78.37
74.8 78.0
74.58 77.64
74.35 77.26
74.12 76.89
73.89 76.51
73.66 76.14
73.42 75.78
73.19 75.44
72.97 75.11
72.76 74.8
72.57 74.5
72.4 74.23
72.25 73.98
72.09 73.74
71.92 73.5
71.75 73.27
71.59 73.04
71.47 72.86
71.45 72.76
71.64 72.78
71.99 72.84
72.48 73.01
