60.99 63.61
64.41 65.53
70.44 68.81
79.08 73.46
89.77 79.17
101.31 85.36
112.37 91.35
121.94 96.54
129.43 100.55
134.58 103.26
137.38 104.76
138.0 105.31
136.74 105.19
134.0 104.66
130.21 103.95
125.76 103.21
120.93 102.55
115.93 102.01
110.88 101.59
105.86 101.23
100.93 100.81
96.16 100.23
91.58 99.38
87.24 98.24
83.17 96.83
79.43 95.23
76.05 93.57
73.08 91.94
70.58 90.39
68.56 88.94
67.03 87.57
65.97 86.25
65.32 84.97
65.05 83.72
65.08 82.49
65.34 81.28
65.77 80.09
66.3 78.91
66.88 77.76
67.45 76.64
67.95 75.55
68.34 74.49
68.59 73.48
68.68 72.5
68.61 71.56
68.37 70.66
68.0 69.81
67.53 69.03
67.0 68.32
66.45 67.69
65.9 67.14
65.38 66.66
64.9 66.26
64.43 65.91
63.99 65.59
63.55 65.29
63.12 65.0
62.7 64.7
62.26 64.4
61.82 64.07
61.36 63.73
60.89 63.36
60.38 62.96
59.86 62.55
59.34 62.17
58.95 61.91
59.07 62.06
59.32 62.44
