75.0 78.11
78.44 79.97
84.26 83.08
92.57 87.49
102.96 92.99
114.49 99.13
126.04 105.33
136.59 110.99
145.26 115.65
151.55 119.07
155.39 121.26
157.0 122.41
156.71 122.81
154.93 122.75
152.03 122.48
148.34 122.16
144.12 121.89
139.56 121.68
134.81 121.54
129.99 121.4
125.17 121.19
120.4 120.8
115.7 120.15
111.1 119.17
106.6 117.86
102.25 116.26
98.09 114.45
94.19 112.54
90.64 110.61
87.5 108.73
84.84 106.92
82.67 105.19
81.04 103.54
79.91 101.95
79.27 100.44
79.07 99.01
79.27 97.67
79.77 96.41
80.49 95.23
81.36 94.12
82.29 93.06
83.17 92.05
83.95 91.06
84.57 90.09
84.99 89.15
85.19 88.22
85.19 87.32
85.02 86.47
84.68 85.67
84.22 84.92
83.65 84.23
83.01 83.6
82.3 83.03
81.54 82.49
80.76 82.0
79.97 81.53
79.19 81.08
78.43 80.66
77.71 80.25
77.04 79.86
76.4 79.47
75.78 79.07
75.17 78.67
74.57 78.26
74.12 77.93
73.96 77.81
74.17 77.9
74.71 78.2
