101.0 101.79
102.36 102.47
104.53 103.56
107.54 105.11
111.27 107.05
115.47 109.28
119.85 111.64
124.09 113.96
127.92 116.08
131.12 117.89
133.54 119.34
135.15 120.41
135.93 121.13
136.0 121.58
135.46 121.84
134.48 121.98
133.22 122.09
131.82 122.24
130.42 122.46
129.1 122.76
127.91 123.15
126.88 123.58
126.03 124.04
125.36 124.48
124.86 124.88
124.51 125.24
124.28 125.54
124.15 125.8
124.1 126.0
124.07 126.13
124.0 126.17
123.85 126.11
123.54 125.92
123.05 125.59
122.35 125.12
121.47 124.53
120.46 123.84
119.4 123.1
118.36 122.35
117.44 121.67
116.72 121.07
116.22 120.59
115.96 120.24
115.92 119.99
116.06 119.83
116.3 119.72
116.59 119.62
116.88 119.51
117.14 119.38
117.33 119.2
117.42 118.97
117.42 118.71
117.33 118.41
117.15 118.1
116.91 117.78
116.61 117.46
116.28 117.16
115.91 116.87
115.53 116.59
115.12 116.31
114.72 116.04
114.3 115.75
113.87 115.46
113.42 115.16
112.97 114.86
112.53 114.55
112.1 114.24
111.71 113.94
111.35 113.64
111.01 113.36
110.68 113.08
110.35 112.8
110.02 112.51
109.7 112.21
109.38 111.91
109.09 111.61
108.82 111.3
108.57 111.0
108.33 110.7
108.1 110.41
107.88 110.12
107.65 109.84
107.43 109.56
107.22 109.29
107.02 109.02
106.84 108.77
106.67 108.52
106.52 108.29
106.36 108.06
106.19 107.83
106.02 107.6
105.84 107.38
105.66 107.15
105.47 106.93
105.28 106.71
105.09 106.5
104.91 106.31
104.75 106.12
104.6 105.94
104.44 105.76
104.28 105.58
104.12 105.4
103.94 105.22
103.77 105.04
103.6 104.86
103.45 104.68
103.3 104.51
103.16 104.35
103.0 104.19
102.84 104.02
102.67 103.85
102.48 103.68
102.28 103.49
102.08 103.3
101.87 103.11
101.66 102.93
101.46 102.76
101.32 102.63
101.21 102.55
101.19 102.47
101.3 102.53
101.41 102.65
