66.0 69.17
70.4 71.53
77.97 75.58
88.88 81.39
102.44 88.62
117.34 96.63
132.07 104.62
145.28 111.82
156.05 117.72
164.02 122.13
169.34 125.21
172.44 127.31
173.82 128.87
174.0 130.26
173.39 131.75
172.31 133.48
170.95 135.48
169.45 137.7
167.83 140.07
166.09 142.46
164.2 144.71
162.17 146.66
159.95 148.19
157.56 149.22
155.01 149.76
152.32 149.88
149.49 149.67
146.53 149.23
143.45 148.6
140.23 147.76
136.87 146.69
133.36 145.31
129.67 143.59
125.82 141.53
121.88 139.18
117.9 136.59
114.0 133.87
110.33 131.11
106.99 128.4
104.07 125.82
101.65 123.42
99.75 121.23
98.35 119.23
97.37 117.4
96.71 115.69
96.25 114.04
95.86 112.4
95.49 110.75
95.08 109.09
94.65 107.42
94.19 105.77
93.73 104.19
93.24 102.67
92.72 101.24
92.12 99.87
91.41 98.54
90.55 97.24
89.57 95.96
88.48 94.68
87.33 93.43
86.14 92.2
84.93 91.02
83.76 89.89
82.64 88.82
81.56 87.81
80.55 86.86
79.6 85.95
78.67 85.06
77.72 84.19
76.78 83.31
75.87 82.43
75.0 81.56
74.18 80.71
73.43 79.88
72.74 79.07
72.07 78.28
71.42 77.5
70.78 76.73
70.13 75.96
69.5 75.2
68.89 74.44
68.31 73.7
67.76 72.97
67.23 72.27
66.75 71.61
66.3 71.01
65.91 70.54
65.61 70.22
65.36 69.98
65.64 70.12
66.36 70.41
