77.0 77.46
78.94 78.55
82.01 80.25
86.23 82.59
91.45 85.49
97.45 88.81
103.85 92.36
110.28 95.92
116.39 99.3
121.85 102.34
126.39 104.95
129.83 107.07
132.15 108.75
133.48 110.06
134.0 111.12
133.93 112.07
133.48 113.0
132.78 114.0
131.93 115.07
131.0 116.2
130.01 117.33
128.99 118.42
127.95 119.4
126.91 120.24
125.87 120.93
124.82 121.46
123.74 121.84
122.64 122.05
121.48 122.1
120.23 121.99
118.88 121.7
117.39 121.23
115.73 120.56
113.88 119.71
111.85 118.66
109.69 117.43
107.45 116.08
105.25 114.66
103.18 113.23
101.31 111.85
99.72 110.57
98.42 109.39
97.38 108.32
96.59 107.33
96.0 106.41
95.56 105.51
95.23 104.64
94.97 103.76
94.72 102.88
94.44 101.97
94.11 101.05
93.73 100.12
93.28 99.19
92.79 98.27
92.25 97.37
91.7 96.51
91.12 95.7
90.54 94.92
89.95 94.18
89.38 93.48
88.8 92.8
88.23 92.14
87.66 91.51
87.11 90.89
86.56 90.3
86.01 89.73
85.48 89.17
84.97 88.64
84.49 88.12
84.03 87.63
83.6 87.16
83.2 86.7
82.82 86.26
82.46 85.83
82.12 85.41
81.78 84.99
81.46 84.58
81.15 84.18
80.85 83.78
80.55 83.39
80.26 83.01
79.99 82.64
79.72 82.28
79.46 81.93
79.22 81.6
78.99 81.28
78.79 80.99
78.63 80.72
78.5 80.48
78.38 80.24
78.26 80.02
78.13 79.79
77.98 79.56
77.8 79.32
77.6 79.08
77.4 78.83
77.19 78.59
76.99 78.37
76.81 78.16
76.65 77.96
76.51 77.79
76.37 77.62
76.25 77.47
76.13 77.34
76.08 77.28
76.2 77.32
76.71 77.38
77.62 77.62
