78.0 78.57
79.49 79.4
81.93 80.73
85.33 82.58
89.54 84.88
94.24 87.47
99.08 90.15
103.72 92.71
107.9 95.02
111.39 96.97
114.06 98.51
115.85 99.66
116.8 100.47
117.0 101.02
116.58 101.39
115.73 101.66
114.61 101.93
113.33 102.24
112.01 102.62
110.7 103.07
109.47 103.57
108.35 104.08
107.36 104.56
106.49 104.97
105.74 105.31
105.09 105.57
104.52 105.76
104.03 105.89
103.58 105.94
103.11 105.88
102.55 105.7
101.83 105.37
100.94 104.87
99.88 104.22
98.68 103.44
97.44 102.59
96.23 101.7
95.11 100.85
94.16 100.06
93.41 99.36
92.87 98.77
92.54 98.28
92.39 97.87
92.4 97.54
92.55 97.26
92.79 97.02
93.09 96.79
93.37 96.55
93.6 96.28
93.75 95.97
93.81 95.64
93.79 95.28
93.69 94.92
93.54 94.57
93.33 94.24
93.08 93.93
92.78 93.63
92.46 93.34
92.1 93.05
91.71 92.76
91.29 92.46
90.84 92.15
90.35 91.83
89.83 91.5
89.3 91.15
88.76 90.79
88.23 90.43
87.73 90.08
87.28 89.75
86.89 89.45
86.54 89.17
86.23 88.89
85.95 88.62
85.68 88.34
85.4 88.04
85.12 87.73
84.82 87.39
84.52 87.05
84.21 86.69
83.89 86.33
83.56 85.96
83.22 85.59
82.87 85.23
82.54 84.88
82.24 84.55
81.96 84.25
81.72 83.97
81.52 83.71
81.33 83.46
81.17 83.22
81.04 82.99
80.91 82.77
80.8 82.55
80.7 82.34
80.61 82.14
80.52 81.94
80.41 81.74
80.28 81.54
80.13 81.34
79.95 81.14
79.76 80.93
79.57 80.73
79.38 80.54
79.19 80.36
79.02 80.18
78.86 80.02
78.72 79.87
78.59 79.72
78.48 79.58
78.37 79.45
78.25 79.31
78.14 79.19
78.09 79.09
78.12 79.05
78.1 79.04
77.98 79.01
77.91 78.93
