72.0 73.22
74.28 74.44
77.95 76.42
83.07 79.17
89.43 82.59
96.56 86.46
103.97 90.51
111.16 94.43
117.66 97.98
123.09 100.98
127.19 103.33
129.83 105.0
131.0 106.05
130.77 106.55
129.35 106.64
126.95 106.43
123.86 106.08
120.35 105.68
116.67 105.35
113.03 105.11
109.6 104.99
106.45 104.93
103.65 104.91
101.2 104.87
99.11 104.77
97.34 104.58
95.86 104.32
94.64 103.97
93.62 103.53
92.74 103.0
91.94 102.35
91.16 101.58
90.32 100.67
89.39 99.62
88.38 98.46
87.33 97.21
86.29 95.93
85.32 94.67
84.5 93.48
83.87 92.39
83.46 91.44
83.29 90.64
83.37 90.0
83.67 89.5
84.15 89.14
84.78 88.88
85.5 88.71
86.26 88.59
86.99 88.5
87.63 88.39
88.14 88.26
88.48 88.08
88.61 87.86
88.55 87.58
88.28 87.26
87.83 86.9
87.22 86.51
86.48 86.1
85.66 85.67
84.8 85.25
83.91 84.83
83.04 84.43
82.21 84.04
81.41 83.66
80.66 83.29
79.97 82.92
79.31 82.55
78.69 82.16
78.11 81.77
77.57 81.36
77.08 80.95
76.63 80.54
76.23 80.13
75.87 79.72
75.55 79.32
75.26 78.91
74.98 78.5
74.71 78.1
74.45 77.69
74.19 77.28
73.94 76.88
73.71 76.49
73.49 76.11
73.28 75.76
73.09 75.42
72.91 75.09
72.72 74.77
72.51 74.46
72.29 74.14
72.03 73.82
71.73 73.49
71.41 73.15
71.1 72.84
70.78 72.6
70.55 72.4
70.44 72.16
70.27 72.14
70.23 72.1
