83.0 83.88
84.84 84.85
87.73 86.4
91.76 88.57
96.86 91.32
102.75 94.5
109.0 97.89
115.1 101.22
120.6 104.23
125.08 106.72
128.32 108.59
130.25 109.86
131.0 110.61
130.77 111.01
129.85 111.22
128.5 111.4
126.95 111.67
125.36 112.09
123.87 112.7
122.56 113.47
121.47 114.35
120.64 115.3
120.03 116.24
119.6 117.11
119.31 117.87
119.1 118.47
118.9 118.91
118.64 119.16
118.21 119.22
117.52 119.05
116.49 118.64
115.06 117.97
113.22 117.04
111.1 115.9
108.85 114.65
106.66 113.36
104.69 112.15
103.07 111.09
101.86 110.21
101.05 109.51
100.6 108.97
100.46 108.53
100.51 108.14
100.69 107.76
100.9 107.34
101.06 106.87
101.14 106.32
101.11 105.71
100.96 105.03
100.68 104.32
100.28 103.58
99.78 102.84
99.18 102.12
98.53 101.42
97.83 100.75
97.12 100.11
96.4 99.49
95.69 98.88
94.98 98.27
94.3 97.69
93.64 97.12
93.04 96.58
92.51 96.09
92.06 95.63
91.67 95.22
91.36 94.85
91.08 94.49
90.83 94.16
90.61 93.82
90.42 93.49
90.22 93.14
90.01 92.79
89.79 92.44
89.56 92.07
89.32 91.71
89.07 91.35
88.82 91.0
88.59 90.66
88.36 90.34
88.14 90.03
87.91 89.74
87.68 89.45
87.42 89.16
87.16 88.87
86.88 88.59
86.61 88.32
86.37 88.06
86.17 87.83
86.02 87.62
85.91 87.44
85.86 87.29
85.84 87.17
85.84 87.06
85.83 86.95
85.76 86.81
85.64 86.64
85.43 86.42
85.14 86.16
84.78 85.86
84.38 85.54
83.94 85.21
83.5 84.88
83.06 84.57
82.64 84.27
82.26 84.0
81.93 83.76
81.65 83.53
81.42 83.33
81.23 83.15
81.09 82.99
81.01 82.86
81.07 82.8
81.39 82.89
82.09 83.24
83.06 83.8
