88.0 89.04
89.69 89.95
92.41 91.41
96.26 93.49
101.13 96.11
106.67 99.1
112.41 102.2
117.85 105.16
122.59 107.73
126.32 109.78
128.93 111.27
130.44 112.26
131.0 112.87
130.82 113.26
130.17 113.58
129.26 113.95
128.24 114.44
127.25 115.11
126.41 115.94
125.74 116.92
125.27 118.01
125.0 119.12
124.89 120.21
124.91 121.2
124.99 122.06
125.09 122.77
125.14 123.31
125.08 123.68
124.82 123.86
124.26 123.82
123.3 123.53
121.87 122.94
119.94 122.05
117.6 120.9
115.03 119.58
112.44 118.22
110.09 116.94
108.16 115.85
106.75 115.0
105.87 114.41
105.47 114.03
105.45 113.78
105.69 113.59
106.07 113.37
106.45 113.08
106.73 112.67
106.85 112.13
106.78 111.47
106.52 110.7
106.08 109.88
105.53 109.03
104.89 108.19
104.2 107.39
103.47 106.65
102.72 105.96
101.97 105.3
101.22 104.67
100.5 104.06
99.81 103.46
99.16 102.89
98.59 102.35
98.09 101.84
97.64 101.36
97.23 100.91
96.88 100.49
96.56 100.08
96.25 99.69
95.97 99.31
95.72 98.94
95.46 98.58
95.21 98.22
94.97 97.86
94.74 97.5
94.49 97.13
94.25 96.76
94.0 96.4
93.74 96.04
93.48 95.7
93.25 95.38
93.02 95.08
92.82 94.8
92.65 94.54
92.51 94.31
92.39 94.1
92.3 93.9
92.21 93.71
92.09 93.5
91.93 93.29
91.72 93.04
91.44 92.77
91.12 92.48
90.76 92.16
90.36 91.85
89.96 91.53
89.56 91.22
89.16 90.92
88.77 90.64
88.43 90.37
88.13 90.13
87.87 89.9
87.65 89.7
87.5 89.52
87.42 89.39
87.47 89.3
87.51 89.24
87.75 89.35
88.28 89.6
