46.0 52.09
52.66 55.5
64.45 61.51
81.01 70.14
101.18 80.7
122.32 91.9
141.43 102.33
156.75 110.8
167.49 116.66
173.5 119.79
175.0 120.6
172.56 119.74
167.17 117.96
159.99 115.89
151.97 113.98
143.71 112.48
135.51 111.48
127.52 110.94
119.81 110.72
112.4 110.63
105.29 110.42
98.49 109.84
92.01 108.69
85.85 106.92
80.08 104.6
74.79 101.96
70.09 99.23
66.1 96.65
62.91 94.33
60.57 92.29
59.06 90.47
58.3 88.8
58.17 87.19
58.55 85.59
59.27 83.96
60.19 82.27
61.17 80.52
62.1 78.72
62.9 76.91
63.53 75.12
63.94 73.38
64.18 71.74
64.25 70.2
64.17 68.8
63.96 67.53
63.61 66.38
63.11 65.33
62.45 64.35
61.61 63.4
60.58 62.46
59.41 61.53
58.1 60.61
56.72 59.7
55.31 58.82
53.94 57.99
52.63 57.2
51.42 56.47
50.28 55.77
49.18 55.08
48.14 54.39
47.19 53.7
46.35 53.06
45.79 52.68
46.0 52.89
46.44 53.31
