84.0 85.62
85.93 86.65
88.93 88.28
93.07 90.55
98.29 93.4
104.3 96.67
110.71 100.14
117.09 103.57
122.99 106.72
128.07 109.46
132.14 111.71
135.16 113.5
137.23 114.92
138.45 116.09
138.99 117.1
139.0 118.04
138.55 118.96
137.76 119.87
136.71 120.78
135.46 121.67
134.1 122.5
132.65 123.26
131.17 123.92
129.7 124.45
128.24 124.84
126.84 125.09
125.47 125.21
124.14 125.21
122.83 125.09
121.48 124.83
120.09 124.43
118.59 123.86
116.94 123.1
115.18 122.15
113.29 121.02
111.34 119.76
109.4 118.43
107.57 117.09
105.93 115.8
104.52 114.6
103.39 113.51
102.55 112.53
101.95 111.66
101.58 110.86
101.37 110.12
101.29 109.42
101.3 108.74
101.36 108.07
101.45 107.41
101.52 106.76
101.54 106.11
101.5 105.45
101.36 104.81
101.15 104.16
100.85 103.53
100.45 102.91
100.01 102.3
99.48 101.7
98.89 101.1
98.26 100.5
97.58 99.91
96.87 99.32
96.13 98.73
95.37 98.16
94.62 97.58
93.85 97.02
93.11 96.47
92.38 95.92
91.68 95.38
91.0 94.84
90.35 94.3
89.75 93.77
89.17 93.24
88.62 92.71
88.08 92.17
87.54 91.63
87.01 91.07
86.46 90.49
85.91 89.92
85.39 89.34
84.87 88.77
84.37 88.21
83.9 87.67
83.45 87.14
83.04 86.65
82.67 86.18
82.35 85.74
82.08 85.33
81.85 84.97
81.72 84.68
81.75 84.52
81.92 84.45
82.24 84.25
82.32 84.19
