73.0 76.47
76.97 78.63
83.66 82.26
93.1 87.36
104.77 93.64
117.67 100.59
130.62 107.61
142.68 114.14
153.21 119.82
161.85 124.5
168.51 128.2
173.28 131.1
176.3 133.39
177.77 135.28
178.0 136.95
177.29 138.55
175.94 140.2
174.22 141.97
172.29 143.89
170.24 145.89
168.15 147.88
166.05 149.73
163.94 151.32
161.84 152.58
159.75 153.48
157.63 154.05
155.45 154.34
153.17 154.37
150.79 154.18
148.32 153.74
145.75 153.06
143.04 152.1
140.24 150.87
137.3 149.35
134.17 147.54
130.88 145.46
127.49 143.15
124.04 140.67
120.62 138.09
117.34 135.51
114.36 133.03
111.79 130.7
109.67 128.56
107.98 126.62
106.73 124.85
105.86 123.23
105.29 121.72
104.96 120.32
104.86 119.01
104.94 117.8
105.12 116.65
105.34 115.55
105.54 114.48
105.66 113.41
105.64 112.34
105.42 111.24
105.02 110.14
104.46 109.03
103.74 107.92
102.88 106.82
101.91 105.74
100.85 104.69
99.72 103.66
98.56 102.66
97.37 101.71
96.2 100.8
95.06 99.93
93.97 99.09
92.88 98.27
91.82 97.44
90.77 96.59
89.7 95.71
88.59 94.8
87.48 93.87
86.38 92.93
85.3 92.0
84.28 91.11
83.36 90.24
82.57 89.43
81.9 88.66
81.34 87.93
80.86 87.21
80.41 86.49
79.92 85.74
79.39 84.97
78.78 84.15
78.1 83.32
77.39 82.47
76.64 81.63
75.92 80.82
75.26 80.06
74.64 79.34
74.05 78.65
73.46 77.98
72.85 77.32
72.23 76.71
71.78 76.26
71.74 76.1
72.07 76.18
72.85 76.54
