57.0 58.19
59.85 59.82
64.64 62.51
71.62 66.34
80.53 71.16
90.56 76.58
100.64 82.03
109.7 86.96
116.96 90.95
122.09 93.83
125.22 95.69
126.74 96.78
127.0 97.42
126.26 97.84
124.71 98.2
122.48 98.54
119.7 98.86
116.52 99.14
113.1 99.4
109.59 99.63
106.11 99.82
102.73 99.94
99.53 99.94
96.57 99.76
93.85 99.39
91.37 98.84
89.12 98.16
87.1 97.41
85.26 96.63
83.62 95.84
82.12 94.98
80.75 94.02
79.43 92.89
78.14 91.59
76.81 90.12
75.45 88.52
74.07 86.86
72.73 85.18
71.47 83.54
70.39 82.0
69.54 80.6
68.97 79.39
68.72 78.38
68.83 77.6
69.27 77.04
70.04 76.69
71.12 76.53
72.44 76.55
73.93 76.69
75.52 76.92
77.09 77.19
78.55 77.46
79.82 77.7
80.87 77.88
81.64 78.0
82.16 78.06
82.41 78.08
82.44 78.05
82.25 78.0
81.89 77.91
81.36 77.81
80.7 77.68
79.91 77.51
79.01 77.31
78.03 77.07
76.98 76.79
75.9 76.48
74.82 76.14
73.78 75.78
72.77 75.41
71.81 75.01
70.92 74.6
70.07 74.17
69.26 73.71
68.49 73.21
67.73 72.68
66.99 72.1
66.26 71.5
65.55 70.86
64.88 70.21
64.22 69.55
63.61 68.89
63.04 68.23
62.52 67.6
62.02 66.98
61.58 66.37
61.16 65.78
60.76 65.21
60.4 64.66
60.06 64.11
59.74 63.59
59.44 63.08
59.13 62.58
58.81 62.1
58.49 61.62
58.17 61.17
57.85 60.72
57.54 60.3
57.24 59.89
56.95 59.5
56.66 59.12
56.35 58.74
56.05 58.39
55.82 58.08
55.76 57.87
55.82 57.84
55.86 57.65
55.67 57.28
55.66 56.87
55.43 56.55
55.49 56.14
