58.0 60.43
60.24 61.65
63.86 63.62
68.93 66.38
75.34 69.83
82.67 73.77
90.4 77.93
98.03 82.0
105.08 85.74
111.18 88.98
116.08 91.63
119.66 93.69
121.91 95.24
122.97 96.37
123.0 97.23
122.22 97.91
120.84 98.52
119.02 99.11
116.91 99.71
114.61 100.32
112.21 100.9
109.78 101.41
107.38 101.81
105.04 102.06
102.79 102.16
100.62 102.08
98.5 101.82
96.42 101.4
94.35 100.79
92.22 99.99
90.0 98.99
87.69 97.8
85.29 96.43
82.88 94.93
80.55 93.34
78.39 91.74
76.49 90.17
74.89 88.68
73.62 87.28
72.67 86.0
72.02 84.84
71.64 83.77
71.47 82.8
71.52 81.9
71.73 81.07
72.04 80.3
72.41 79.58
72.83 78.91
73.24 78.29
73.62 77.71
73.93 77.16
74.13 76.62
74.2 76.09
74.14 75.57
73.95 75.04
73.66 74.53
73.28 74.03
72.83 73.55
72.32 73.1
71.77 72.67
71.2 72.26
70.61 71.87
70.02 71.49
69.42 71.12
68.84 70.77
68.27 70.42
67.73 70.08
67.22 69.74
66.72 69.39
66.24 69.04
65.8 68.69
65.39 68.33
65.0 67.97
64.62 67.6
64.24 67.23
63.85 66.83
63.42 66.4
62.95 65.94
62.45 65.46
61.91 64.95
61.35 64.44
60.77 63.91
60.2 63.39
59.65 62.87
59.11 62.36
58.57 61.85
58.06 61.37
57.57 60.92
57.14 60.53
56.85 60.25
56.84 60.08
56.89 59.99
56.67 59.8
56.66 59.72
