79.0 79.25
80.06 79.86
81.64 80.78
83.82 82.01
86.58 83.56
89.84 85.37
93.45 87.38
97.22 89.47
100.95 91.53
104.44 93.47
107.51 95.21
110.04 96.71
111.94 97.93
113.21 98.91
113.87 99.67
114.0 100.26
113.68 100.73
113.04 101.14
112.16 101.53
111.15 101.92
110.1 102.34
109.06 102.77
108.1 103.23
107.27 103.69
106.57 104.14
106.02 104.58
105.61 105.0
105.32 105.38
105.16 105.72
105.09 106.02
105.1 106.28
105.16 106.47
105.22 106.6
105.23 106.65
105.15 106.58
104.91 106.39
104.5 106.06
103.88 105.6
103.08 105.02
102.12 104.34
101.05 103.62
99.95 102.88
98.89 102.17
97.93 101.52
97.11 100.95
96.47 100.48
96.01 100.09
95.7 99.78
95.54 99.53
95.51 99.32
95.58 99.14
95.71 98.97
95.9 98.8
96.09 98.62
96.28 98.43
96.43 98.23
96.52 98.0
96.55 97.76
96.5 97.5
96.38 97.23
96.19 96.95
95.94 96.66
95.64 96.36
95.29 96.06
94.92 95.76
94.52 95.45
94.09 95.15
93.65 94.84
93.2 94.54
92.74 94.24
92.27 93.93
91.8 93.62
91.34 93.31
90.9 93.0
90.46 92.68
90.05 92.36
89.66 92.05
89.28 91.73
88.93 91.42
88.6 91.11
88.3 90.81
88.02 90.5
87.76 90.21
87.52 89.91
87.28 89.62
87.07 89.32
86.86 89.03
86.66 88.74
86.47 88.46
86.29 88.19
86.11 87.92
85.94 87.67
85.78 87.43
85.65 87.21
85.53 87.0
85.42 86.81
85.33 86.62
85.23 86.44
85.13 86.26
85.02 86.09
84.9 85.91
84.77 85.73
84.62 85.55
84.48 85.38
84.33 85.22
84.19 85.06
84.06 84.92
83.94 84.79
83.84 84.66
83.73 84.54
83.62 84.41
83.49 84.28
83.35 84.14
83.18 83.98
82.99 83.82
82.79 83.66
82.59 83.49
82.4 83.33
82.21 83.17
82.06 83.03
81.92 82.89
81.77 82.74
81.61 82.59
81.43 82.43
81.22 82.25
80.99 82.06
80.75 81.86
80.52 81.66
80.3 81.47
80.09 81.28
79.91 81.11
79.74 80.95
79.58 80.78
79.42 80.62
79.25 80.45
79.09 80.29
78.94 80.12
78.8 79.97
78.67 79.81
78.56 79.67
78.45 79.52
78.34 79.37
78.24 79.23
78.13 79.08
78.02 78.94
77.91 78.8
77.8 78.66
77.68 78.53
77.57 78.39
77.46 78.27
77.37 78.15
77.28 78.03
77.2 77.93
77.16 77.85
77.16 77.79
77.15 77.73
77.12 77.67
77.13 77.63
77.2 77.64
77.38 77.72
77.71 77.87
