65.0 65.41
66.49 66.26
68.94 67.63
72.43 69.58
76.88 72.04
81.94 74.83
87.18 77.72
92.14 80.45
96.46 82.83
99.88 84.72
102.27 86.08
103.61 86.95
104.0 87.42
103.54 87.6
102.42 87.6
100.8 87.5
98.86 87.38
96.77 87.31
94.67 87.33
92.68 87.45
90.92 87.69
89.43 88.01
88.24 88.37
87.35 88.73
86.74 89.06
86.38 89.34
86.2 89.57
86.17 89.75
86.22 89.88
86.32 89.95
86.44 89.96
86.56 89.91
86.63 89.77
86.62 89.53
86.47 89.18
86.13 88.71
85.58 88.13
84.86 87.45
84.02 86.73
83.18 86.01
82.41 85.36
81.8 84.82
81.39 84.41
81.2 84.14
81.23 84.01
81.45 83.98
81.85 84.05
82.36 84.16
82.93 84.3
83.52 84.44
84.06 84.54
84.51 84.6
84.83 84.58
84.99 84.5
85.01 84.36
84.87 84.16
84.61 83.93
84.23 83.68
83.78 83.43
83.27 83.17
82.73 82.92
82.18 82.67
81.64 82.42
81.11 82.18
80.6 81.94
80.11 81.69
79.63 81.44
79.17 81.17
78.73 80.9
78.3 80.62
77.91 80.34
77.54 80.05
77.19 79.77
76.86 79.48
76.53 79.18
76.22 78.87
75.89 78.55
75.58 78.22
75.29 77.89
75.02 77.56
74.76 77.24
74.54 76.94
74.35 76.65
74.17 76.37
74.03 76.12
73.92 75.89
73.83 75.67
73.73 75.45
73.64 75.25
73.54 75.04
73.43 74.83
73.32 74.63
73.21 74.43
73.11 74.25
72.99 74.07
72.87 73.9
72.73 73.74
72.6 73.58
72.48 73.43
72.36 73.28
72.24 73.14
72.12 73.0
71.99 72.85
71.85 72.71
71.69 72.56
71.53 72.41
71.36 72.26
71.19 72.12
71.04 71.98
70.9 71.85
70.77 71.73
70.65 71.61
70.53 71.48
70.41 71.35
70.27 71.22
70.14 71.08
69.99 70.94
69.84 70.8
69.69 70.65
69.54 70.51
69.39 70.36
69.24 70.22
69.1 70.07
68.97 69.93
68.83 69.79
68.69 69.65
68.54 69.51
68.36 69.35
68.18 69.19
67.98 69.02
67.78 68.85
67.58 68.68
67.39 68.51
67.21 68.35
67.05 68.19
66.89 68.04
66.76 67.9
66.62 67.76
66.49 67.63
66.39 67.5
66.29 67.37
66.21 67.26
66.16 67.15
66.11 67.04
66.06 66.93
66.0 66.83
65.96 66.72
65.93 66.64
65.83 66.61
65.72 66.44
65.6 66.27
65.44 66.08
65.23 65.86
65.07 65.59
64.91 65.45
64.75 65.32
64.6 65.2
64.45 65.08
64.32 64.97
64.21 64.87
64.12 64.78
64.05 64.73
64.1 64.75
64.22 64.9
