44.0 50.29
47.53 52.05
52.96 55.02
60.41 59.15
69.75 64.18
80.18 69.86
91.32 75.97
103.14 82.25
115.1 88.43
126.37 94.21
136.15 99.31
143.94 103.54
149.49 106.81
152.78 109.15
154.0 110.74
153.43 111.82
151.46 112.61
148.46 113.29
144.7 113.93
140.4 114.51
135.71 114.95
130.72 115.17
125.48 115.11
120.06 114.73
114.56 114.05
109.09 113.11
103.78 111.94
98.74 110.57
94.02 109.01
89.68 107.31
85.73 105.51
82.19 103.66
79.09 101.77
76.42 99.86
74.15 97.92
72.23 95.91
70.57 93.81
69.11 91.61
67.76 89.32
66.49 86.95
65.27 84.55
64.07 82.13
62.89 79.74
61.7 77.41
60.49 75.13
59.26 72.93
58.0 70.82
56.73 68.79
55.5 66.87
54.31 65.05
53.16 63.34
52.07 61.74
51.02 60.23
49.98 58.8
48.96 57.44
47.96 56.13
46.97 54.87
45.99 53.66
45.04 52.53
44.22 51.54
43.51 50.68
42.94 50.05
42.68 49.73
42.46 49.45
