84.99 87.96
87.55 89.29
91.78 91.54
97.71 94.69
105.04 98.6
113.2 102.94
121.47 107.35
129.24 111.48
136.08 115.1
141.7 118.08
146.07 120.45
149.24 122.33
151.33 123.85
152.52 125.15
153.0 126.36
152.89 127.54
152.31 128.73
151.37 129.94
150.15 131.15
148.72 132.35
147.18 133.49
145.63 134.54
144.12 135.45
142.66 136.21
141.26 136.81
139.9 137.25
138.57 137.55
137.25 137.71
135.94 137.74
134.58 137.6
133.1 137.25
131.38 136.62
129.32 135.67
126.9 134.39
124.17 132.83
121.29 131.09
118.46 129.27
115.88 127.51
113.7 125.91
111.97 124.51
110.7 123.31
109.81 122.28
109.24 121.36
108.88 120.48
108.64 119.59
108.47 118.67
108.3 117.7
108.11 116.7
107.89 115.66
107.62 114.61
107.29 113.57
106.91 112.56
106.44 111.57
105.86 110.62
105.17 109.69
104.38 108.77
103.53 107.86
102.66 106.96
101.8 106.08
100.94 105.21
100.09 104.37
99.22 103.55
98.34 102.75
97.47 101.98
96.63 101.24
95.83 100.53
95.08 99.86
94.4 99.22
93.79 98.62
93.24 98.03
92.74 97.46
92.29 96.89
91.84 96.32
91.37 95.72
90.86 95.11
90.3 94.46
89.65 93.78
88.94 93.07
88.21 92.35
87.49 91.65
86.81 90.98
86.22 90.36
85.71 89.78
85.25 89.22
84.8 88.68
84.31 88.11
83.75 87.52
83.16 86.93
82.6 86.37
82.19 85.95
82.15 85.76
82.75 85.92
83.83 86.31
