69.0 72.42
71.3 73.56
75.13 75.52
80.49 78.29
87.05 81.71
94.3 85.52
101.67 89.42
108.7 93.15
115.1 96.52
120.71 99.49
125.44 102.04
129.2 104.21
131.9 106.02
133.5 107.47
134.0 108.59
133.48 109.4
132.12 109.96
130.09 110.35
127.61 110.65
124.84 110.9
121.91 111.11
118.94 111.27
116.01 111.35
113.19 111.33
110.53 111.2
108.05 110.97
105.75 110.65
103.6 110.24
101.57 109.71
99.58 109.0
97.58 108.1
95.52 106.96
93.41 105.62
91.28 104.13
89.2 102.53
87.24 100.91
85.48 99.32
83.97 97.8
82.75 96.37
81.82 95.05
81.18 93.85
80.82 92.75
80.7 91.77
80.8 90.89
81.08 90.12
81.51 89.43
82.04 88.82
82.62 88.27
83.2 87.77
83.75 87.32
84.23 86.89
84.61 86.48
84.88 86.09
85.04 85.72
85.07 85.35
84.98 84.99
84.8 84.64
84.5 84.29
84.12 83.94
83.67 83.6
83.15 83.27
82.58 82.96
81.98 82.65
81.37 82.35
80.76 82.05
80.13 81.74
79.5 81.42
78.86 81.08
78.21 80.7
77.55 80.3
76.89 79.88
76.24 79.44
75.6 78.99
74.97 78.52
74.36 78.05
73.76 77.57
73.17 77.08
72.58 76.57
71.99 76.05
71.39 75.51
70.81 75.0
70.34 74.42
69.88 73.82
69.42 73.34
69.11 73.01
68.92 72.54
68.71 72.28
