87.0 88.41
87.83 88.86
89.14 89.58
90.92 90.56
93.11 91.76
95.57 93.12
98.23 94.59
101.05 96.13
103.99 97.74
107.01 99.39
110.01 101.07
112.9 102.72
115.58 104.31
117.96 105.82
120.0 107.22
121.7 108.53
123.09 109.77
124.2 110.96
125.08 112.12
125.75 113.26
126.25 114.37
126.61 115.44
126.85 116.46
126.97 117.42
127.0 118.3
126.91 119.11
126.71 119.83
126.39 120.44
125.94 120.92
125.34 121.25
124.57 121.4
123.58 121.38
122.37 121.17
120.95 120.81
119.39 120.34
117.78 119.79
116.2 119.2
114.74 118.63
113.44 118.08
112.32 117.57
111.4 117.1
110.67 116.66
110.1 116.23
109.69 115.8
109.38 115.36
109.14 114.89
108.94 114.4
108.76 113.88
108.58 113.33
108.37 112.76
108.13 112.18
107.87 111.59
107.55 111.01
107.2 110.43
106.82 109.87
106.42 109.32
105.99 108.78
105.55 108.26
105.11 107.75
104.66 107.25
104.2 106.75
103.71 106.25
103.2 105.76
102.65 105.26
102.1 104.78
101.56 104.3
101.04 103.84
100.54 103.39
100.07 102.96
99.6 102.52
99.13 102.09
98.66 101.64
98.18 101.19
97.7 100.72
97.21 100.25
96.71 99.78
96.23 99.31
95.76 98.84
95.3 98.38
94.86 97.93
94.43 97.49
94.02 97.05
93.61 96.61
93.21 96.18
92.83 95.77
92.49 95.36
92.16 94.97
91.84 94.59
91.56 94.22
91.28 93.86
91.02 93.5
90.76 93.15
90.49 92.8
90.23 92.45
89.95 92.11
89.65 91.76
89.35 91.42
89.04 91.08
88.74 90.75
88.44 90.43
88.17 90.12
87.92 89.84
87.69 89.57
87.48 89.32
87.28 89.09
87.12 88.89
86.99 88.74
86.91 88.63
86.81 88.59
86.68 88.29
86.57 88.11
