90.0 90.23
92.42 91.58
96.17 93.68
101.35 96.59
107.89 100.27
115.56 104.57
123.97 109.25
132.57 114.02
140.72 118.54
147.82 122.51
153.39 125.73
157.2 128.13
159.3 129.77
160.0 130.85
159.68 131.63
158.77 132.37
157.63 133.28
156.48 134.48
155.5 135.97
154.75 137.71
154.23 139.59
153.9 141.5
153.68 143.3
153.48 144.92
153.22 146.28
152.81 147.31
152.16 148.0
151.2 148.31
149.82 148.23
147.92 147.77
145.46 146.91
142.38 145.66
138.72 144.05
134.58 142.13
130.17 139.98
125.75 137.72
121.6 135.49
118.0 133.42
115.12 131.62
113.03 130.13
111.73 128.93
111.1 127.98
110.98 127.18
111.21 126.44
111.62 125.68
112.05 124.83
112.37 123.85
112.5 122.73
112.42 121.49
112.09 120.15
111.56 118.76
110.88 117.38
110.11 116.05
109.29 114.8
108.46 113.66
107.65 112.62
106.84 111.67
106.02 110.77
105.21 109.92
104.38 109.08
103.52 108.25
102.64 107.42
101.76 106.59
100.89 105.78
100.05 104.99
99.28 104.24
98.58 103.54
97.95 102.89
97.37 102.3
96.86 101.76
96.44 101.28
96.11 100.84
95.87 100.43
95.67 100.03
95.49 99.61
95.27 99.17
95.03 98.68
94.74 98.17
94.43 97.63
94.13 97.11
93.83 96.62
93.54 96.18
93.27 95.79
93.03 95.45
92.81 95.16
92.63 94.9
92.48 94.65
92.34 94.41
92.2 94.15
92.06 93.89
91.91 93.6
91.72 93.3
91.47 92.98
91.15 92.65
90.78 92.32
90.38 92.0
89.98 91.69
89.61 91.42
89.27 91.17
89.0 90.94
88.78 90.74
88.63 90.57
88.59 90.46
88.68 90.44
89.03 90.58
89.7 90.96
90.89 91.63
92.36 92.54
