63.0 64.16
66.06 65.8
72.09 68.85
80.99 73.34
91.7 78.89
102.47 84.71
111.44 89.87
117.44 93.61
120.34 95.67
121.0 96.3
120.48 96.08
119.51 95.67
118.39 95.52
117.19 95.84
115.87 96.54
114.34 97.41
112.52 98.25
110.41 98.95
108.08 99.51
105.61 99.94
103.11 100.26
100.71 100.45
98.51 100.45
96.59 100.25
95.0 99.88
93.74 99.46
92.8 99.13
92.16 98.98
91.77 99.01
91.57 99.13
91.51 99.2
91.47 99.07
91.35 98.66
91.0 97.95
90.32 96.95
89.26 95.73
87.87 94.36
86.28 92.9
84.67 91.47
83.28 90.18
82.28 89.12
81.75 88.35
81.68 87.87
82.0 87.63
82.56 87.56
83.27 87.57
84.03 87.6
84.79 87.6
85.52 87.57
86.17 87.5
86.69 87.37
87.06 87.19
87.21 86.93
87.11 86.61
86.76 86.21
86.21 85.77
85.51 85.3
84.7 84.83
83.85 84.38
82.99 83.95
82.13 83.53
81.27 83.1
80.44 82.67
79.63 82.24
78.86 81.8
78.13 81.37
77.44 80.95
76.81 80.54
76.21 80.12
75.65 79.69
75.12 79.24
74.6 78.78
74.11 78.31
73.65 77.83
73.21 77.35
72.79 76.88
72.41 76.41
72.04 75.94
71.69 75.47
71.35 75.0
71.01 74.53
70.67 74.07
70.34 73.61
70.02 73.16
69.72 72.73
69.43 72.32
69.17 71.93
68.91 71.56
68.66 71.2
68.41 70.85
68.15 70.5
67.88 70.16
67.63 69.84
67.39 69.53
67.16 69.23
66.95 68.95
66.75 68.68
66.55 68.42
66.34 68.16
66.14 67.91
65.94 67.66
65.74 67.42
65.55 67.19
65.38 66.97
65.21 66.76
65.06 66.56
64.91 66.36
64.77 66.17
64.63 65.98
64.47 65.79
64.31 65.6
64.13 65.41
63.97 65.25
63.83 65.07
63.64 64.87
63.44 64.67
63.22 64.47
62.99 64.27
62.82 64.12
62.85 64.1
62.93 64.12
63.11 64.18
