48.99 56.59
56.08 60.33
67.29 67.27
84.92 77.22
107.85 88.96
130.03 101.03
149.8 112.03
167.17 120.87
180.29 126.97
188.06 130.36
191.0 131.58
190.13 131.3
186.37 130.22
180.53 128.83
173.33 127.47
165.34 126.35
156.99 125.58
148.58 125.21
140.34 125.17
132.47 125.31
125.05 125.38
118.15 125.14
111.8 124.38
105.95 123.01
100.47 121.07
95.21 118.7
90.07 116.04
85.08 113.22
80.26 110.29
75.75 107.29
71.71 104.29
68.26 101.32
65.51 98.43
63.51 95.68
62.28 93.14
61.77 90.8
61.95 88.67
62.67 86.76
63.77 85.03
65.1 83.44
66.54 81.93
67.9 80.46
69.08 79.01
70.01 77.57
70.63 76.14
70.93 74.75
70.89 73.4
70.54 72.11
69.94 70.9
69.11 69.76
68.09 68.7
66.97 67.71
65.77 66.81
64.53 65.98
63.3 65.22
62.09 64.52
60.93 63.86
59.81 63.23
58.76 62.63
57.78 62.02
56.83 61.41
55.89 60.78
54.99 60.13
54.13 59.48
53.33 58.82
52.63 58.16
52.02 57.41
51.31 56.5
49.84 55.54
47.53 54.64
45.03 54.31
41.52 53.9
