69.99 72.4
75.35 75.17
84.45 79.93
97.56 86.81
114.0 95.45
131.84 105.0
148.95 114.41
163.73 122.68
175.04 129.08
182.31 133.33
185.76 135.58
186.0 136.29
183.72 136.03
179.56 135.29
174.06 134.42
167.66 133.59
160.69 132.9
153.41 132.34
146.03 131.89
138.7 131.47
131.54 130.98
124.62 130.28
118.03 129.24
111.79 127.77
105.94 125.87
100.52 123.63
95.58 121.2
91.17 118.74
87.31 116.34
84.05 114.05
81.36 111.84
79.22 109.66
77.58 107.46
76.39 105.22
75.6 102.95
75.16 100.69
75.04 98.49
75.16 96.38
75.47 94.37
75.92 92.48
76.43 90.71
76.95 89.06
77.45 87.52
77.87 86.09
78.19 84.78
78.39 83.58
78.47 82.48
78.43 81.48
78.26 80.56
77.98 79.73
77.6 78.96
77.12 78.26
76.56 77.61
75.94 77.0
75.27 76.45
74.59 75.93
73.9 75.47
73.24 75.04
72.62 74.65
72.07 74.29
71.58 73.97
71.15 73.68
70.75 73.39
70.36 73.09
69.95 72.76
69.5 72.39
69.01 71.97
68.47 71.5
67.89 71.0
67.31 70.5
66.79 70.05
66.39 69.77
66.19 69.66
66.22 69.64
66.42 69.74
