72.0 71.97
73.52 72.81
75.89 74.11
79.18 75.91
83.32 78.17
88.1 80.79
93.2 83.62
98.33 86.47
103.16 89.17
107.4 91.59
110.85 93.63
113.39 95.26
115.04 96.51
115.86 97.45
116.0 98.15
115.6 98.72
114.83 99.24
113.84 99.78
112.72 100.36
111.56 101.0
110.43 101.69
109.36 102.38
108.37 103.05
107.49 103.67
106.71 104.22
106.05 104.69
105.49 105.07
105.01 105.37
104.57 105.59
104.17 105.72
103.76 105.77
103.31 105.71
102.77 105.53
102.1 105.22
101.24 104.74
100.19 104.1
98.95 103.31
97.59 102.4
96.18 101.42
94.84 100.44
93.63 99.52
92.61 98.68
91.8 97.95
91.2 97.34
90.81 96.82
90.61 96.39
90.57 96.02
90.66 95.7
90.85 95.4
91.08 95.12
91.31 94.83
91.49 94.52
91.62 94.19
91.65 93.82
91.6 93.42
91.44 93.0
91.19 92.57
90.85 92.13
90.43 91.7
89.95 91.26
89.44 90.84
88.92 90.43
88.41 90.04
87.92 89.67
87.45 89.33
87.0 88.99
86.55 88.67
86.12 88.34
85.69 88.01
85.24 87.66
84.78 87.29
84.31 86.91
83.81 86.5
83.31 86.09
82.83 85.68
82.37 85.28
81.95 84.89
81.57 84.52
81.24 84.17
80.94 83.82
80.65 83.48
80.39 83.15
80.12 82.81
79.87 82.47
79.6 82.12
79.32 81.77
79.03 81.41
78.74 81.05
78.43 80.7
78.13 80.34
77.85 80.0
77.57 79.67
77.32 79.37
77.08 79.08
76.86 78.8
76.65 78.54
76.44 78.28
76.22 78.02
76.01 77.77
75.79 77.51
75.57 77.25
75.35 77.0
75.14 76.75
74.93 76.51
74.73 76.28
74.54 76.06
74.36 75.84
74.2 75.64
74.07 75.46
73.96 75.28
73.87 75.12
73.78 74.97
73.68 74.81
73.56 74.64
73.41 74.47
73.24 74.28
73.05 74.08
72.86 73.89
72.68 73.71
72.52 73.54
72.39 73.39
72.29 73.27
72.21 73.15
72.13 73.04
72.05 72.92
71.96 72.8
71.87 72.68
71.77 72.56
71.67 72.44
71.63 72.35
71.52 72.31
71.26 72.16
71.02 71.96
70.79 71.76
70.53 71.56
70.33 71.31
70.31 71.2
70.29 71.13
70.29 71.07
70.27 71.0
70.26 70.93
70.26 70.87
70.32 70.84
70.35 70.88
70.24 70.81
70.15 70.72
70.13 70.67
70.07 70.67
69.97 70.55
70.01 70.51
70.01 70.51
69.94 70.47
69.85 70.34
69.82 70.3
