90.0 91.08
91.52 91.87
93.9 93.14
97.21 94.91
101.36 97.15
106.16 99.75
111.32 102.54
116.47 105.34
121.3 107.97
125.55 110.32
129.07 112.3
131.74 113.91
133.58 115.18
134.64 116.17
135.0 116.95
134.78 117.59
134.13 118.16
133.16 118.71
131.98 119.25
130.69 119.82
129.36 120.39
128.05 120.96
126.78 121.49
125.58 121.95
124.44 122.31
123.35 122.56
122.3 122.68
121.24 122.66
120.1 122.47
118.81 122.1
117.31 121.51
115.55 120.7
113.54 119.67
111.38 118.47
109.17 117.18
107.06 115.87
105.18 114.62
103.61 113.48
102.42 112.5
101.63 111.68
101.24 111.02
101.19 110.49
101.46 110.07
101.96 109.73
102.62 109.42
103.32 109.12
103.99 108.8
104.55 108.41
104.96 107.96
105.17 107.45
105.2 106.89
105.08 106.32
104.8 105.74
104.39 105.18
103.89 104.64
103.3 104.13
102.65 103.62
101.94 103.13
101.21 102.64
100.45 102.16
99.67 101.68
98.91 101.21
98.17 100.75
97.47 100.3
96.8 99.86
96.17 99.42
95.58 99.0
95.01 98.58
94.47 98.16
93.96 97.73
93.48 97.3
93.04 96.87
92.64 96.43
92.26 95.99
91.9 95.55
91.58 95.11
91.28 94.69
91.02 94.3
90.78 93.95
90.56 93.58
90.39 93.23
90.23 92.9
90.05 92.56
89.89 92.19
89.71 91.86
89.5 91.53
89.28 91.2
89.08 90.89
88.94 90.63
88.89 90.45
89.03 90.41
89.47 90.57
90.16 90.83
