72.0 72.94
73.39 73.7
75.58 74.9
78.57 76.54
82.27 78.57
86.49 80.89
91.01 83.38
95.61 85.89
100.03 88.3
104.0 90.47
107.28 92.32
109.73 93.79
111.3 94.87
112.0 95.6
111.91 96.04
111.16 96.27
109.9 96.39
108.3 96.46
106.51 96.54
104.65 96.66
102.83 96.83
101.11 97.03
99.53 97.24
98.12 97.43
96.88 97.6
95.8 97.71
94.88 97.77
94.07 97.74
93.35 97.63
92.68 97.42
92.01 97.09
91.28 96.65
90.45 96.07
89.5 95.37
88.45 94.56
87.35 93.67
86.26 92.75
85.25 91.84
84.38 90.99
83.67 90.2
83.15 89.52
82.82 88.93
82.69 88.44
82.75 88.05
82.98 87.75
83.35 87.52
83.83 87.35
84.37 87.23
84.93 87.12
85.46 87.03
85.95 86.93
86.34 86.81
86.64 86.68
86.83 86.54
86.9 86.37
86.86 86.2
86.72 86.01
86.48 85.81
86.16 85.59
85.75 85.35
85.27 85.11
84.74 84.85
84.16 84.58
83.57 84.31
82.98 84.04
82.41 83.78
81.88 83.53
81.4 83.29
80.96 83.06
80.57 82.83
80.22 82.61
79.89 82.37
79.58 82.12
79.28 81.86
78.99 81.58
78.69 81.27
78.38 80.95
78.05 80.61
77.72 80.27
77.4 79.91
77.09 79.57
76.8 79.23
76.53 78.91
76.29 78.61
76.07 78.32
75.85 78.04
75.65 77.76
75.44 77.48
75.23 77.21
75.03 76.94
74.83 76.67
74.64 76.42
74.45 76.17
74.28 75.93
74.1 75.7
73.91 75.47
73.73 75.25
73.57 75.05
73.42 74.86
73.29 74.68
73.16 74.5
73.02 74.32
72.89 74.14
72.7 73.99
72.43 73.77
72.18 73.54
72.07 73.43
72.12 73.23
72.35 73.06
