59.0 61.62
61.38 62.83
65.13 64.82
70.35 67.6
76.82 71.06
84.16 74.99
91.88 79.13
99.55 83.2
106.64 86.93
112.68 90.13
117.31 92.65
120.38 94.47
121.9 95.63
122.0 96.24
120.88 96.45
118.83 96.41
116.11 96.26
112.95 96.12
109.57 96.03
106.14 96.0
102.76 96.02
99.52 96.02
96.47 95.96
93.61 95.81
90.97 95.53
88.55 95.11
86.31 94.55
84.24 93.85
82.28 93.0
80.4 92.0
78.54 90.85
76.66 89.55
74.79 88.13
72.96 86.61
71.22 85.04
69.6 83.44
68.16 81.86
66.93 80.33
65.91 78.88
65.14 77.54
64.62 76.31
64.37 75.23
64.38 74.3
64.64 73.51
65.12 72.86
65.75 72.34
66.5 71.92
67.32 71.57
68.15 71.28
68.93 71.03
69.61 70.79
70.16 70.54
70.53 70.28
70.73 70.01
70.76 69.71
70.61 69.4
70.31 69.07
69.87 68.74
69.32 68.4
68.68 68.06
67.99 67.73
67.27 67.41
66.54 67.1
65.81 66.79
65.09 66.48
64.39 66.17
63.72 65.86
63.09 65.54
62.5 65.21
61.95 64.88
61.44 64.54
60.95 64.18
60.48 63.81
60.02 63.42
59.58 63.01
59.13 62.58
58.67 62.13
58.21 61.67
57.78 61.24
57.46 60.91
57.53 60.84
57.89 60.98
58.49 61.3
