87.0 87.8
88.18 88.43
90.01 89.42
92.53 90.78
95.69 92.49
99.35 94.48
103.34 96.64
107.45 98.87
111.41 101.03
115.03 103.03
118.12 104.8
120.6 106.29
122.44 107.54
123.72 108.57
124.5 109.46
124.89 110.26
125.0 111.05
124.89 111.84
124.64 112.65
124.29 113.49
123.89 114.33
123.43 115.14
122.94 115.9
122.44 116.59
121.94 117.21
121.44 117.74
120.96 118.19
120.49 118.56
120.03 118.86
119.58 119.09
119.13 119.26
118.68 119.36
118.2 119.37
117.65 119.27
116.98 119.03
116.13 118.64
115.09 118.09
113.87 117.4
112.54 116.59
111.15 115.72
109.81 114.86
108.62 114.04
107.64 113.33
106.9 112.73
106.42 112.25
106.18 111.88
106.14 111.58
106.25 111.33
106.44 111.1
106.67 110.85
106.89 110.58
107.06 110.28
107.16 109.93
107.19 109.55
107.13 109.15
107.0 108.74
106.79 108.33
106.52 107.93
106.21 107.54
105.87 107.18
105.5 106.83
105.12 106.49
104.7 106.15
104.26 105.81
103.78 105.44
103.27 105.07
102.74 104.69
102.21 104.3
101.68 103.92
101.16 103.55
100.68 103.19
100.23 102.85
99.82 102.52
99.45 102.21
99.1 101.89
98.77 101.57
98.43 101.24
98.09 100.89
97.73 100.53
97.37 100.15
97.0 99.76
96.65 99.38
96.32 99.0
96.01 98.64
95.73 98.3
95.5 97.99
95.29 97.7
95.12 97.42
94.96 97.16
94.81 96.9
94.64 96.64
94.46 96.37
94.26 96.1
94.06 95.83
93.86 95.56
93.66 95.3
93.47 95.05
93.29 94.82
93.11 94.6
92.93 94.38
92.75 94.17
92.55 93.96
92.36 93.74
92.15 93.52
91.93 93.3
91.71 93.08
91.48 92.86
91.24 92.64
91.02 92.43
90.81 92.23
90.64 92.05
90.51 91.89
90.4 91.75
90.31 91.61
90.22 91.48
90.12 91.33
90.01 91.18
89.87 91.01
89.73 90.84
89.58 90.66
89.42 90.49
89.26 90.31
89.09 90.14
88.92 89.97
88.75 89.8
88.57 89.63
88.38 89.46
88.18 89.29
87.98 89.11
87.78 88.94
87.61 88.79
87.49 88.69
87.3 88.64
87.21 88.55
87.17 88.51
87.24 88.57
87.43 88.72
