80.0 82.54
83.56 84.52
89.63 87.83
98.28 92.5
109.05 98.28
120.95 104.7
132.9 111.17
143.88 117.13
153.13 122.12
160.15 125.92
164.73 128.5
166.92 130.0
167.0 130.67
165.34 130.77
162.36 130.54
158.45 130.18
153.91 129.82
149.01 129.54
143.95 129.36
138.88 129.24
133.87 129.09
128.98 128.79
124.2 128.23
119.52 127.35
114.95 126.11
110.52 124.57
106.28 122.8
102.3 120.91
98.67 118.96
95.41 117.02
92.58 115.11
90.2 113.24
88.3 111.43
86.87 109.67
85.89 107.97
85.34 106.34
85.17 104.79
85.3 103.31
85.68 101.91
86.23 100.57
86.88 99.3
87.55 98.09
88.16 96.93
88.68 95.83
89.07 94.79
89.34 93.81
89.46 92.89
89.43 92.03
89.27 91.22
88.99 90.47
88.6 89.78
88.14 89.15
87.64 88.58
87.1 88.07
86.56 87.61
86.0 87.2
85.45 86.82
84.9 86.48
84.37 86.15
83.86 85.84
83.38 85.54
82.9 85.24
82.43 84.92
81.94 84.59
81.44 84.22
80.9 83.83
80.36 83.45
79.9 83.14
79.49 82.96
79.17 82.81
79.12 82.86
79.03 83.11
