68.99 70.68
70.29 71.34
72.35 72.42
75.2 73.94
78.78 75.84
82.86 78.01
87.16 80.29
91.38 82.54
95.29 84.61
98.73 86.47
101.66 88.08
104.09 89.5
106.07 90.78
107.63 91.96
108.77 93.06
109.51 94.11
109.9 95.1
110.0 96.07
109.9 97.01
109.66 97.95
109.33 98.87
108.94 99.76
108.52 100.6
108.04 101.34
107.53 101.98
106.97 102.51
106.38 102.93
105.76 103.27
105.13 103.53
104.5 103.73
103.84 103.85
103.17 103.88
102.46 103.79
101.63 103.55
100.66 103.16
99.5 102.59
98.16 101.87
96.65 101.02
95.06 100.09
93.49 99.12
92.02 98.16
90.72 97.26
89.6 96.43
88.69 95.69
87.96 95.01
87.4 94.4
86.98 93.82
86.68 93.26
86.46 92.71
86.29 92.15
86.12 91.57
85.94 90.97
85.74 90.37
85.52 89.77
85.3 89.18
85.06 88.62
84.8 88.08
84.52 87.57
84.21 87.07
83.87 86.58
83.53 86.11
83.17 85.63
82.77 85.16
82.35 84.68
81.88 84.2
81.37 83.73
80.85 83.26
80.33 82.8
79.81 82.35
79.29 81.92
78.79 81.5
78.31 81.1
77.84 80.7
77.39 80.29
76.93 79.89
76.47 79.47
76.02 79.04
75.59 78.62
75.19 78.21
74.82 77.81
74.48 77.42
74.16 77.03
73.82 76.65
73.48 76.26
73.14 75.88
72.79 75.49
72.46 75.11
72.14 74.74
71.84 74.38
71.55 74.02
71.25 73.66
70.93 73.3
70.61 72.94
70.26 72.58
69.92 72.22
69.59 71.87
69.26 71.53
68.95 71.21
68.7 70.94
68.54 70.74
68.55 70.65
68.74 70.65
69.06 70.74
