67.0 68.79
68.73 69.8
72.07 71.6
77.0 74.19
83.04 77.36
89.4 80.71
95.16 83.8
99.67 86.27
102.86 88.05
105.09 89.26
106.78 90.17
108.24 91.04
109.49 92.02
110.46 93.12
110.99 94.24
111.0 95.23
110.43 96.02
109.35 96.57
107.82 96.91
105.96 97.11
103.88 97.2
101.69 97.18
99.45 97.03
97.25 96.74
95.15 96.34
93.21 95.89
91.43 95.46
89.84 95.07
88.4 94.72
87.04 94.32
85.7 93.78
84.32 93.03
82.88 92.08
81.42 90.95
80.01 89.75
78.71 88.54
77.6 87.41
76.69 86.36
76.0 85.42
75.5 84.56
75.17 83.77
74.99 83.04
74.95 82.38
75.05 81.78
75.27 81.24
75.57 80.76
75.93 80.34
76.32 79.95
76.69 79.59
77.01 79.25
77.28 78.93
77.49 78.63
77.62 78.36
77.67 78.1
77.64 77.85
77.53 77.6
77.32 77.35
77.03 77.08
76.68 76.8
76.3 76.53
75.9 76.27
75.49 76.04
75.1 75.83
74.71 75.63
74.31 75.43
73.9 75.23
73.49 75.0
73.08 74.77
72.68 74.53
72.31 74.28
71.95 74.04
71.62 73.79
71.32 73.55
71.03 73.3
70.76 73.04
70.51 72.78
70.28 72.52
70.03 72.25
69.78 71.97
69.52 71.69
69.24 71.39
68.95 71.08
68.65 70.76
68.35 70.44
68.05 70.13
67.78 69.86
67.61 69.67
67.59 69.56
67.62 69.53
67.71 69.62
