68.0 68.91
70.12 70.05
73.65 71.94
78.56 74.59
84.6 77.85
91.28 81.5
98.05 85.24
104.5 88.81
110.3 92.01
115.19 94.72
118.98 96.89
121.54 98.52
122.86 99.66
123.0 100.36
122.08 100.7
120.33 100.78
117.96 100.72
115.21 100.63
112.32 100.6
109.47 100.67
106.78 100.83
104.34 101.06
102.19 101.3
100.34 101.51
98.77 101.67
97.51 101.76
96.5 101.81
95.74 101.81
95.18 101.76
94.76 101.63
94.41 101.4
94.02 101.02
93.52 100.47
92.82 99.73
91.92 98.83
90.83 97.78
89.65 96.64
88.47 95.48
87.37 94.35
86.42 93.3
85.65 92.37
85.07 91.55
84.69 90.87
84.52 90.3
84.54 89.85
84.73 89.5
85.05 89.23
85.46 89.01
85.92 88.84
86.38 88.67
86.82 88.51
87.2 88.34
87.5 88.16
87.7 87.97
87.78 87.77
87.74 87.55
87.59 87.31
87.31 87.05
86.92 86.75
86.43 86.42
85.86 86.07
85.22 85.71
84.55 85.33
83.85 84.96
83.15 84.59
82.46 84.22
81.77 83.85
81.1 83.48
80.45 83.09
79.8 82.69
79.16 82.28
78.56 81.86
77.99 81.44
77.44 81.01
76.93 80.57
76.47 80.14
76.04 79.72
75.65 79.3
75.3 78.88
74.97 78.46
74.65 78.04
74.32 77.62
74.0 77.19
73.66 76.75
73.32 76.31
72.99 75.88
72.68 75.47
72.4 75.07
72.14 74.7
71.89 74.34
71.64 73.99
71.38 73.65
71.12 73.31
70.85 72.98
70.59 72.65
70.34 72.34
70.09 72.03
69.83 71.73
69.58 71.44
69.33 71.15
69.09 70.88
68.87 70.61
68.68 70.37
68.51 70.15
68.37 69.95
68.23 69.75
68.1 69.56
67.98 69.37
67.84 69.17
67.69 68.97
67.53 68.77
67.36 68.56
67.17 68.35
66.96 68.13
66.73 67.91
66.5 67.69
66.26 67.48
66.1 67.33
66.03 67.19
65.85 66.93
65.62 66.72
65.4 66.39
