63.99 69.44
69.35 72.15
78.31 76.79
90.8 83.34
106.02 91.36
122.37 100.08
138.18 108.65
152.27 116.27
163.72 122.41
172.07 126.89
177.31 129.82
179.77 131.53
180.0 132.46
178.59 133.0
176.01 133.44
172.51 133.93
168.31 134.53
163.63 135.24
158.65 136.02
153.54 136.79
148.43 137.42
143.35 137.79
138.31 137.76
133.3 137.25
128.29 136.25
123.27 134.81
118.3 133.05
113.47 131.09
108.89 129.04
104.66 126.96
100.86 124.88
97.55 122.79
94.74 120.69
92.41 118.56
90.58 116.42
89.19 114.28
88.21 112.17
87.56 110.11
87.18 108.12
87.0 106.2
86.97 104.35
87.02 102.57
87.12 100.87
87.22 99.24
87.26 97.7
87.2 96.23
87.04 94.83
86.74 93.49
86.3 92.2
85.75 90.96
85.09 89.76
84.29 88.6
83.39 87.48
82.4 86.4
81.34 85.38
80.25 84.41
79.2 83.5
78.17 82.65
77.17 81.85
76.2 81.09
75.27 80.36
74.36 79.64
73.49 78.92
72.66 78.2
71.84 77.46
71.02 76.7
70.18 75.91
69.3 75.09
68.37 74.23
67.36 73.31
66.28 72.36
65.16 71.38
64.14 70.49
63.46 69.87
63.21 69.5
63.2 69.37
63.71 69.59
