70.99 73.48
73.57 74.77
77.6 76.88
83.05 79.83
89.84 83.49
97.58 87.65
105.69 92.04
113.73 96.36
121.18 100.3
127.4 103.62
131.95 106.16
134.76 107.92
136.0 109.0
135.96 109.61
135.0 109.95
133.4 110.22
131.39 110.56
129.11 111.02
126.69 111.6
124.26 112.24
121.9 112.9
119.65 113.5
117.53 114.01
115.55 114.38
113.68 114.58
111.85 114.56
109.99 114.29
108.03 113.77
105.92 112.98
103.66 111.96
101.3 110.77
98.92 109.46
96.58 108.08
94.37 106.67
92.37 105.26
90.61 103.86
89.13 102.51
87.96 101.22
87.1 100.01
86.51 98.9
86.16 97.86
86.01 96.9
85.99 95.98
86.04 95.1
86.14 94.25
86.24 93.42
86.32 92.61
86.36 91.84
86.36 91.1
86.32 90.4
86.24 89.73
86.09 89.1
85.87 88.49
85.58 87.9
85.19 87.32
84.72 86.75
84.18 86.19
83.59 85.65
82.98 85.12
82.35 84.61
81.72 84.12
81.11 83.65
80.54 83.21
79.98 82.79
79.46 82.39
78.96 81.99
78.46 81.58
77.95 81.16
77.42 80.72
76.89 80.27
76.36 79.8
75.83 79.32
75.31 78.85
74.82 78.39
74.39 77.95
74.0 77.52
73.64 77.1
73.31 76.69
72.99 76.28
72.63 75.85
72.25 75.41
71.88 74.99
71.49 74.65
71.14 74.32
70.93 73.99
70.69 73.74
