60.99 61.5
62.83 62.52
65.79 64.16
69.94 66.44
75.17 69.31
81.14 72.59
87.43 76.05
93.59 79.44
99.19 82.52
103.86 85.1
107.29 87.06
109.33 88.38
110.0 89.09
109.41 89.3
107.83 89.15
105.52 88.81
102.78 88.44
99.86 88.15
97.01 88.03
94.4 88.12
92.16 88.39
90.35 88.82
89.01 89.34
88.1 89.91
87.55 90.45
87.31 90.95
87.32 91.37
87.49 91.7
87.77 91.95
88.1 92.09
88.37 92.11
88.52 91.99
88.46 91.71
88.11 91.25
87.45 90.6
86.5 89.79
85.34 88.85
84.12 87.88
82.96 86.95
81.98 86.13
81.27 85.48
80.85 85.01
80.71 84.71
80.81 84.55
81.11 84.48
81.55 84.48
82.07 84.51
82.63 84.55
83.17 84.57
83.66 84.57
84.09 84.53
84.41 84.45
84.59 84.32
84.61 84.14
84.47 83.91
84.15 83.63
83.67 83.31
83.07 82.95
82.36 82.55
81.58 82.14
80.76 81.7
79.91 81.26
79.08 80.83
78.28 80.4
77.54 80.0
76.86 79.62
76.26 79.26
75.73 78.92
75.29 78.6
74.9 78.28
74.56 77.96
74.26 77.63
73.98 77.3
73.7 76.95
73.43 76.6
73.19 76.24
72.94 75.88
72.7 75.51
72.46 75.15
72.21 74.77
71.94 74.39
71.65 74.01
71.34 73.62
71.03 73.24
70.72 72.87
70.41 72.51
70.12 72.17
69.85 71.86
69.6 71.56
69.38 71.28
69.17 71.02
68.98 70.77
68.8 70.53
68.61 70.3
68.43 70.06
68.24 69.83
68.05 69.59
67.87 69.36
67.68 69.13
67.51 68.91
67.36 68.7
67.22 68.51
67.09 68.32
66.96 68.15
66.8 67.96
66.62 67.77
66.4 67.56
66.14 67.33
65.86 67.09
65.57 66.84
65.29 66.59
65.01 66.35
64.76 66.13
64.53 65.91
64.33 65.71
64.14 65.52
63.97 65.34
63.81 65.17
63.66 65.0
63.5 64.82
63.34 64.64
63.16 64.45
62.96 64.24
62.74 64.02
62.51 63.8
62.29 63.58
62.08 63.37
61.89 63.17
61.72 62.99
61.57 62.82
61.42 62.66
61.28 62.49
61.15 62.33
61.02 62.17
60.89 62.01
60.77 61.84
60.63 61.68
60.49 61.52
60.35 61.35
60.19 61.18
60.01 61.0
59.82 60.82
59.62 60.64
59.42 60.46
59.22 60.28
59.03 60.11
58.88 59.95
58.8 59.85
58.89 59.83
58.98 59.76
58.87 59.62
58.72 59.57
58.28 59.17
57.79 58.72
57.11 58.36
