65.0 67.05
67.23 68.22
70.84 70.14
75.88 72.82
82.14 76.16
89.21 79.96
96.58 83.93
103.75 87.79
110.29 91.29
115.79 94.26
119.99 96.58
122.73 98.24
124.0 99.28
123.89 99.81
122.67 99.96
120.6 99.88
117.96 99.75
115.06 99.67
112.12 99.74
109.33 99.97
106.79 100.36
104.54 100.83
102.62 101.31
101.0 101.75
99.67 102.12
98.63 102.39
97.86 102.58
97.3 102.68
96.88 102.69
96.51 102.58
96.11 102.31
95.56 101.86
94.79 101.21
93.78 100.35
92.53 99.31
91.12 98.14
89.68 96.93
88.35 95.74
87.24 94.65
86.4 93.71
85.87 92.93
85.62 92.33
85.63 91.87
85.85 91.53
86.28 91.3
86.87 91.15
87.55 91.04
88.26 90.95
88.93 90.85
89.49 90.71
89.88 90.52
90.08 90.26
90.08 89.94
89.88 89.57
89.5 89.17
88.97 88.74
88.31 88.3
87.57 87.86
86.77 87.41
85.93 86.95
85.07 86.49
84.19 86.02
83.3 85.55
82.42 85.07
81.54 84.58
80.69 84.09
79.89 83.59
79.14 83.09
78.44 82.6
77.8 82.1
77.21 81.61
76.67 81.13
76.18 80.64
75.73 80.16
75.32 79.68
74.95 79.2
74.59 78.71
74.24 78.22
73.89 77.72
73.51 77.2
73.09 76.67
72.66 76.13
72.22 75.61
71.81 75.1
71.45 74.62
71.13 74.18
70.84 73.76
70.56 73.36
70.26 72.97
69.96 72.58
69.63 72.18
69.28 71.77
68.89 71.35
68.47 70.92
68.01 70.48
67.56 70.07
67.07 69.6
66.51 69.09
66.04 68.63
65.55 68.15
64.92 67.62
64.36 67.16
63.94 66.78
63.52 66.38
63.18 66.05
63.08 65.82
63.12 65.67
63.22 65.53
