65.0 67.55
67.86 69.16
72.56 71.78
79.17 75.43
87.41 79.94
96.76 85.04
106.58 90.38
116.26 95.61
125.25 100.43
133.12 104.66
139.57 108.22
144.47 111.09
147.77 113.35
149.56 115.08
150.0 116.39
149.23 117.37
147.45 118.12
144.84 118.69
141.57 119.13
137.78 119.42
133.62 119.56
129.23 119.51
124.7 119.23
120.14 118.72
115.65 117.99
111.26 117.04
107.02 115.91
102.94 114.61
99.0 113.14
95.23 111.53
91.68 109.77
88.39 107.92
85.43 106.0
82.86 104.07
80.71 102.17
78.98 100.3
77.62 98.49
76.6 96.72
75.86 94.99
75.35 93.3
75.02 91.66
74.83 90.07
74.75 88.54
74.73 87.07
74.76 85.68
74.8 84.37
74.83 83.13
74.84 81.98
74.81 80.91
74.74 79.93
74.62 79.03
74.45 78.21
74.24 77.46
73.97 76.78
73.67 76.14
73.32 75.55
72.94 75.0
72.54 74.49
72.12 74.02
71.7 73.59
71.27 73.19
70.84 72.81
70.39 72.44
69.94 72.08
69.47 71.71
68.99 71.34
68.49 70.96
68.0 70.57
67.5 70.17
67.01 69.77
66.51 69.36
66.02 68.95
65.52 68.53
65.04 68.12
64.61 67.77
64.36 67.6
64.45 67.59
64.89 67.72
