81.0 81.96
82.23 82.63
84.18 83.7
86.84 85.16
90.14 86.97
93.93 89.03
97.99 91.25
102.14 93.51
106.21 95.73
110.03 97.84
113.51 99.8
116.57 101.6
119.19 103.26
121.34 104.78
123.04 106.19
124.32 107.5
125.21 108.74
125.75 109.91
126.0 111.03
125.97 112.09
125.72 113.07
125.26 113.96
124.64 114.75
123.88 115.43
123.02 116.0
122.07 116.46
121.08 116.83
120.05 117.11
119.01 117.3
117.96 117.41
116.91 117.42
115.85 117.33
114.76 117.11
113.6 116.75
112.34 116.24
110.91 115.54
109.3 114.67
107.56 113.66
105.75 112.54
103.98 111.4
102.39 110.29
101.04 109.28
99.98 108.39
99.2 107.61
98.65 106.91
98.27 106.28
98.01 105.66
97.82 105.03
97.67 104.4
97.54 103.74
97.41 103.08
97.27 102.42
97.11 101.76
96.92 101.11
96.7 100.47
96.44 99.84
96.14 99.25
95.8 98.68
95.43 98.15
95.05 97.63
94.64 97.13
94.21 96.65
93.77 96.16
93.31 95.68
92.84 95.22
92.38 94.77
91.92 94.33
91.47 93.92
91.03 93.52
90.61 93.13
90.19 92.76
89.79 92.39
89.41 92.03
89.04 91.67
88.69 91.31
88.35 90.96
88.02 90.61
87.7 90.27
87.41 89.93
87.13 89.6
86.88 89.28
86.64 88.97
86.4 88.66
86.17 88.36
85.94 88.06
85.7 87.75
85.46 87.45
85.23 87.15
84.99 86.86
84.76 86.57
84.54 86.3
84.32 86.04
84.1 85.78
83.89 85.53
83.69 85.29
83.51 85.06
83.35 84.85
83.21 84.65
83.08 84.47
82.96 84.29
82.84 84.11
82.7 83.92
82.54 83.73
82.37 83.53
82.19 83.33
82.0 83.13
81.8 82.92
81.6 82.72
81.39 82.52
81.17 82.32
80.95 82.12
80.74 81.93
80.55 81.74
80.37 81.56
80.2 81.39
80.06 81.24
79.95 81.13
79.78 81.04
79.57 80.87
79.45 80.62
79.16 80.29
