80.99 83.98
84.36 85.86
89.72 88.87
97.23 93.0
106.56 98.12
117.3 103.96
128.83 110.11
140.16 116.06
150.23 121.34
158.27 125.6
163.88 128.67
167.04 130.59
168.0 131.56
167.15 131.87
164.94 131.84
161.75 131.7
157.9 131.6
153.63 131.6
149.13 131.68
144.53 131.77
139.9 131.78
135.25 131.63
130.62 131.23
126.03 130.54
121.54 129.56
117.22 128.31
113.17 126.86
109.45 125.28
106.12 123.65
103.19 122.04
100.66 120.47
98.52 118.93
96.77 117.41
95.4 115.88
94.36 114.33
93.64 112.76
93.18 111.2
92.94 109.65
92.85 108.13
92.88 106.65
92.97 105.22
93.08 103.84
93.18 102.52
93.25 101.27
93.25 100.09
93.16 98.97
92.99 97.92
92.73 96.92
92.37 95.97
91.94 95.09
91.45 94.26
90.88 93.48
90.27 92.75
89.63 92.06
88.95 91.42
88.27 90.82
87.61 90.25
86.96 89.71
86.34 89.2
85.73 88.71
85.12 88.23
84.53 87.75
83.94 87.27
83.37 86.79
82.82 86.31
82.29 85.82
81.78 85.33
81.26 84.83
80.72 84.3
80.13 83.73
79.46 83.14
78.77 82.59
78.21 82.21
77.88 82.04
78.37 82.09
79.33 82.5
