69.0 70.79
69.83 71.22
71.12 71.9
72.87 72.83
75.02 73.97
77.52 75.3
80.28 76.74
83.19 78.26
86.12 79.77
88.9 81.2
91.39 82.51
93.46 83.63
95.04 84.56
96.13 85.3
96.76 85.89
97.0 86.37
96.92 86.78
96.6 87.18
96.12 87.56
95.51 87.94
94.82 88.32
94.09 88.68
93.34 89.0
92.57 89.28
91.8 89.5
91.04 89.66
90.28 89.75
89.53 89.77
88.77 89.7
88.0 89.54
87.19 89.29
86.3 88.93
85.31 88.47
84.23 87.9
83.07 87.25
81.88 86.53
80.72 85.78
79.63 85.03
78.64 84.31
77.79 83.63
77.09 83.0
76.52 82.41
76.08 81.86
75.76 81.36
75.54 80.87
75.4 80.42
75.33 79.98
75.3 79.56
75.3 79.15
75.32 78.75
75.33 78.36
75.33 77.99
75.3 77.63
75.25 77.28
75.17 76.94
75.05 76.62
74.9 76.3
74.73 76.0
74.52 75.7
74.28 75.4
74.03 75.12
73.77 74.85
73.5 74.59
73.21 74.34
72.93 74.1
72.63 73.86
72.33 73.62
72.01 73.37
71.67 73.11
71.32 72.84
70.95 72.56
70.56 72.26
70.17 71.97
69.78 71.67
69.4 71.38
69.06 71.11
68.79 70.89
68.64 70.76
68.73 70.73
68.88 70.76
