75.0 76.94
77.99 78.49
83.11 81.18
90.36 85.01
99.22 89.72
108.72 94.87
117.9 99.93
126.04 104.43
132.6 108.03
137.3 110.62
140.06 112.23
141.0 113.02
140.35 113.21
138.49 113.03
135.78 112.69
132.54 112.34
129.02 112.09
125.37 111.98
121.73 112.0
118.14 112.1
114.64 112.16
111.23 112.09
107.92 111.79
104.75 111.22
101.75 110.43
98.99 109.47
96.54 108.46
94.46 107.46
92.8 106.55
91.58 105.75
90.79 105.04
90.4 104.39
90.34 103.79
90.54 103.2
90.92 102.58
91.4 101.92
91.88 101.19
92.29 100.37
92.56 99.48
92.64 98.52
92.52 97.5
92.2 96.46
91.7 95.41
91.05 94.38
90.29 93.39
89.45 92.46
88.59 91.59
87.73 90.8
86.89 90.07
86.11 89.41
85.37 88.8
84.67 88.24
84.0 87.71
83.38 87.19
82.8 86.7
82.26 86.22
81.77 85.75
81.31 85.29
80.88 84.83
80.46 84.37
80.04 83.92
79.63 83.46
79.23 82.99
78.84 82.54
78.5 82.09
78.2 81.67
77.93 81.26
77.71 80.88
77.51 80.51
77.29 80.14
77.05 79.76
76.77 79.36
76.45 78.95
76.08 78.53
75.72 78.14
75.4 77.78
75.2 77.45
74.9 77.06
74.53 76.67
74.24 76.2
