73.0 75.93
75.72 77.36
80.44 79.83
87.19 83.33
95.39 87.65
104.19 92.41
112.94 97.25
121.28 101.85
129.03 106.06
136.13 109.86
142.5 113.27
147.84 116.3
151.8 118.89
154.15 121.0
155.0 122.61
154.58 123.77
153.17 124.61
151.02 125.25
148.3 125.8
145.15 126.3
141.71 126.73
138.09 127.03
134.38 127.13
130.68 127.02
127.04 126.7
123.48 126.2
120.02 125.55
116.61 124.75
113.22 123.74
109.84 122.48
106.44 120.94
103.03 119.13
99.67 117.11
96.45 114.96
93.42 112.76
90.66 110.56
88.25 108.41
86.21 106.33
84.54 104.35
83.27 102.47
82.36 100.72
81.8 99.12
81.53 97.64
81.52 96.29
81.7 95.03
82.01 93.85
82.39 92.74
82.79 91.68
83.16 90.66
83.49 89.71
83.78 88.82
84.0 88.01
84.16 87.29
84.27 86.65
84.31 86.08
84.25 85.56
84.08 85.07
83.78 84.59
83.37 84.1
82.87 83.62
82.35 83.17
81.84 82.74
81.37 82.38
80.97 82.07
80.62 81.81
80.27 81.59
79.93 81.38
79.56 81.17
79.14 80.93
78.68 80.65
78.18 80.33
77.64 79.97
77.08 79.58
76.5 79.15
75.93 78.7
75.35 78.23
74.77 77.76
74.21 77.29
73.66 76.84
73.19 76.46
72.61 76.14
72.09 75.81
71.67 75.53
71.32 75.32
71.08 74.98
