76.0 77.26
77.37 77.97
79.49 79.11
82.4 80.68
86.01 82.64
90.2 84.92
94.79 87.41
99.55 89.98
104.2 92.48
108.44 94.77
111.99 96.73
114.64 98.28
116.3 99.4
117.0 100.11
116.87 100.51
116.1 100.73
114.9 100.86
113.43 101.02
111.83 101.23
110.2 101.51
108.61 101.84
107.08 102.19
105.64 102.51
104.32 102.79
103.13 103.01
102.04 103.15
101.06 103.2
100.15 103.13
99.25 102.95
98.31 102.62
97.3 102.15
96.21 101.56
95.05 100.87
93.87 100.11
92.71 99.31
91.64 98.49
90.67 97.67
89.84 96.89
89.17 96.15
88.66 95.47
88.32 94.85
88.13 94.29
88.07 93.79
88.11 93.33
88.21 92.91
88.35 92.5
88.48 92.1
88.6 91.7
88.68 91.31
88.72 90.93
88.7 90.55
88.62 90.18
88.47 89.83
88.26 89.47
87.99 89.12
87.67 88.77
87.32 88.43
86.95 88.09
86.55 87.76
86.15 87.44
85.73 87.12
85.31 86.81
84.88 86.5
84.43 86.19
83.98 85.88
83.53 85.56
83.08 85.24
82.64 84.91
82.22 84.59
81.83 84.27
81.46 83.95
81.12 83.63
80.79 83.32
80.49 83.01
80.21 82.71
79.95 82.42
79.71 82.13
79.47 81.83
79.24 81.54
79.01 81.24
78.77 80.93
78.53 80.62
78.28 80.31
78.03 80.0
77.77 79.7
77.51 79.39
77.26 79.1
76.99 78.8
76.72 78.52
76.44 78.23
76.14 77.94
75.83 77.65
75.56 77.39
75.39 77.16
75.21 76.96
75.05 76.86
75.16 76.81
75.14 76.86
