70.0 71.38
71.05 71.93
72.69 72.8
74.92 73.99
77.67 75.46
80.81 77.14
84.18 78.94
87.63 80.77
90.97 82.53
94.04 84.17
96.73 85.63
98.94 86.9
100.62 87.97
101.81 88.88
102.54 89.66
102.91 90.36
103.0 91.01
102.87 91.66
102.59 92.32
102.21 92.99
101.77 93.65
101.29 94.29
100.79 94.89
100.29 95.44
99.78 95.91
99.27 96.32
98.74 96.64
98.21 96.88
97.64 97.03
97.03 97.09
96.37 97.04
95.61 96.88
94.73 96.58
93.7 96.14
92.51 95.56
91.18 94.87
89.79 94.08
88.4 93.26
87.09 92.45
85.93 91.67
84.93 90.96
84.12 90.32
83.48 89.73
82.99 89.2
82.64 88.69
82.4 88.21
82.23 87.74
82.12 87.27
82.06 86.82
82.02 86.37
82.0 85.92
81.96 85.47
81.9 85.02
81.79 84.58
81.65 84.14
81.45 83.71
81.2 83.28
80.91 82.86
80.59 82.44
80.23 82.03
79.85 81.63
79.46 81.23
79.06 80.85
78.65 80.48
78.24 80.12
77.82 79.77
77.41 79.43
77.01 79.1
76.62 78.78
76.24 78.46
75.88 78.15
75.53 77.84
75.21 77.54
74.9 77.24
74.61 76.94
74.32 76.64
74.05 76.34
73.78 76.05
73.52 75.75
73.27 75.46
73.03 75.17
72.8 74.88
72.56 74.59
72.32 74.31
72.07 74.01
71.8 73.71
71.5 73.4
71.2 73.09
70.88 72.78
70.57 72.47
70.29 72.18
70.04 71.92
69.83 71.7
69.71 71.55
69.74 71.49
69.91 71.56
70.2 71.74
