85.0 85.77
86.5 86.6
88.99 87.95
92.46 89.83
96.72 92.14
101.44 94.72
106.24 97.35
110.75 99.81
114.62 101.94
117.64 103.62
119.69 104.82
120.77 105.57
121.0 105.97
120.54 106.14
119.59 106.18
118.32 106.22
116.89 106.3
115.4 106.48
113.94 106.77
112.61 107.15
111.44 107.6
110.51 108.09
109.8 108.59
109.32 109.08
109.02 109.51
108.82 109.86
108.64 110.1
108.39 110.2
107.99 110.13
107.38 109.88
106.52 109.46
105.48 108.88
104.32 108.2
103.17 107.49
102.12 106.79
101.26 106.16
100.62 105.62
100.17 105.17
99.91 104.79
99.78 104.47
99.76 104.18
99.82 103.91
99.93 103.65
100.08 103.4
100.26 103.15
100.45 102.91
100.63 102.66
100.78 102.41
100.87 102.16
100.87 101.89
100.75 101.61
100.51 101.3
100.16 100.96
99.73 100.61
99.25 100.24
98.74 99.86
98.23 99.49
97.71 99.13
97.18 98.78
96.65 98.43
96.13 98.1
95.64 97.79
95.22 97.5
94.87 97.23
94.61 97.01
94.4 96.8
94.23 96.6
94.06 96.4
93.89 96.18
93.71 95.94
93.53 95.68
93.35 95.42
93.18 95.17
93.02 94.91
92.85 94.65
92.64 94.38
92.38 94.09
92.07 93.77
91.72 93.44
91.36 93.12
91.05 92.82
90.79 92.55
90.59 92.32
90.44 92.12
90.33 91.94
90.21 91.76
90.09 91.58
89.95 91.4
89.81 91.21
89.67 91.02
89.53 90.84
89.4 90.67
89.28 90.5
89.17 90.34
89.05 90.17
88.91 89.99
88.74 89.81
88.54 89.61
88.32 89.41
88.1 89.21
87.9 89.03
87.73 88.86
87.58 88.7
87.43 88.54
87.28 88.39
87.12 88.24
86.97 88.09
86.83 87.95
86.72 87.81
86.64 87.7
86.58 87.6
86.54 87.51
86.53 87.43
86.53 87.35
86.52 87.27
86.5 87.18
86.44 87.08
86.34 86.96
86.2 86.82
86.03 86.66
85.82 86.48
85.58 86.28
85.3 86.08
85.0 85.87
84.74 85.72
84.66 85.7
84.49 85.73
84.43 85.85
