83.0 85.18
84.66 86.11
87.37 87.64
91.2 89.77
96.04 92.42
101.57 95.4
107.37 98.48
112.97 101.4
117.97 103.93
122.02 105.94
124.91 107.37
126.55 108.23
127.0 108.62
126.42 108.67
125.08 108.53
123.23 108.33
121.1 108.2
118.88 108.2
116.74 108.35
114.75 108.64
112.96 109.02
111.37 109.38
109.88 109.62
108.4 109.66
106.8 109.44
105.03 108.94
103.12 108.22
101.17 107.34
99.3 106.43
97.65 105.57
96.34 104.84
95.42 104.26
94.87 103.82
94.69 103.51
94.83 103.26
95.21 103.04
95.72 102.79
96.28 102.49
96.8 102.11
97.22 101.65
97.49 101.1
97.6 100.48
97.55 99.82
97.34 99.13
96.98 98.46
96.51 97.81
95.94 97.21
95.32 96.65
94.66 96.13
94.01 95.65
93.39 95.22
92.81 94.82
92.3 94.45
91.84 94.12
91.42 93.8
91.05 93.49
90.68 93.18
90.3 92.85
89.92 92.51
89.51 92.14
89.07 91.74
88.59 91.32
88.09 90.87
87.54 90.39
86.95 89.9
86.35 89.39
85.73 88.88
85.13 88.37
84.55 87.87
84.02 87.4
83.54 86.96
83.14 86.55
82.83 86.19
82.61 85.87
82.47 85.59
82.43 85.39
82.54 85.32
82.95 85.4
83.71 85.58
