78.0 80.59
81.61 82.4
87.94 85.67
96.92 90.41
107.92 96.21
119.3 102.37
129.59 108.13
138.05 112.88
144.27 116.28
147.92 118.22
149.0 118.89
147.86 118.61
145.09 117.77
141.28 116.7
136.95 115.67
132.44 114.84
127.98 114.3
123.65 114.05
119.51 114.01
115.56 114.07
111.79 114.06
108.2 113.86
104.81 113.35
101.63 112.5
98.69 111.37
96.0 110.07
93.58 108.7
91.46 107.37
89.66 106.1
88.22 104.93
87.15 103.83
86.46 102.8
86.13 101.82
86.1 100.88
86.31 99.95
86.65 99.01
87.08 98.05
87.51 97.07
87.88 96.07
88.14 95.06
88.25 94.05
88.2 93.06
88.01 92.08
87.69 91.13
87.29 90.24
86.82 89.43
86.33 88.69
85.82 88.04
85.31 87.46
84.81 86.95
84.32 86.49
83.84 86.07
83.38 85.68
82.95 85.32
82.56 84.99
82.22 84.68
81.91 84.39
81.62 84.1
81.32 83.82
81.0 83.53
80.66 83.22
80.33 82.9
80.0 82.57
79.66 82.23
79.25 81.85
78.82 81.5
78.38 81.32
77.81 81.1
