82.0 86.51
84.99 88.05
90.0 90.64
97.05 94.3
105.77 98.84
115.43 103.9
125.21 109.03
134.33 113.81
142.19 117.91
148.43 121.17
152.89 123.57
155.65 125.24
156.93 126.36
157.0 127.13
156.06 127.69
154.31 128.14
151.93 128.54
149.07 128.92
145.85 129.27
142.35 129.53
138.65 129.66
134.78 129.57
130.74 129.19
126.54 128.47
122.24 127.42
117.93 126.1
113.69 124.58
109.65 122.97
105.93 121.35
102.63 119.78
99.82 118.28
97.54 116.86
95.77 115.5
94.49 114.19
93.66 112.92
93.21 111.67
93.07 110.43
93.17 109.21
93.42 108.0
93.74 106.79
94.08 105.6
94.39 104.42
94.63 103.26
94.79 102.13
94.87 101.05
94.85 100.02
94.77 99.06
94.62 98.17
94.41 97.35
94.13 96.6
93.81 95.92
93.4 95.28
92.91 94.68
92.33 94.1
91.67 93.53
90.91 92.94
90.07 92.33
89.16 91.7
88.18 91.04
87.15 90.37
86.09 89.68
85.02 88.99
83.98 88.32
83.02 87.68
82.18 87.12
81.63 86.77
81.69 86.83
81.84 87.14
