76.0 78.1
77.57 78.9
80.03 80.19
83.41 81.97
87.58 84.19
92.33 86.72
97.42 89.43
102.6 92.17
107.55 94.78
111.99 97.13
115.68 99.13
118.44 100.72
120.2 101.9
121.0 102.69
120.9 103.17
120.06 103.41
118.61 103.5
116.73 103.51
114.57 103.51
112.28 103.52
109.97 103.55
107.72 103.58
105.6 103.62
103.66 103.63
101.93 103.62
100.41 103.57
99.11 103.48
98.0 103.32
97.02 103.08
96.12 102.73
95.21 102.25
94.24 101.62
93.2 100.85
92.09 99.96
90.95 98.99
89.84 97.97
88.8 96.95
87.88 95.96
87.11 95.04
86.53 94.2
86.15 93.47
85.98 92.84
86.01 92.32
86.22 91.9
86.57 91.57
87.04 91.3
87.57 91.08
88.13 90.89
88.66 90.7
89.12 90.51
89.49 90.3
89.74 90.08
89.85 89.84
89.82 89.58
89.65 89.3
89.37 89.01
88.98 88.71
88.51 88.4
87.99 88.1
87.42 87.79
86.84 87.5
86.25 87.21
85.67 86.92
85.1 86.63
84.56 86.35
84.06 86.07
83.57 85.79
83.11 85.52
82.68 85.23
82.27 84.95
81.89 84.66
81.53 84.36
81.2 84.06
80.89 83.75
80.58 83.43
80.28 83.1
79.98 82.75
79.67 82.38
79.32 81.99
78.95 81.58
78.55 81.16
78.11 80.72
77.66 80.29
77.23 79.87
76.85 79.48
76.65 79.17
76.51 78.96
76.49 78.83
76.55 78.66
76.57 78.55
