69.0 69.93
71.53 71.25
76.0 73.54
82.43 76.87
90.33 81.05
98.8 85.63
106.73 90.05
113.22 93.81
117.86 96.59
120.67 98.31
121.93 99.17
122.0 99.45
121.21 99.46
119.81 99.42
117.96 99.46
115.83 99.6
113.53 99.83
111.17 100.15
108.85 100.53
106.65 100.97
104.64 101.45
102.88 101.91
101.37 102.3
100.11 102.55
99.08 102.65
98.26 102.63
97.6 102.53
97.07 102.42
96.65 102.31
96.26 102.16
95.82 101.92
95.24 101.51
94.47 100.88
93.47 100.01
92.29 98.96
91.0 97.8
89.78 96.64
88.75 95.58
88.02 94.68
87.62 93.99
87.53 93.48
87.66 93.11
87.92 92.84
88.26 92.6
88.64 92.38
89.04 92.17
89.46 91.97
89.87 91.77
90.23 91.58
90.49 91.38
90.65 91.15
90.68 90.9
90.57 90.61
90.32 90.3
89.94 89.97
89.42 89.62
88.81 89.25
88.15 88.87
87.45 88.47
86.76 88.08
86.09 87.68
85.45 87.31
84.82 86.94
84.2 86.59
83.61 86.24
83.04 85.89
82.5 85.53
81.95 85.15
81.41 84.74
80.85 84.3
80.26 83.82
79.65 83.32
79.05 82.8
78.47 82.27
77.91 81.75
77.39 81.25
76.91 80.76
76.48 80.3
76.1 79.86
75.77 79.44
75.49 79.03
75.23 78.63
74.98 78.23
74.73 77.83
74.45 77.43
74.15 77.01
73.84 76.6
73.53 76.19
73.24 75.79
72.97 75.42
72.74 75.09
72.53 74.78
72.34 74.49
72.16 74.21
71.97 73.95
71.79 73.68
71.6 73.42
71.42 73.16
71.27 72.91
71.13 72.69
71.0 72.48
70.88 72.28
70.75 72.1
70.61 71.91
70.46 71.73
70.29 71.54
70.1 71.34
69.92 71.13
69.72 70.93
69.51 70.71
69.29 70.49
69.08 70.28
68.95 70.11
68.88 70.02
68.83 69.9
68.78 69.88
68.55 69.76
68.14 69.52
67.84 69.25
67.35 69.19
