81.0 82.96
81.99 83.47
83.57 84.31
85.76 85.47
88.48 86.91
91.64 88.57
95.07 90.36
98.58 92.17
101.97 93.9
105.04 95.48
107.66 96.84
109.73 97.99
111.26 98.92
112.26 99.67
112.81 100.3
113.0 100.86
112.88 101.38
112.54 101.89
112.01 102.39
111.34 102.86
110.54 103.29
109.64 103.66
108.63 103.92
107.53 104.08
106.32 104.1
105.0 103.97
103.54 103.69
101.94 103.26
100.24 102.71
98.48 102.05
96.74 101.32
95.07 100.58
93.55 99.85
92.23 99.14
91.11 98.48
90.19 97.84
89.47 97.22
88.9 96.62
88.47 96.01
88.14 95.4
87.91 94.79
87.74 94.18
87.64 93.58
87.58 93.0
87.56 92.43
87.56 91.89
87.57 91.38
87.56 90.9
87.55 90.44
87.51 90.02
87.44 89.61
87.34 89.22
87.21 88.85
87.04 88.49
86.83 88.14
86.6 87.81
86.36 87.49
86.11 87.19
85.85 86.91
85.59 86.66
85.32 86.41
85.03 86.17
84.72 85.92
84.38 85.66
84.01 85.39
83.62 85.09
83.19 84.78
82.75 84.46
82.3 84.13
81.86 83.8
81.44 83.49
81.05 83.18
80.69 82.9
80.38 82.65
80.16 82.48
80.14 82.44
80.44 82.58
80.98 82.84
