72.0 73.17
72.71 73.53
73.87 74.13
75.48 74.98
77.48 76.03
79.73 77.22
82.06 78.44
84.3 79.6
86.31 80.63
87.98 81.49
89.27 82.16
90.18 82.67
90.73 83.06
90.98 83.36
91.0 83.62
90.84 83.87
90.58 84.14
90.25 84.45
89.89 84.78
89.53 85.14
89.17 85.5
88.82 85.84
88.47 86.14
88.12 86.39
87.77 86.57
87.4 86.68
87.01 86.73
86.58 86.72
86.09 86.64
85.55 86.5
84.95 86.29
84.3 86.03
83.63 85.72
82.97 85.38
82.34 85.03
81.78 84.68
81.28 84.35
80.87 84.03
80.55 83.74
80.3 83.46
80.12 83.2
80.0 82.95
79.92 82.7
79.86 82.45
79.82 82.21
79.78 81.96
79.73 81.71
79.67 81.46
79.59 81.2
79.49 80.95
79.36 80.7
79.22 80.46
79.05 80.22
78.87 79.98
78.67 79.75
78.45 79.51
78.2 79.27
77.94 79.03
77.66 78.78
77.36 78.54
77.07 78.3
76.78 78.07
76.49 77.84
76.23 77.63
75.98 77.42
75.75 77.23
75.54 77.04
75.35 76.85
75.15 76.65
74.94 76.45
74.72 76.23
74.5 76.01
74.26 75.78
74.01 75.53
73.76 75.29
73.51 75.05
73.27 74.81
73.04 74.58
72.8 74.35
72.58 74.12
72.36 73.89
72.14 73.67
71.92 73.45
71.72 73.24
71.56 73.06
71.48 72.93
71.46 72.85
71.47 72.78
