80.0 80.79
82.64 82.2
87.16 84.59
93.62 88.02
101.69 92.34
110.62 97.18
119.47 102.06
127.47 106.55
134.13 110.31
139.22 113.23
142.73 115.36
144.85 116.87
145.85 117.98
146.0 118.9
145.51 119.76
144.59 120.65
143.35 121.61
141.86 122.63
140.22 123.7
138.48 124.77
136.65 125.79
134.78 126.67
132.88 127.34
130.95 127.75
129.01 127.9
127.06 127.81
125.09 127.52
123.07 127.06
120.93 126.45
118.62 125.64
116.11 124.61
113.44 123.35
110.67 121.89
107.96 120.29
105.45 118.65
103.29 117.07
101.58 115.62
100.36 114.35
99.6 113.26
99.25 112.33
99.22 111.51
99.41 110.76
99.74 110.03
100.12 109.31
100.52 108.56
100.85 107.79
101.08 106.99
101.16 106.16
101.09 105.29
100.83 104.42
100.41 103.53
99.85 102.67
99.17 101.82
98.4 101.01
97.58 100.24
96.73 99.51
95.88 98.81
95.03 98.13
94.17 97.47
93.32 96.83
92.48 96.19
91.64 95.57
90.82 94.95
90.02 94.33
89.22 93.71
88.44 93.09
87.68 92.46
86.95 91.83
86.28 91.22
85.67 90.62
85.13 90.04
84.65 89.49
84.22 88.95
83.82 88.41
83.42 87.88
83.02 87.34
82.62 86.79
82.24 86.25
81.88 85.72
81.56 85.22
81.29 84.76
81.05 84.32
80.83 83.91
80.63 83.52
80.43 83.14
80.22 82.77
80.0 82.41
79.78 82.06
79.54 81.71
79.31 81.38
79.09 81.06
78.89 80.76
78.71 80.5
78.61 80.31
78.59 80.15
78.48 79.99
78.53 79.95
78.73 79.95
78.65 79.61
78.78 79.34
