73.0 74.69
75.23 75.79
78.8 77.61
83.75 80.18
89.87 83.4
96.72 87.05
103.8 90.88
110.66 94.6
116.85 97.97
122.02 100.85
126.01 103.16
128.76 104.93
130.36 106.24
131.0 107.22
130.86 107.99
130.12 108.66
128.95 109.31
127.44 109.97
125.7 110.65
123.82 111.32
121.86 111.96
119.87 112.51
117.9 112.96
116.0 113.26
114.18 113.43
112.47 113.47
110.86 113.39
109.33 113.2
107.85 112.88
106.34 112.44
104.77 111.84
103.1 111.06
101.29 110.08
99.36 108.91
97.35 107.58
95.34 106.14
93.42 104.65
91.68 103.18
90.17 101.78
88.94 100.48
87.97 99.3
87.27 98.23
86.79 97.26
86.53 96.37
86.43 95.55
86.43 94.79
86.52 94.07
86.67 93.38
86.83 92.72
86.98 92.09
87.13 91.49
87.24 90.92
87.29 90.38
87.28 89.87
87.2 89.38
87.03 88.91
86.8 88.44
86.52 87.99
86.19 87.56
85.82 87.14
85.42 86.74
85.0 86.36
84.55 85.99
84.09 85.64
83.61 85.29
83.13 84.94
82.67 84.6
82.21 84.27
81.76 83.94
81.32 83.61
80.87 83.28
80.42 82.94
79.97 82.59
79.52 82.23
79.08 81.86
78.66 81.5
78.24 81.13
77.83 80.75
77.44 80.38
77.05 80.0
76.69 79.61
76.35 79.23
76.02 78.85
75.7 78.47
75.38 78.09
75.04 77.7
74.7 77.32
74.35 76.93
73.99 76.54
73.62 76.15
73.25 75.76
72.86 75.37
72.49 75.0
72.17 74.65
71.97 74.39
72.02 74.28
72.23 74.37
72.66 74.63
