84.0 86.22
86.17 87.4
89.55 89.25
94.16 91.78
99.85 94.9
106.34 98.45
113.36 102.26
120.54 106.13
127.55 109.89
134.07 113.43
139.88 116.65
144.82 119.52
148.83 122.06
151.89 124.27
154.07 126.23
155.4 127.97
156.0 129.55
155.94 131.0
155.34 132.35
154.3 133.59
152.89 134.7
151.2 135.67
149.28 136.46
147.16 137.06
144.87 137.43
142.41 137.58
139.81 137.49
137.06 137.16
134.19 136.59
131.19 135.78
128.07 134.73
124.83 133.45
121.52 131.98
118.23 130.36
115.05 128.64
112.08 126.88
109.41 125.12
107.09 123.41
105.12 121.76
103.51 120.19
102.26 118.7
101.32 117.27
100.66 115.92
100.24 114.62
100.01 113.37
99.91 112.17
99.91 111.01
99.97 109.9
100.06 108.84
100.14 107.81
100.18 106.83
100.15 105.88
100.04 104.97
99.82 104.09
99.5 103.23
99.09 102.4
98.59 101.59
98.02 100.82
97.4 100.08
96.75 99.38
96.08 98.72
95.42 98.1
94.76 97.52
94.11 96.98
93.47 96.46
92.84 95.95
92.22 95.46
91.63 94.98
91.09 94.52
90.59 94.06
90.13 93.61
89.69 93.17
89.25 92.72
88.78 92.24
88.28 91.75
87.76 91.24
87.22 90.72
86.7 90.2
86.22 89.7
85.78 89.23
85.38 88.77
85.03 88.33
84.68 87.89
84.32 87.44
83.94 86.99
83.54 86.55
83.18 86.19
83.03 85.98
83.12 85.97
82.79 85.92
82.8 86.08
