75.0 75.5
76.11 76.1
77.68 76.95
79.73 78.08
82.27 79.48
85.25 81.12
88.6 82.97
92.21 84.96
95.95 87.03
99.62 89.09
103.07 91.06
106.14 92.88
108.72 94.5
110.75 95.91
112.25 97.11
113.24 98.16
113.79 99.08
114.0 99.93
113.92 100.74
113.63 101.51
113.18 102.26
112.61 102.99
111.97 103.68
111.3 104.33
110.63 104.93
109.98 105.49
109.37 105.98
108.8 106.42
108.27 106.78
107.77 107.07
107.32 107.29
106.88 107.44
106.45 107.51
106.01 107.5
105.52 107.39
104.94 107.17
104.23 106.82
103.39 106.33
102.38 105.71
101.22 104.97
99.96 104.14
98.67 103.27
97.39 102.39
96.18 101.54
95.1 100.74
94.16 100.0
93.36 99.33
92.72 98.71
92.21 98.14
91.82 97.61
91.54 97.11
91.34 96.64
91.2 96.18
91.11 95.73
91.05 95.29
90.98 94.85
90.9 94.4
90.79 93.96
90.65 93.51
90.46 93.08
90.25 92.65
90.0 92.22
89.74 91.81
89.44 91.4
89.11 91.0
88.76 90.6
88.36 90.21
87.94 89.81
87.5 89.42
87.05 89.03
86.58 88.65
86.11 88.27
85.63 87.89
85.16 87.5
84.67 87.12
84.2 86.74
83.75 86.36
83.32 85.99
82.92 85.63
82.54 85.28
82.19 84.94
81.84 84.59
81.5 84.24
81.16 83.88
80.82 83.51
80.49 83.15
80.17 82.79
79.87 82.43
79.57 82.09
79.29 81.75
79.02 81.42
78.76 81.1
78.51 80.8
78.28 80.5
78.08 80.21
77.89 79.94
77.72 79.68
77.56 79.42
77.39 79.17
77.22 78.92
77.05 78.68
76.87 78.45
76.7 78.22
76.54 78.01
76.39 77.81
76.25 77.62
76.12 77.43
75.98 77.24
75.84 77.05
75.68 76.86
75.51 76.67
75.32 76.47
75.14 76.27
74.94 76.08
74.75 75.9
74.57 75.73
74.42 75.59
74.31 75.48
74.29 75.43
74.45 75.47
74.65 75.61
74.87 75.73
75.36 75.98
