76.0 77.88
77.43 78.66
79.64 79.87
82.63 81.51
86.33 83.53
90.58 85.84
95.21 88.34
100.0 90.91
104.75 93.47
109.29 95.93
113.46 98.23
117.15 100.35
120.28 102.27
122.83 104.01
124.8 105.58
126.22 107.03
127.19 108.39
127.75 109.69
128.0 110.95
127.97 112.16
127.73 113.32
127.31 114.41
126.74 115.4
126.04 116.28
125.22 117.03
124.31 117.66
123.31 118.16
122.24 118.53
121.12 118.78
119.96 118.9
118.76 118.89
117.5 118.74
116.15 118.42
114.67 117.92
113.0 117.22
111.11 116.31
109.05 115.2
106.87 113.95
104.64 112.61
102.48 111.24
100.47 109.89
98.67 108.61
97.12 107.43
95.85 106.34
94.84 105.34
94.08 104.42
93.54 103.56
93.17 102.73
92.92 101.93
92.76 101.14
92.62 100.34
92.48 99.53
92.32 98.71
92.14 97.9
91.93 97.11
91.69 96.35
91.42 95.63
91.11 94.94
90.75 94.26
90.33 93.61
89.87 92.96
89.36 92.32
88.81 91.69
88.23 91.08
87.66 90.49
87.07 89.93
86.47 89.39
85.9 88.87
85.35 88.37
84.82 87.9
84.31 87.44
83.82 87.0
83.35 86.57
82.9 86.14
82.45 85.71
82.01 85.28
81.59 84.84
81.19 84.41
80.79 83.97
80.4 83.54
80.02 83.11
79.65 82.69
79.28 82.26
78.92 81.84
78.55 81.43
78.19 81.01
77.82 80.6
77.46 80.2
77.11 79.8
76.76 79.41
76.43 79.05
76.17 78.75
76.03 78.55
76.11 78.4
76.08 78.33
76.12 78.36
