67.99 70.62
72.78 72.98
80.89 77.08
92.42 83.01
106.68 90.44
122.08 98.66
136.82 106.79
149.61 113.98
159.59 119.67
166.46 123.69
170.42 126.2
172.0 127.63
171.82 128.46
170.45 129.1
168.31 129.82
165.68 130.74
162.73 131.88
159.59 133.2
156.31 134.62
152.96 136.04
149.55 137.31
146.04 138.3
142.43 138.86
138.72 138.91
134.88 138.42
130.89 137.44
126.73 136.07
122.36 134.39
117.74 132.46
112.96 130.3
108.15 127.95
103.48 125.45
99.19 122.86
95.45 120.27
92.33 117.76
89.85 115.4
87.99 113.2
86.71 111.15
85.91 109.25
85.54 107.47
85.53 105.81
85.81 104.24
86.3 102.78
86.92 101.4
87.6 100.1
88.28 98.86
88.86 97.66
89.29 96.5
89.55 95.37
89.62 94.29
89.5 93.25
89.23 92.27
88.82 91.35
88.29 90.48
87.65 89.65
86.93 88.85
86.12 88.09
85.25 87.35
84.32 86.64
83.33 85.95
82.31 85.28
81.28 84.63
80.29 84.0
79.36 83.4
78.52 82.83
77.77 82.3
77.1 81.79
76.47 81.29
75.9 80.79
75.35 80.29
74.79 79.76
74.24 79.2
73.7 78.62
73.15 78.02
72.61 77.4
72.07 76.76
71.53 76.13
71.01 75.5
70.51 74.88
70.0 74.27
69.49 73.66
68.98 73.06
68.44 72.46
67.89 71.87
67.34 71.28
66.83 70.73
66.46 70.33
66.76 70.33
67.36 70.52
