44.0 48.68
49.12 51.4
58.18 56.21
71.32 63.15
87.59 71.68
104.71 80.79
120.32 89.28
132.82 96.11
141.14 100.62
145.0 102.67
144.86 102.63
141.56 101.14
136.01 98.88
129.1 96.47
121.57 94.31
113.98 92.61
106.65 91.42
99.77 90.7
93.39 90.34
87.45 90.14
81.94 89.91
76.82 89.43
72.09 88.56
67.78 87.24
63.96 85.53
60.66 83.6
57.9 81.63
55.68 79.79
53.99 78.15
52.81 76.71
52.09 75.41
51.81 74.17
51.94 72.94
52.42 71.7
53.14 70.43
53.99 69.15
54.88 67.86
55.69 66.56
56.36 65.26
56.85 63.97
57.17 62.72
57.31 61.54
57.27 60.44
57.07 59.43
56.73 58.5
56.24 57.66
55.66 56.89
55.03 56.19
54.33 55.55
53.58 54.96
52.8 54.41
51.99 53.88
51.17 53.38
50.34 52.89
49.52 52.39
48.68 51.89
47.82 51.36
46.92 50.8
45.96 50.2
45.01 49.61
44.3 49.16
43.99 48.98
43.83 48.91
