81.0 82.95
82.97 84.0
86.31 85.77
91.11 88.31
97.12 91.48
103.79 95.03
110.43 98.59
116.45 101.83
121.47 104.54
125.35 106.63
128.11 108.15
129.87 109.25
130.77 110.08
131.0 110.77
130.71 111.43
130.08 112.12
129.22 112.87
128.27 113.7
127.29 114.62
126.3 115.58
125.3 116.52
124.24 117.34
123.02 117.92
121.52 118.16
119.61 117.99
117.19 117.38
114.29 116.4
111.06 115.17
107.75 113.83
104.65 112.54
102.02 111.42
100.02 110.53
98.67 109.88
97.91 109.44
97.63 109.1
97.67 108.8
97.9 108.45
98.18 107.98
98.39 107.36
98.45 106.58
98.34 105.66
98.05 104.63
97.59 103.52
97.01 102.4
96.36 101.3
95.66 100.26
94.92 99.31
94.17 98.43
93.4 97.61
92.62 96.84
91.85 96.09
91.1 95.35
90.36 94.63
89.65 93.93
89.0 93.26
88.41 92.64
87.89 92.08
87.46 91.57
87.09 91.11
86.77 90.68
86.47 90.26
86.18 89.83
85.86 89.39
85.5 88.93
85.1 88.45
84.67 87.95
84.23 87.45
83.79 86.95
83.36 86.47
82.92 85.99
82.48 85.52
82.04 85.05
81.6 84.59
81.19 84.15
80.83 83.75
80.55 83.4
80.41 83.14
80.46 83.05
80.78 83.13
81.43 83.31
