76.0 78.76
77.74 79.66
80.87 81.26
85.28 83.53
90.56 86.29
96.12 89.27
101.5 92.24
106.63 95.11
111.73 97.93
117.11 100.83
122.89 103.95
128.92 107.31
134.85 110.82
140.26 114.28
144.83 117.5
148.4 120.33
150.91 122.73
152.4 124.72
153.0 126.4
152.8 127.82
151.96 129.04
150.58 130.06
148.78 130.88
146.65 131.49
144.26 131.92
141.65 132.19
138.85 132.32
135.85 132.26
132.62 131.95
129.1 131.31
125.28 130.27
121.19 128.84
116.96 127.1
112.76 125.16
108.75 123.16
105.08 121.2
101.84 119.32
99.03 117.52
96.63 115.78
94.6 114.07
92.91 112.37
91.51 110.66
90.36 108.95
89.43 107.25
88.68 105.56
88.08 103.9
87.6 102.27
87.19 100.68
86.83 99.14
86.49 97.65
86.15 96.24
85.79 94.89
85.42 93.62
85.03 92.42
84.61 91.29
84.19 90.22
83.74 89.21
83.28 88.25
82.81 87.36
82.32 86.53
81.81 85.76
81.3 85.03
80.79 84.36
80.28 83.73
79.77 83.14
79.29 82.58
78.82 82.05
78.37 81.56
77.93 81.08
77.5 80.62
77.07 80.16
76.63 79.72
76.23 79.3
75.84 78.9
75.47 78.58
75.41 78.43
75.31 78.29
