73.0 73.58
74.96 74.66
78.03 76.33
82.28 78.65
87.65 81.57
93.89 84.97
100.61 88.65
107.36 92.35
113.7 95.86
119.22 98.96
123.65 101.55
126.86 103.59
128.89 105.13
129.86 106.27
130.0 107.14
129.47 107.85
128.44 108.5
127.05 109.14
125.39 109.78
123.55 110.42
121.61 111.04
119.64 111.6
117.71 112.08
115.86 112.46
114.11 112.73
112.47 112.88
110.93 112.91
109.47 112.81
108.04 112.58
106.63 112.21
105.18 111.69
103.64 110.99
102.0 110.12
100.24 109.07
98.41 107.86
96.56 106.55
94.78 105.18
93.17 103.83
91.82 102.55
90.75 101.39
89.99 100.37
89.53 99.49
89.34 98.73
89.38 98.08
89.6 97.51
89.94 96.99
90.35 96.51
90.76 96.03
91.11 95.54
91.37 95.04
91.54 94.52
91.59 93.98
91.55 93.45
91.4 92.94
91.16 92.44
90.84 91.97
90.42 91.52
89.93 91.07
89.38 90.61
88.77 90.15
88.11 89.69
87.42 89.22
86.71 88.76
86.02 88.31
85.36 87.88
84.73 87.47
84.13 87.07
83.55 86.67
82.97 86.25
82.38 85.82
81.79 85.36
81.22 84.89
80.69 84.42
80.19 83.96
79.74 83.51
79.34 83.07
78.94 82.63
78.54 82.19
78.14 81.75
77.76 81.3
77.39 80.85
77.06 80.41
76.77 79.99
76.52 79.6
76.31 79.22
76.13 78.88
75.97 78.55
75.82 78.25
75.67 77.96
75.54 77.69
75.43 77.44
75.33 77.21
75.27 77.0
75.25 76.82
75.25 76.65
75.24 76.49
75.23 76.33
75.19 76.17
75.1 76.0
74.96 75.82
74.79 75.63
74.6 75.45
74.41 75.28
74.25 75.12
74.14 75.0
74.09 74.9
74.06 74.83
74.04 74.75
73.99 74.67
73.88 74.55
73.7 74.41
73.48 74.24
73.23 74.06
73.0 73.89
72.83 73.78
72.77 73.6
72.62 73.46
72.6 73.39
72.57 73.32
72.68 73.31
72.82 73.5
