68.0 69.49
68.81 69.93
70.13 70.63
71.89 71.59
74.04 72.75
76.47 74.07
79.11 75.51
81.92 77.03
84.87 78.64
87.96 80.32
91.1 82.06
94.2 83.83
97.15 85.57
99.83 87.24
102.16 88.79
104.08 90.2
105.59 91.48
106.69 92.64
107.44 93.7
107.87 94.67
108.0 95.55
107.86 96.35
107.5 97.05
106.94 97.66
106.22 98.19
105.37 98.63
104.43 98.99
103.39 99.26
102.28 99.43
101.11 99.49
99.88 99.42
98.58 99.21
97.2 98.86
95.71 98.37
94.12 97.74
92.45 96.99
90.72 96.13
89.0 95.2
87.34 94.23
85.78 93.25
84.33 92.26
83.01 91.29
81.84 90.34
80.78 89.4
79.87 88.48
79.08 87.58
78.4 86.7
77.83 85.84
77.34 84.99
76.92 84.17
76.55 83.36
76.21 82.57
75.91 81.81
75.63 81.08
75.37 80.39
75.12 79.73
74.89 79.1
74.65 78.5
74.4 77.93
74.14 77.38
73.86 76.86
73.57 76.35
73.28 75.87
73.01 75.43
72.75 75.02
72.5 74.64
72.27 74.29
72.03 73.96
71.78 73.65
71.52 73.34
71.26 73.04
71.0 72.74
70.73 72.45
70.46 72.16
70.19 71.88
69.92 71.6
69.65 71.33
69.38 71.05
69.12 70.78
68.83 70.5
68.53 70.22
68.23 69.95
67.93 69.67
67.63 69.41
67.35 69.19
67.15 69.01
67.11 68.89
67.05 68.8
