63.0 64.94
65.35 66.27
69.12 68.38
74.42 71.3
81.14 74.98
88.94 79.21
97.26 83.68
105.38 88.03
112.6 91.9
118.34 95.0
122.3 97.22
124.45 98.58
125.0 99.22
124.21 99.36
122.43 99.24
119.97 99.04
117.08 98.89
113.94 98.83
110.69 98.86
107.41 98.94
104.18 99.01
101.03 99.02
97.99 98.9
95.08 98.62
92.31 98.14
89.65 97.44
87.07 96.54
84.56 95.44
82.11 94.2
79.75 92.85
77.48 91.43
75.37 89.97
73.43 88.49
71.71 87.01
70.23 85.54
69.0 84.09
68.02 82.68
67.32 81.34
66.84 80.07
66.6 78.89
66.53 77.8
66.62 76.79
66.81 75.86
67.09 75.01
67.42 74.22
67.77 73.5
68.09 72.84
68.38 72.23
68.62 71.68
68.79 71.16
68.88 70.68
68.9 70.24
68.84 69.82
68.68 69.42
68.43 69.02
68.09 68.64
67.7 68.26
67.26 67.91
66.79 67.57
66.31 67.25
65.83 66.95
65.35 66.67
64.85 66.39
64.35 66.1
63.84 65.81
63.35 65.54
62.96 65.32
62.81 65.24
62.88 65.34
63.42 65.68
