67.0 67.97
68.2 68.64
70.09 69.7
72.73 71.18
76.05 73.03
79.89 75.14
83.99 77.37
88.05 79.55
91.79 81.54
94.93 83.21
97.35 84.51
98.97 85.45
99.82 86.07
100.0 86.45
99.63 86.69
98.85 86.84
97.77 86.98
96.51 87.14
95.16 87.33
93.77 87.55
92.39 87.76
91.04 87.96
89.75 88.12
88.53 88.2
87.38 88.21
86.3 88.14
85.31 88.0
84.4 87.78
83.54 87.5
82.71 87.15
81.88 86.72
81.01 86.19
80.08 85.58
79.11 84.87
78.12 84.1
77.15 83.3
76.25 82.49
75.48 81.73
74.86 81.04
74.44 80.43
74.2 79.92
74.16 79.5
74.29 79.18
74.57 78.92
74.94 78.72
75.37 78.56
75.82 78.4
76.26 78.25
76.66 78.09
77.0 77.92
77.27 77.74
77.47 77.56
77.58 77.38
77.61 77.21
77.55 77.03
77.39 76.85
77.13 76.64
76.78 76.42
76.33 76.16
75.81 75.89
75.26 75.61
74.69 75.33
74.14 75.06
73.62 74.8
73.14 74.57
72.7 74.35
72.3 74.14
71.92 73.92
71.55 73.68
71.2 73.43
70.84 73.17
70.49 72.88
70.15 72.58
69.81 72.27
69.49 71.95
69.17 71.64
68.87 71.32
68.59 71.0
68.33 70.7
68.09 70.4
67.88 70.12
67.69 69.84
67.51 69.58
67.36 69.33
67.2 69.08
67.05 68.83
66.89 68.59
66.74 68.37
66.62 68.18
66.6 68.05
66.54 67.98
66.6 67.8
66.58 67.57
66.43 67.33
