76.0 78.08
77.22 78.74
79.35 79.88
82.41 81.49
86.18 83.46
90.29 85.6
94.33 87.69
98.01 89.6
101.17 91.24
103.84 92.62
106.08 93.8
107.96 94.85
109.44 95.81
110.48 96.68
111.0 97.41
110.98 98.0
110.46 98.43
109.54 98.73
108.3 98.93
106.87 99.08
105.32 99.18
103.71 99.24
102.11 99.24
100.53 99.16
99.01 99.02
97.57 98.83
96.23 98.6
94.99 98.35
93.86 98.08
92.82 97.76
91.83 97.34
90.84 96.81
89.8 96.14
88.71 95.35
87.57 94.46
86.39 93.51
85.25 92.55
84.22 91.62
83.35 90.75
82.66 89.96
82.19 89.25
81.91 88.64
81.81 88.1
81.86 87.64
82.01 87.22
82.25 86.85
82.53 86.51
82.83 86.18
83.11 85.87
83.35 85.55
83.53 85.23
83.64 84.92
83.69 84.61
83.66 84.32
83.57 84.04
83.41 83.77
83.21 83.51
82.96 83.27
82.68 83.02
82.36 82.78
82.02 82.55
81.68 82.33
81.34 82.12
81.03 81.92
80.72 81.73
80.43 81.54
80.12 81.34
79.79 81.12
79.44 80.88
79.06 80.63
78.67 80.35
78.28 80.07
77.89 79.79
77.51 79.51
77.15 79.22
76.79 78.92
76.43 78.62
76.07 78.3
75.7 77.97
75.35 77.67
75.1 77.43
75.05 77.36
75.05 77.34
