67.99 69.32
69.85 70.29
72.66 71.77
76.47 73.8
81.23 76.34
86.73 79.29
92.72 82.51
98.87 85.83
104.81 89.06
110.19 92.04
114.78 94.68
118.45 96.92
121.2 98.78
123.09 100.34
124.26 101.68
124.85 102.89
124.99 104.07
124.81 105.24
124.4 106.43
123.81 107.64
123.08 108.82
122.24 109.94
121.28 110.94
120.2 111.8
119.02 112.49
117.74 112.98
116.37 113.29
114.88 113.39
113.22 113.27
111.36 112.93
109.26 112.37
106.97 111.6
104.56 110.65
102.15 109.6
99.89 108.5
97.91 107.44
96.29 106.46
95.07 105.59
94.22 104.83
93.7 104.15
93.42 103.53
93.31 102.91
93.32 102.28
93.37 101.63
93.44 100.96
93.52 100.26
93.57 99.54
93.58 98.83
93.54 98.12
93.46 97.43
93.29 96.76
93.03 96.1
92.69 95.47
92.25 94.84
91.71 94.21
91.11 93.58
90.47 92.96
89.8 92.34
89.12 91.75
88.44 91.18
87.76 90.61
87.03 90.06
86.28 89.5
85.52 88.94
84.73 88.36
83.93 87.77
83.15 87.19
82.41 86.6
81.71 86.03
81.06 85.47
80.44 84.91
79.83 84.35
79.24 83.78
78.64 83.19
78.04 82.6
77.46 82.0
76.88 81.39
76.34 80.8
75.83 80.21
75.36 79.65
74.94 79.11
74.55 78.6
74.2 78.1
73.85 77.62
73.51 77.14
73.18 76.68
72.88 76.24
72.61 75.82
72.39 75.43
72.19 75.06
72.02 74.71
71.86 74.38
71.7 74.06
71.52 73.74
71.31 73.42
71.08 73.09
70.81 72.77
70.54 72.44
70.27 72.13
70.02 71.83
69.79 71.56
69.59 71.3
69.39 71.08
69.25 70.89
69.18 70.73
69.0 70.5
68.62 70.2
68.27 69.93
68.01 69.58
67.19 68.93
66.5 68.48
66.08 67.84
