95.0 98.15
97.36 99.41
101.1 101.44
106.19 104.2
112.43 107.59
119.54 111.44
127.26 115.58
135.22 119.76
142.89 123.77
149.78 127.37
155.42 130.39
159.55 132.73
162.05 134.36
163.0 135.35
162.53 135.82
160.9 135.93
158.36 135.84
155.17 135.67
151.58 135.5
147.81 135.35
143.99 135.21
140.21 135.03
136.51 134.75
132.89 134.32
129.32 133.73
125.86 132.95
122.57 132.0
119.49 130.92
116.69 129.74
114.2 128.5
112.02 127.26
110.21 126.04
108.74 124.84
107.61 123.69
106.82 122.56
106.29 121.45
105.99 120.35
105.9 119.28
105.97 118.22
106.17 117.2
106.47 116.2
106.81 115.25
107.16 114.34
107.47 113.47
107.7 112.64
107.83 111.85
107.85 111.08
107.74 110.34
107.51 109.63
107.21 108.97
106.85 108.36
106.43 107.8
105.99 107.28
105.5 106.8
104.97 106.35
104.42 105.91
103.86 105.49
103.27 105.08
102.7 104.7
102.17 104.34
101.67 104.0
101.2 103.67
100.75 103.34
100.28 102.98
99.76 102.58
99.22 102.15
98.63 101.67
98.01 101.17
97.41 100.65
96.8 100.13
96.2 99.6
95.6 99.1
95.05 98.65
94.59 98.28
94.08 97.95
93.93 97.8
93.74 97.66
