84.0 85.76
85.9 86.8
88.84 88.43
92.88 90.64
97.88 93.38
103.6 96.5
109.76 99.85
116.07 103.26
122.23 106.57
127.93 109.63
132.87 112.35
136.85 114.63
139.72 116.46
141.41 117.83
142.0 118.8
141.6 119.45
140.41 119.89
138.65 120.22
136.54 120.53
134.27 120.88
131.97 121.28
129.76 121.71
127.68 122.15
125.78 122.55
124.05 122.88
122.47 123.1
120.99 123.18
119.53 123.08
118.01 122.76
116.36 122.2
114.54 121.4
112.58 120.39
110.56 119.24
108.57 118.02
106.72 116.79
105.09 115.61
103.75 114.51
102.73 113.53
102.03 112.66
101.67 111.9
101.6 111.23
101.78 110.65
102.15 110.14
102.65 109.66
103.21 109.21
103.77 108.77
104.31 108.33
104.78 107.89
105.17 107.46
105.44 107.03
105.59 106.61
105.57 106.18
105.38 105.73
105.01 105.25
104.48 104.73
103.82 104.2
103.05 103.65
102.21 103.1
101.33 102.56
100.45 102.03
99.57 101.53
98.7 101.04
97.84 100.56
97.01 100.08
96.19 99.59
95.4 99.1
94.64 98.58
93.89 98.05
93.16 97.49
92.46 96.92
91.78 96.34
91.14 95.76
90.55 95.18
90.0 94.61
89.48 94.04
88.98 93.48
88.5 92.93
88.04 92.37
87.61 91.83
87.2 91.29
86.83 90.77
86.5 90.26
86.19 89.77
85.89 89.3
85.59 88.83
85.3 88.37
84.98 87.92
84.65 87.47
84.31 87.02
83.95 86.59
83.59 86.17
83.26 85.79
83.0 85.5
82.94 85.32
83.09 85.2
83.22 85.19
83.57 85.26
