69.0 69.6
71.53 71.06
75.63 73.39
81.48 76.66
88.94 80.79
97.54 85.53
106.59 90.52
115.29 95.3
122.88 99.48
128.82 102.79
132.89 105.15
135.18 106.66
136.0 107.57
135.75 108.15
134.85 108.69
133.59 109.35
132.2 110.23
130.78 111.34
129.43 112.64
128.19 114.06
127.07 115.51
126.11 116.92
125.28 118.24
124.59 119.39
124.02 120.35
123.51 121.11
123.04 121.67
122.56 122.07
122.03 122.31
121.38 122.41
120.58 122.36
119.56 122.11
118.27 121.62
116.68 120.86
114.75 119.78
112.44 118.41
109.8 116.76
106.84 114.88
103.67 112.86
100.43 110.78
97.29 108.73
94.39 106.79
91.88 105.02
89.85 103.47
88.32 102.13
87.26 100.99
86.62 100.0
86.29 99.11
86.18 98.25
86.16 97.38
86.16 96.46
86.11 95.49
85.98 94.46
85.76 93.39
85.45 92.3
85.07 91.23
84.63 90.19
84.14 89.19
83.59 88.25
82.99 87.34
82.34 86.47
81.64 85.62
80.89 84.79
80.12 83.98
79.34 83.18
78.56 82.41
77.8 81.68
77.06 80.98
76.36 80.33
75.7 79.71
75.09 79.14
74.54 78.6
74.04 78.09
73.58 77.6
73.17 77.12
72.76 76.64
72.38 76.17
71.99 75.68
71.62 75.2
71.25 74.71
70.89 74.22
70.53 73.74
70.18 73.27
69.86 72.83
69.55 72.4
69.28 72.01
69.04 71.64
68.83 71.3
68.65 70.99
68.49 70.69
68.33 70.4
68.17 70.11
68.0 69.82
67.81 69.53
67.59 69.23
67.36 68.93
67.11 68.64
66.87 68.36
66.63 68.09
66.41 67.84
66.22 67.61
66.05 67.41
65.91 67.24
65.84 67.12
65.93 67.09
66.02 67.06
65.94 66.92
65.97 66.93
66.02 66.98
66.22 67.08
66.52 67.31
