59.0 59.25
61.11 60.39
64.77 62.34
70.21 65.19
77.18 68.83
84.77 72.9
91.96 76.92
98.01 80.44
102.42 83.12
105.22 84.95
106.89 86.11
107.97 86.91
108.65 87.65
109.0 88.46
108.9 89.35
108.24 90.22
106.97 90.94
105.16 91.46
102.96 91.77
100.51 91.95
98.01 92.06
95.57 92.14
93.34 92.18
91.34 92.17
89.62 92.09
88.18 91.95
87.0 91.8
86.04 91.67
85.27 91.58
84.62 91.5
84.07 91.36
83.6 91.11
83.18 90.7
82.78 90.14
82.37 89.44
81.86 88.64
81.24 87.76
80.45 86.82
79.52 85.81
78.5 84.76
77.49 83.71
76.56 82.71
75.81 81.81
75.3 81.06
75.04 80.47
75.03 80.05
75.24 79.76
75.62 79.58
76.13 79.49
76.75 79.47
77.44 79.49
78.17 79.54
78.9 79.61
79.58 79.68
80.19 79.74
80.69 79.77
81.05 79.78
81.26 79.75
81.32 79.69
81.24 79.6
81.03 79.48
80.72 79.35
80.32 79.2
79.87 79.03
79.37 78.85
78.82 78.65
78.22 78.44
77.62 78.22
76.99 77.98
76.37 77.74
75.77 77.49
75.22 77.24
74.68 76.98
74.18 76.71
73.71 76.43
73.26 76.14
72.82 75.83
72.41 75.51
72.02 75.17
71.65 74.83
71.3 74.48
70.96 74.12
70.65 73.76
70.33 73.4
70.03 73.02
69.72 72.64
69.4 72.26
69.09 71.88
68.78 71.5
68.47 71.13
68.17 70.77
67.88 70.41
67.6 70.06
67.33 69.73
67.06 69.4
66.81 69.09
66.55 68.78
66.32 68.49
66.09 68.21
65.87 67.93
65.64 67.66
65.42 67.39
65.19 67.12
64.95 66.84
64.7 66.57
64.45 66.3
64.2 66.03
63.96 65.77
63.72 65.52
63.49 65.27
63.27 65.04
63.07 64.81
62.88 64.6
62.73 64.4
62.61 64.22
62.51 64.05
62.42 63.89
62.31 63.72
62.19 63.55
62.03 63.36
61.86 63.17
61.69 62.97
61.55 62.79
61.44 62.63
61.36 62.49
61.29 62.36
61.2 62.24
61.1 62.11
60.98 61.98
60.84 61.83
60.7 61.68
60.59 61.54
60.5 61.42
60.42 61.31
60.36 61.22
60.31 61.13
60.24 61.03
60.15 60.93
60.06 60.82
59.96 60.71
59.85 60.6
59.75 60.5
59.67 60.42
59.68 60.39
59.85 60.44
59.95 60.44
60.05 60.44
60.21 60.52
60.57 60.65
