70.99 74.59
74.11 76.26
79.12 78.96
86.1 82.71
94.82 87.4
104.77 92.72
115.21 98.27
125.34 103.61
134.37 108.34
141.67 112.16
146.87 114.94
149.92 116.74
150.99 117.73
150.45 118.18
148.72 118.35
146.21 118.46
143.18 118.65
139.83 118.95
136.32 119.37
132.74 119.83
129.17 120.25
125.65 120.55
122.17 120.64
118.75 120.48
115.4 120.02
112.09 119.27
108.84 118.27
105.68 117.05
102.64 115.68
99.74 114.21
97.01 112.69
94.51 111.13
92.24 109.55
90.24 107.95
88.53 106.35
87.15 104.76
86.13 103.22
85.45 101.77
85.11 100.42
85.06 99.18
85.23 98.05
85.58 97.01
86.05 96.06
86.6 95.19
87.19 94.38
87.75 93.62
88.22 92.9
88.55 92.2
88.73 91.5
88.73 90.8
88.56 90.1
88.23 89.4
87.73 88.72
87.11 88.05
86.39 87.43
85.64 86.85
84.87 86.3
84.07 85.78
83.23 85.25
82.29 84.69
81.27 84.09
80.2 83.46
79.13 82.81
78.11 82.17
77.18 81.55
76.33 80.97
75.57 80.42
74.87 79.88
74.23 79.33
73.62 78.77
73.05 78.21
72.55 77.67
72.21 77.22
72.08 76.81
71.84 76.32
71.5 75.73
70.8 74.98
70.26 74.27
69.35 73.39
