69.0 70.38
71.33 71.56
75.1 73.5
80.35 76.24
86.86 79.68
94.16 83.61
101.72 87.74
109.03 91.74
115.59 95.36
121.0 98.39
124.94 100.7
127.28 102.27
128.0 103.15
127.28 103.45
125.41 103.34
122.72 103.0
119.55 102.6
116.18 102.29
112.83 102.14
109.7 102.2
106.91 102.44
104.52 102.81
102.56 103.24
101.04 103.66
99.91 104.05
99.11 104.36
98.59 104.58
98.27 104.71
98.08 104.73
97.95 104.63
97.78 104.38
97.47 103.97
96.92 103.35
96.09 102.53
94.96 101.51
93.59 100.32
92.08 99.02
90.57 97.69
89.19 96.43
88.05 95.31
87.2 94.36
86.67 93.61
86.47 93.06
86.57 92.67
86.91 92.41
87.46 92.26
88.14 92.17
88.87 92.12
89.6 92.07
90.28 92.0
90.86 91.89
91.28 91.74
91.53 91.53
91.59 91.27
91.44 90.96
91.09 90.6
90.57 90.21
89.9 89.77
89.11 89.31
88.23 88.83
87.29 88.33
86.31 87.82
85.33 87.31
84.35 86.8
83.39 86.29
82.49 85.79
81.63 85.3
80.83 84.81
80.07 84.32
79.37 83.83
78.7 83.34
78.07 82.83
77.48 82.31
76.91 81.77
76.36 81.22
75.83 80.66
75.33 80.1
74.87 79.54
74.46 79.0
74.11 78.48
73.82 77.99
73.58 77.52
73.37 77.09
73.18 76.67
72.98 76.26
72.78 75.85
72.58 75.45
72.37 75.06
72.15 74.67
71.95 74.3
71.72 73.93
71.47 73.58
71.22 73.24
70.95 72.91
70.65 72.58
70.36 72.28
70.11 72.02
69.93 71.85
69.78 71.72
69.6 71.6
69.46 71.51
69.34 71.45
69.27 71.46
69.35 71.54
