86.0 87.44
88.0 88.58
91.18 90.38
95.63 92.86
101.26 95.97
107.77 99.54
114.75 103.34
121.71 107.11
128.21 110.61
133.88 113.68
138.48 116.23
141.91 118.27
144.21 119.86
145.52 121.12
146.0 122.17
145.84 123.1
145.21 124.02
144.26 124.96
143.11 125.94
141.83 126.96
140.49 127.98
139.14 128.96
137.81 129.85
136.5 130.59
135.2 131.16
133.83 131.5
132.33 131.56
130.56 131.32
128.4 130.72
125.77 129.76
122.75 128.48
119.46 126.97
116.12 125.34
112.98 123.72
110.25 122.22
108.06 120.92
106.45 119.84
105.41 118.96
104.88 118.22
104.74 117.58
104.88 116.98
105.2 116.36
105.61 115.7
106.03 114.98
106.39 114.19
106.65 113.35
106.78 112.47
106.76 111.56
106.59 110.65
106.27 109.76
105.83 108.9
105.28 108.09
104.63 107.31
103.91 106.55
103.14 105.81
102.32 105.08
101.48 104.36
100.62 103.66
99.77 102.98
98.92 102.33
98.1 101.71
97.32 101.12
96.58 100.56
95.9 100.02
95.26 99.49
94.66 98.97
94.09 98.46
93.56 97.95
93.06 97.45
92.61 96.95
92.21 96.47
91.85 95.99
91.52 95.52
91.21 95.05
90.88 94.57
90.54 94.08
90.18 93.59
89.79 93.08
89.39 92.57
88.97 92.07
88.55 91.57
88.12 91.08
87.7 90.62
87.3 90.17
86.91 89.74
86.54 89.33
86.19 88.94
85.88 88.58
85.61 88.25
85.42 87.97
85.33 87.78
85.42 87.66
85.63 87.65
86.37 87.92
87.19 88.29
