62.99 65.7
64.86 66.7
67.95 68.37
72.24 70.7
77.51 73.55
83.41 76.74
89.57 80.04
95.68 83.27
101.45 86.28
106.65 88.98
111.05 91.3
114.51 93.24
116.97 94.79
118.43 96.01
119.0 96.94
118.77 97.67
117.91 98.26
116.56 98.79
114.83 99.28
112.87 99.75
110.77 100.18
108.6 100.53
106.43 100.79
104.3 100.94
102.22 100.96
100.2 100.87
98.29 100.69
96.5 100.43
94.88 100.11
93.44 99.71
92.15 99.23
90.95 98.65
89.74 97.93
88.43 97.03
86.96 95.94
85.32 94.65
83.56 93.22
81.75 91.7
79.99 90.16
78.36 88.67
76.92 87.25
75.69 85.94
74.69 84.74
73.89 83.64
73.28 82.63
72.85 81.71
72.59 80.89
72.5 80.16
72.56 79.52
72.78 78.97
73.13 78.51
73.59 78.13
74.13 77.81
74.72 77.56
75.27 77.33
75.75 77.13
76.13 76.91
76.36 76.67
76.46 76.39
76.43 76.09
76.28 75.77
76.0 75.43
75.64 75.1
75.18 74.76
74.63 74.42
74.01 74.08
73.32 73.72
72.58 73.35
71.81 72.96
71.04 72.57
70.28 72.18
69.54 71.79
68.84 71.4
68.19 71.02
67.6 70.64
67.05 70.26
66.56 69.89
66.13 69.52
65.72 69.14
65.34 68.75
64.95 68.34
64.55 67.9
64.13 67.44
63.7 66.95
63.25 66.46
62.79 65.95
62.3 65.44
61.81 64.93
61.34 64.45
61.02 64.09
60.78 63.84
60.93 63.83
61.27 63.93
