65.0 65.46
66.76 66.42
69.5 67.92
73.25 69.98
77.84 72.52
83.06 75.42
88.63 78.53
94.32 81.69
99.86 84.76
104.99 87.62
109.42 90.16
112.94 92.29
115.38 93.97
116.71 95.21
117.0 96.04
116.4 96.56
115.13 96.89
113.39 97.13
111.35 97.35
109.16 97.61
106.95 97.9
104.79 98.21
102.74 98.49
100.83 98.73
99.07 98.9
97.48 99.0
96.04 99.02
94.75 98.95
93.6 98.79
92.56 98.53
91.62 98.17
90.73 97.71
89.85 97.13
88.92 96.43
87.9 95.61
86.77 94.65
85.52 93.56
84.2 92.37
82.85 91.12
81.52 89.86
80.28 88.63
79.17 87.46
78.23 86.39
77.48 85.44
76.94 84.6
76.6 83.87
76.45 83.25
76.46 82.72
76.63 82.28
76.93 81.91
77.32 81.6
77.78 81.34
78.27 81.12
78.77 80.94
79.25 80.77
79.68 80.62
80.03 80.48
80.28 80.33
80.43 80.16
80.45 79.97
80.35 79.76
80.12 79.52
79.77 79.24
79.32 78.95
78.77 78.63
78.14 78.29
77.46 77.95
76.75 77.6
76.04 77.26
75.33 76.92
74.64 76.58
73.98 76.24
73.34 75.9
72.74 75.55
72.16 75.19
71.62 74.82
71.1 74.44
70.61 74.05
70.14 73.65
69.7 73.24
69.27 72.82
68.87 72.41
68.5 71.99
68.15 71.58
67.83 71.17
67.54 70.77
67.27 70.38
67.01 70.0
66.78 69.63
66.56 69.27
66.33 68.92
66.12 68.57
65.9 68.24
65.69 67.92
65.49 67.61
65.33 67.33
65.19 67.07
65.08 66.84
64.99 66.62
64.91 66.42
64.81 66.22
64.7 66.03
64.57 65.82
64.43 65.62
64.28 65.43
64.2 65.27
64.2 65.22
64.28 65.22
64.3 65.07
64.16 65.0
63.96 64.81
