61.0 64.63
64.79 66.7
71.12 70.16
79.93 74.95
90.65 80.78
102.51 87.23
114.74 93.81
126.54 100.07
137.15 105.64
145.94 110.27
152.5 113.87
156.75 116.46
158.8 118.18
159.0 119.24
157.67 119.87
155.2 120.29
151.9 120.65
148.02 121.05
143.74 121.49
139.21 121.9
134.51 122.2
129.75 122.31
125.03 122.17
120.45 121.77
116.06 121.13
111.87 120.27
107.87 119.18
103.98 117.85
100.16 116.27
96.36 114.44
92.6 112.36
88.92 110.06
85.37 107.61
82.01 105.06
78.92 102.47
76.16 99.89
73.76 97.36
71.77 94.93
70.2 92.64
69.08 90.52
68.42 88.59
68.18 86.86
68.33 85.31
68.79 83.95
69.48 82.72
70.29 81.6
71.11 80.56
71.88 79.58
72.56 78.66
73.14 77.8
73.62 77.03
74.02 76.36
74.36 75.78
74.63 75.28
74.8 74.85
74.81 74.43
74.64 74.01
74.25 73.55
73.68 73.06
72.96 72.55
72.16 72.05
71.33 71.57
70.49 71.12
69.63 70.69
68.72 70.25
67.75 69.79
66.74 69.3
65.72 68.79
64.75 68.29
63.91 67.81
63.21 67.38
62.68 67.0
62.3 66.65
62.0 66.3
61.67 65.9
61.24 65.42
60.63 64.84
59.89 64.19
59.18 63.64
58.62 63.22
58.88 62.98
59.21 62.94
