62.0 64.04
65.21 65.77
70.46 68.59
77.81 72.53
86.96 77.44
97.27 83.02
107.97 88.83
118.23 94.42
127.33 99.41
134.76 103.55
140.27 106.75
143.87 109.08
145.69 110.68
146.0 111.75
145.06 112.46
143.09 112.97
140.34 113.37
137.03 113.74
133.32 114.08
129.36 114.39
125.27 114.64
121.14 114.74
117.01 114.64
112.91 114.27
108.83 113.6
104.77 112.62
100.73 111.37
96.75 109.87
92.85 108.2
89.12 106.4
85.63 104.52
82.44 102.6
79.58 100.64
77.06 98.66
74.88 96.66
73.02 94.65
71.46 92.64
70.19 90.65
69.18 88.71
68.38 86.82
67.79 85.02
67.36 83.29
67.1 81.67
66.98 80.15
66.98 78.73
67.09 77.44
67.26 76.27
67.47 75.22
67.71 74.27
67.93 73.42
68.1 72.64
68.21 71.93
68.24 71.25
68.17 70.62
68.03 70.02
67.84 69.46
67.6 68.96
67.34 68.5
67.05 68.1
66.73 67.73
66.38 67.39
65.96 67.06
65.49 66.73
64.97 66.38
64.41 66.03
63.81 65.65
63.21 65.27
62.61 64.89
62.03 64.5
61.49 64.14
61.12 63.87
60.96 63.74
61.18 63.68
61.78 63.84
