90.0 90.57
91.03 91.14
92.91 92.12
95.67 93.54
99.09 95.33
102.79 97.31
106.36 99.26
109.41 100.98
111.76 102.35
113.51 103.38
114.82 104.16
115.82 104.81
116.62 105.46
117.32 106.19
117.98 107.03
118.64 107.98
119.27 109.01
119.87 110.08
120.42 111.18
120.93 112.28
121.37 113.35
121.76 114.36
122.1 115.28
122.39 116.11
122.62 116.82
122.81 117.46
122.94 118.03
123.0 118.56
122.95 119.05
122.78 119.46
122.48 119.77
122.0 119.93
121.29 119.91
120.31 119.68
119.02 119.23
117.42 118.58
115.6 117.77
113.69 116.88
111.82 115.97
110.14 115.12
108.73 114.39
107.62 113.78
106.8 113.29
106.25 112.89
105.9 112.54
105.68 112.18
105.53 111.8
105.41 111.37
105.29 110.9
105.15 110.38
104.99 109.82
104.78 109.22
104.52 108.61
104.21 107.99
103.84 107.37
103.44 106.76
102.99 106.17
102.53 105.6
102.05 105.05
101.56 104.52
101.09 104.01
100.63 103.52
100.19 103.04
99.78 102.59
99.38 102.15
99.01 101.74
98.65 101.35
98.28 100.96
97.91 100.59
97.54 100.21
97.18 99.85
96.86 99.5
96.57 99.17
96.33 98.86
96.12 98.56
95.92 98.28
95.73 98.01
95.53 97.73
95.33 97.45
95.12 97.16
94.91 96.87
94.71 96.59
94.51 96.32
94.32 96.06
94.13 95.81
93.96 95.57
93.78 95.34
93.62 95.13
93.49 94.94
93.38 94.76
93.28 94.59
93.18 94.43
93.05 94.25
92.89 94.06
92.69 93.86
92.5 93.65
92.33 93.47
92.21 93.31
92.13 93.18
92.08 93.07
92.04 92.97
91.98 92.87
91.88 92.76
91.76 92.62
91.62 92.48
91.48 92.33
91.35 92.18
91.22 92.05
91.12 91.93
91.03 91.81
90.95 91.71
90.86 91.6
90.75 91.49
90.61 91.36
90.44 91.23
90.26 91.09
90.09 90.95
89.95 90.82
89.83 90.69
89.74 90.58
89.68 90.5
89.68 90.45
89.75 90.44
89.71 90.39
89.83 90.46
89.98 90.54
