78.99 81.03
82.06 82.65
87.11 85.38
94.14 89.24
102.95 94.02
112.77 99.35
122.71 104.79
132.11 109.89
140.32 114.27
146.62 117.64
150.53 119.85
152.0 120.95
151.31 121.12
148.98 120.67
145.57 119.94
141.65 119.24
137.59 118.78
133.66 118.68
130.0 118.93
126.7 119.42
123.73 120.02
121.09 120.58
118.75 120.98
116.65 121.16
114.74 121.09
112.96 120.78
111.26 120.22
109.53 119.43
107.7 118.41
105.72 117.18
103.6 115.77
101.4 114.24
99.22 112.63
97.15 110.99
95.31 109.39
93.78 107.85
92.57 106.41
91.72 105.09
91.23 103.9
91.03 102.84
91.07 101.9
91.3 101.07
91.66 100.31
92.09 99.6
92.54 98.94
92.99 98.32
93.38 97.72
93.7 97.14
93.93 96.59
94.03 96.05
93.99 95.51
93.77 94.96
93.39 94.4
92.85 93.82
92.19 93.23
91.43 92.63
90.63 92.05
89.8 91.48
88.98 90.95
88.17 90.45
87.38 89.96
86.61 89.49
85.87 89.04
85.17 88.58
84.52 88.14
83.92 87.72
83.4 87.3
82.95 86.91
82.57 86.53
82.25 86.16
81.96 85.78
81.71 85.41
81.48 85.02
81.24 84.63
80.99 84.24
80.74 83.83
80.46 83.42
80.17 82.99
79.85 82.56
79.5 82.13
79.17 81.76
79.04 81.53
78.95 81.38
78.99 81.27
79.28 81.32
