68.0 71.43
71.17 73.08
76.47 75.84
83.88 79.71
92.94 84.49
102.91 89.84
113.1 95.31
122.76 100.49
131.21 105.01
137.88 108.61
142.44 111.17
144.77 112.72
145.0 113.36
143.42 113.31
140.45 112.81
136.48 112.08
131.87 111.31
126.9 110.6
121.73 110.0
116.54 109.46
111.42 108.92
106.44 108.29
101.67 107.5
97.15 106.51
92.91 105.31
88.97 103.94
85.36 102.42
82.09 100.81
79.21 99.16
76.71 97.48
74.61 95.83
72.92 94.22
71.63 92.66
70.71 91.15
70.17 89.69
69.96 88.29
70.07 86.95
70.46 85.69
71.11 84.54
71.94 83.5
72.9 82.58
73.91 81.75
74.88 81.0
75.75 80.3
76.47 79.64
77.03 79.02
77.42 78.43
77.67 77.89
77.81 77.42
77.88 77.02
77.9 76.71
77.85 76.47
77.73 76.28
77.51 76.11
77.17 75.95
76.71 75.77
76.15 75.56
75.5 75.32
74.8 75.04
74.04 74.75
73.24 74.42
72.45 74.08
71.64 73.71
70.83 73.32
70.01 72.9
69.16 72.45
68.34 72.04
67.72 71.66
67.3 71.55
66.94 71.56
