93.0 94.32
94.43 95.04
96.8 96.27
100.15 98.02
104.32 100.23
108.99 102.72
113.75 105.27
118.19 107.66
122.0 109.72
125.01 111.35
127.15 112.55
128.43 113.36
128.99 113.91
129.0 114.32
128.66 114.69
128.14 115.13
127.59 115.7
127.12 116.43
126.78 117.31
126.56 118.32
126.47 119.38
126.47 120.43
126.51 121.4
126.54 122.24
126.53 122.91
126.47 123.44
126.3 123.81
126.0 124.04
125.52 124.13
124.79 124.05
123.77 123.78
122.42 123.31
120.78 122.64
118.95 121.83
117.08 120.95
115.34 120.08
113.84 119.3
112.68 118.64
111.85 118.12
111.33 117.71
111.06 117.38
110.94 117.08
110.93 116.76
110.94 116.41
110.91 115.99
110.79 115.5
110.59 114.93
110.27 114.3
109.87 113.62
109.39 112.93
108.86 112.23
108.3 111.56
107.73 110.93
107.17 110.33
106.6 109.76
106.04 109.22
105.47 108.67
104.89 108.13
104.31 107.59
103.76 107.05
103.23 106.54
102.74 106.04
102.3 105.58
101.9 105.15
101.54 104.74
101.2 104.35
100.89 103.97
100.58 103.58
100.24 103.18
99.86 102.76
99.46 102.32
99.01 101.85
98.55 101.39
98.1 100.93
97.69 100.5
97.33 100.1
97.04 99.74
96.8 99.41
96.6 99.11
96.44 98.83
96.29 98.55
96.12 98.27
95.93 97.98
95.72 97.68
95.49 97.37
95.25 97.06
95.0 96.76
94.74 96.46
94.47 96.16
94.19 95.87
93.87 95.57
93.54 95.27
93.2 94.96
92.86 94.66
92.54 94.37
92.25 94.09
92.0 93.85
91.86 93.69
91.86 93.6
91.77 93.34
91.41 93.14
91.18 92.72
90.45 92.13
