85.0 85.89
86.76 86.85
89.63 88.39
93.6 90.52
98.5 93.16
103.96 96.12
109.54 99.16
114.81 102.06
119.45 104.61
123.22 106.73
126.02 108.36
127.83 109.57
128.77 110.43
129.0 111.07
128.68 111.58
128.0 112.09
127.14 112.65
126.21 113.3
125.28 114.06
124.39 114.89
123.54 115.73
122.72 116.54
121.92 117.25
121.16 117.84
120.44 118.31
119.76 118.66
119.12 118.91
118.51 119.07
117.89 119.15
117.24 119.13
116.52 119.0
115.69 118.73
114.72 118.32
113.61 117.75
112.36 117.04
111.01 116.22
109.66 115.33
108.37 114.43
107.22 113.56
106.27 112.77
105.53 112.08
105.01 111.48
104.68 110.96
104.51 110.51
104.47 110.1
104.5 109.72
104.57 109.34
104.66 108.96
104.73 108.56
104.73 108.14
104.67 107.69
104.53 107.21
104.31 106.72
104.02 106.22
103.68 105.75
103.32 105.3
102.94 104.88
102.55 104.49
102.16 104.1
101.75 103.72
101.32 103.34
100.87 102.94
100.39 102.54
99.9 102.13
99.4 101.72
98.89 101.32
98.39 100.93
97.89 100.55
97.39 100.16
96.9 99.77
96.41 99.37
95.94 98.98
95.5 98.58
95.1 98.2
94.74 97.84
94.41 97.48
94.11 97.13
93.81 96.78
93.52 96.43
93.22 96.06
92.92 95.69
92.62 95.32
92.33 94.96
92.06 94.6
91.8 94.26
91.55 93.93
91.32 93.62
91.1 93.33
90.9 93.05
90.72 92.79
90.57 92.54
90.45 92.31
90.34 92.09
90.23 91.88
90.1 91.67
89.96 91.45
89.77 91.21
89.55 90.97
89.33 90.72
89.09 90.47
88.86 90.24
88.64 90.02
88.45 89.82
88.29 89.64
88.15 89.48
88.04 89.33
87.93 89.2
87.81 89.06
87.67 88.9
87.5 88.73
87.31 88.54
87.1 88.33
86.87 88.1
86.62 87.88
86.42 87.67
86.19 87.46
85.94 87.23
85.75 87.06
85.72 87.04
85.93 87.16
86.06 87.17
86.03 87.07
86.1 87.02
86.12 86.87
85.91 86.6
