63.0 67.06
66.97 69.09
73.42 72.54
82.44 77.39
93.61 83.35
105.89 90.01
118.52 96.86
130.92 103.48
142.34 109.46
152.01 114.49
159.21 118.36
163.54 120.98
165.0 122.39
163.84 122.75
160.55 122.34
155.73 121.5
149.94 120.55
143.65 119.7
137.21 119.08
130.83 118.66
124.67 118.32
118.75 117.93
113.13 117.34
107.78 116.48
102.73 115.35
98.01 113.97
93.66 112.39
89.72 110.66
86.21 108.81
83.15 106.89
80.53 104.93
78.33 102.98
76.56 101.08
75.24 99.24
74.36 97.49
73.92 95.82
73.89 94.24
74.22 92.75
74.83 91.35
75.67 90.05
76.63 88.85
77.66 87.75
78.7 86.74
79.67 85.81
80.51 84.96
81.19 84.16
81.66 83.41
81.89 82.67
81.88 81.95
81.64 81.25
81.18 80.57
80.53 79.9
79.75 79.27
78.87 78.68
77.9 78.11
76.88 77.55
75.82 77.01
74.74 76.48
73.65 75.96
72.59 75.43
71.57 74.91
70.6 74.4
69.7 73.88
68.86 73.37
68.1 72.86
67.4 72.33
66.73 71.78
66.07 71.21
65.41 70.6
64.75 69.96
64.1 69.3
63.48 68.62
62.85 67.93
62.22 67.24
61.6 66.63
61.24 66.35
60.42 65.68
59.81 65.21
