76.0 77.07
78.01 78.15
81.24 79.88
85.73 82.31
91.35 85.34
97.7 88.79
104.3 92.4
110.7 95.92
116.53 99.12
121.49 101.88
125.41 104.14
128.31 105.96
130.28 107.41
131.43 108.63
131.96 109.72
132.0 110.75
131.68 111.81
131.12 112.89
130.37 114.01
129.48 115.13
128.48 116.21
127.4 117.2
126.29 118.08
125.17 118.82
124.06 119.42
123.0 119.89
121.95 120.23
120.89 120.45
119.82 120.56
118.74 120.54
117.6 120.39
116.39 120.09
115.08 119.61
113.64 118.96
112.06 118.12
110.36 117.12
108.58 116.0
106.8 114.8
105.06 113.56
103.43 112.34
101.98 111.18
100.75 110.1
99.79 109.13
99.08 108.26
98.61 107.49
98.35 106.79
98.25 106.15
98.28 105.56
98.39 104.99
98.53 104.45
98.7 103.91
98.85 103.39
98.98 102.88
99.05 102.37
99.06 101.88
99.0 101.39
98.87 100.9
98.65 100.42
98.37 99.95
98.01 99.48
97.57 99.02
97.06 98.55
96.49 98.08
95.87 97.61
95.24 97.16
94.63 96.72
94.05 96.29
93.47 95.87
92.86 95.44
92.22 94.99
91.53 94.51
90.8 94.0
90.04 93.47
89.32 92.94
88.63 92.41
87.99 91.9
87.43 91.41
86.91 90.92
86.42 90.44
85.94 89.96
85.47 89.47
85.01 88.98
84.57 88.49
84.18 88.02
83.82 87.56
83.5 87.11
83.21 86.67
82.93 86.23
82.65 85.81
82.39 85.4
82.14 85.01
81.9 84.63
81.69 84.28
81.49 83.95
81.29 83.62
81.07 83.28
80.82 82.94
80.55 82.59
80.25 82.24
79.94 81.9
79.65 81.58
79.39 81.29
79.15 81.02
78.95 80.78
78.8 80.56
78.69 80.36
78.6 80.17
78.54 80.0
78.46 79.83
78.36 79.65
78.2 79.46
78.0 79.24
77.78 79.01
77.53 78.76
77.28 78.52
77.05 78.29
76.8 78.06
76.58 77.85
76.37 77.65
76.16 77.45
75.94 77.26
75.75 77.09
75.63 76.99
75.61 76.89
75.52 76.62
75.19 76.46
74.82 76.25
74.22 75.8
