76.0 77.75
77.36 78.45
79.56 79.59
82.58 81.18
86.28 83.15
90.47 85.39
94.9 87.76
99.34 90.12
103.57 92.36
107.42 94.42
110.74 96.22
113.4 97.76
115.33 99.01
116.51 100.0
117.0 100.75
116.88 101.33
116.3 101.79
115.39 102.21
114.26 102.63
113.02 103.07
111.72 103.51
110.41 103.95
109.12 104.33
107.85 104.63
106.61 104.84
105.39 104.96
104.19 104.96
103.0 104.86
101.81 104.63
100.58 104.28
99.31 103.8
97.95 103.17
96.51 102.41
95.01 101.54
93.47 100.58
91.95 99.57
90.5 98.53
89.17 97.5
87.99 96.5
86.98 95.55
86.15 94.65
85.52 93.82
85.04 93.05
84.71 92.33
84.51 91.65
84.4 91.02
84.35 90.42
84.35 89.84
84.36 89.27
84.37 88.73
84.37 88.2
84.35 87.7
84.31 87.23
84.25 86.79
84.17 86.39
84.07 86.01
83.96 85.65
83.84 85.33
83.7 85.02
83.54 84.73
83.36 84.46
83.16 84.2
82.94 83.96
82.71 83.72
82.47 83.49
82.21 83.26
81.93 83.03
81.62 82.79
81.28 82.53
80.91 82.27
80.51 81.98
80.09 81.69
79.66 81.39
79.24 81.09
78.82 80.78
78.41 80.48
78.02 80.18
77.65 79.87
77.28 79.56
76.92 79.25
76.58 78.94
76.25 78.63
75.94 78.33
75.65 78.04
75.43 77.81
75.42 77.66
75.42 77.62
75.56 77.68
