67.0 67.31
68.24 68.01
70.2 69.11
72.94 70.63
76.41 72.55
80.44 74.76
84.73 77.13
88.98 79.46
92.89 81.62
96.22 83.49
98.84 84.99
100.66 86.12
101.7 86.91
102.0 87.42
101.63 87.7
100.7 87.82
99.33 87.84
97.65 87.8
95.76 87.74
93.77 87.69
91.78 87.63
89.82 87.56
87.94 87.46
86.17 87.31
84.52 87.09
82.98 86.79
81.57 86.41
80.26 85.97
79.05 85.47
77.93 84.91
76.89 84.3
75.92 83.63
75.01 82.91
74.17 82.15
73.38 81.34
72.65 80.52
71.99 79.68
71.42 78.86
70.93 78.06
70.55 77.3
70.28 76.6
70.12 75.97
70.09 75.42
70.2 74.96
70.45 74.6
70.84 74.34
71.37 74.19
72.0 74.11
72.7 74.11
73.43 74.16
74.14 74.23
74.8 74.31
75.37 74.39
75.85 74.45
76.2 74.49
76.44 74.51
76.57 74.51
76.57 74.49
76.47 74.46
76.27 74.4
75.98 74.33
75.61 74.25
75.19 74.15
74.73 74.05
74.26 73.94
73.8 73.83
73.35 73.72
72.93 73.6
72.52 73.47
72.12 73.33
71.73 73.18
71.36 73.01
71.01 72.82
70.67 72.62
70.36 72.42
70.07 72.2
69.8 71.97
69.55 71.74
69.3 71.49
69.07 71.23
68.83 70.97
68.6 70.7
68.38 70.44
68.16 70.17
67.96 69.91
67.78 69.66
67.61 69.42
67.45 69.19
67.31 68.97
67.18 68.76
67.06 68.56
66.95 68.37
66.84 68.18
66.75 68.01
66.66 67.84
66.57 67.68
66.47 67.53
66.38 67.38
66.31 67.25
66.29 67.16
66.31 67.12
66.42 67.13
66.69 67.25
66.91 67.31
67.12 67.38
