91.0 92.54
92.1 93.15
93.82 94.1
96.18 95.41
99.11 97.02
102.5 98.88
106.19 100.88
110.02 102.94
113.84 104.98
117.51 106.94
120.88 108.77
123.84 110.44
126.33 111.93
128.28 113.23
129.69 114.37
130.58 115.35
130.99 116.21
131.0 116.97
130.65 117.66
130.03 118.28
129.21 118.85
128.23 119.35
127.15 119.79
126.01 120.15
124.84 120.44
123.66 120.65
122.47 120.78
121.28 120.8
120.06 120.69
118.75 120.44
117.33 120.02
115.78 119.43
114.12 118.7
112.42 117.88
110.78 117.01
109.27 116.14
107.96 115.32
106.87 114.56
106.01 113.85
105.35 113.19
104.85 112.56
104.49 111.94
104.24 111.33
104.08 110.72
103.98 110.12
103.91 109.52
103.85 108.91
103.77 108.31
103.67 107.71
103.54 107.12
103.36 106.54
103.15 105.99
102.88 105.45
102.57 104.93
102.19 104.41
101.76 103.89
101.27 103.37
100.75 102.84
100.19 102.32
99.61 101.8
99.02 101.31
98.43 100.83
97.85 100.36
97.28 99.92
96.74 99.48
96.23 99.06
95.74 98.65
95.29 98.25
94.86 97.86
94.46 97.47
94.08 97.08
93.72 96.7
93.36 96.31
93.01 95.91
92.68 95.52
92.36 95.14
92.06 94.76
91.78 94.39
91.5 94.03
91.23 93.67
90.95 93.31
90.65 92.95
90.37 92.61
90.09 92.28
89.86 92.01
89.73 91.79
89.71 91.67
89.77 91.69
90.02 91.76
