64.0 65.38
67.0 67.02
71.95 69.71
78.92 73.48
87.61 78.18
97.32 83.48
107.27 88.95
116.7 94.14
124.88 98.65
131.24 102.22
135.5 104.74
137.67 106.29
138.0 107.04
136.82 107.23
134.5 107.1
131.35 106.83
127.59 106.54
123.45 106.29
119.07 106.07
114.54 105.85
109.99 105.56
105.5 105.15
101.13 104.54
96.91 103.72
92.86 102.66
88.98 101.37
85.3 99.91
81.86 98.32
78.73 96.67
75.96 95.0
73.56 93.35
71.53 91.73
69.85 90.12
68.49 88.52
67.42 86.92
66.64 85.32
66.12 83.74
65.84 82.21
65.76 80.74
65.81 79.35
65.97 78.04
66.18 76.81
66.44 75.65
66.71 74.57
66.97 73.57
67.19 72.64
67.34 71.78
67.38 70.98
67.31 70.22
67.16 69.52
66.95 68.88
66.7 68.3
66.43 67.79
66.13 67.33
65.79 66.93
65.4 66.54
64.96 66.17
64.45 65.79
63.91 65.42
63.35 65.07
62.93 64.87
63.1 65.04
63.29 65.44
