72.99 74.39
74.66 75.29
77.34 76.75
81.08 78.79
85.81 81.34
91.21 84.24
96.83 87.24
102.17 90.08
106.75 92.53
110.3 94.46
112.74 95.85
114.17 96.79
114.84 97.45
114.99 97.99
114.87 98.57
114.59 99.25
114.21 100.07
113.8 101.0
113.37 102.01
112.94 103.05
112.53 104.07
112.1 105.03
111.7 105.9
111.29 106.65
110.88 107.26
110.46 107.73
110.01 108.08
109.56 108.34
109.1 108.54
108.63 108.7
108.16 108.81
107.67 108.87
107.15 108.84
106.59 108.7
105.93 108.42
105.16 107.98
104.19 107.37
103.01 106.61
101.62 105.71
100.08 104.71
98.5 103.66
96.95 102.63
95.52 101.64
94.3 100.76
93.3 99.99
92.59 99.35
92.12 98.83
91.88 98.39
91.81 98.01
91.82 97.63
91.83 97.23
91.78 96.76
91.65 96.22
91.43 95.62
91.1 94.97
90.72 94.3
90.3 93.64
89.85 93.01
89.39 92.42
88.91 91.86
88.42 91.33
87.93 90.82
87.42 90.32
86.93 89.84
86.44 89.36
85.95 88.88
85.45 88.41
84.93 87.93
84.42 87.45
83.92 86.97
83.42 86.5
82.9 86.02
82.37 85.54
81.83 85.06
81.29 84.58
80.75 84.1
80.26 83.63
79.79 83.17
79.37 82.73
78.98 82.31
78.62 81.92
78.34 81.56
78.08 81.2
77.87 80.87
77.68 80.54
77.48 80.2
77.29 79.87
77.07 79.53
76.84 79.19
76.6 78.85
76.35 78.52
76.12 78.19
75.89 77.88
75.66 77.58
75.46 77.29
75.23 77.01
74.98 76.72
74.71 76.43
74.39 76.12
74.03 75.8
73.63 75.46
73.23 75.13
72.85 74.83
72.54 74.6
72.45 74.51
72.59 74.63
72.9 74.82
