103.0 104.08
103.85 104.57
105.24 105.36
107.16 106.42
109.53 107.73
112.24 109.21
115.12 110.78
118.05 112.37
120.93 113.93
123.71 115.45
126.34 116.91
128.77 118.32
130.97 119.67
132.89 120.95
134.49 122.15
135.75 123.26
136.69 124.28
137.33 125.25
137.73 126.16
137.93 127.04
138.0 127.9
137.96 128.74
137.87 129.54
137.74 130.31
137.59 131.03
137.42 131.71
137.22 132.33
136.98 132.88
136.69 133.34
136.32 133.69
135.84 133.9
135.19 133.93
134.3 133.75
133.1 133.35
131.59 132.73
129.8 131.93
127.87 131.03
125.94 130.11
124.17 129.23
122.67 128.47
121.47 127.82
120.57 127.28
119.9 126.81
119.42 126.36
119.07 125.92
118.82 125.44
118.63 124.94
118.47 124.4
118.32 123.83
118.16 123.24
117.97 122.62
117.73 121.98
117.44 121.33
117.09 120.68
116.68 120.05
116.22 119.42
115.72 118.82
115.21 118.23
114.67 117.65
114.13 117.08
113.59 116.52
113.06 115.98
112.53 115.46
112.03 114.96
111.54 114.49
111.07 114.03
110.61 113.59
110.17 113.16
109.76 112.75
109.36 112.35
109.0 111.96
108.67 111.58
108.36 111.22
108.08 110.87
107.82 110.53
107.57 110.2
107.35 109.87
107.13 109.56
106.93 109.25
106.75 108.95
106.57 108.66
106.4 108.38
106.22 108.11
106.06 107.84
105.88 107.58
105.72 107.33
105.55 107.08
105.38 106.85
105.21 106.61
105.02 106.38
104.83 106.15
104.62 105.92
104.4 105.69
104.17 105.46
103.94 105.23
103.71 105.02
103.49 104.81
103.3 104.65
103.2 104.52
103.19 104.43
103.1 104.39
102.87 104.24
102.72 104.06
102.34 103.82
