85.0 86.36
86.52 87.17
88.92 88.47
92.26 90.28
96.43 92.54
101.2 95.12
106.25 97.83
111.21 100.48
115.74 102.88
119.55 104.91
122.48 106.52
124.47 107.71
125.6 108.56
126.0 109.17
125.83 109.65
125.28 110.09
124.46 110.55
123.45 111.05
122.34 111.6
121.13 112.15
119.88 112.68
118.58 113.13
117.24 113.46
115.87 113.66
114.48 113.7
113.05 113.57
111.54 113.27
109.91 112.79
108.12 112.13
106.2 111.31
104.18 110.38
102.18 109.38
100.31 108.38
98.69 107.43
97.38 106.56
96.39 105.78
95.7 105.09
95.29 104.46
95.09 103.86
95.03 103.29
95.08 102.71
95.18 102.12
95.28 101.52
95.38 100.9
95.46 100.29
95.48 99.66
95.45 99.05
95.35 98.44
95.2 97.86
94.98 97.31
94.69 96.78
94.36 96.28
93.98 95.8
93.56 95.33
93.11 94.87
92.64 94.42
92.15 93.98
91.65 93.55
91.14 93.13
90.62 92.72
90.11 92.32
89.6 91.93
89.09 91.54
88.59 91.16
88.1 90.78
87.64 90.41
87.21 90.04
86.8 89.68
86.42 89.32
86.07 88.97
85.74 88.61
85.43 88.26
85.13 87.9
84.85 87.56
84.59 87.21
84.34 86.88
84.11 86.56
83.9 86.25
83.72 85.97
83.6 85.74
83.6 85.6
83.85 85.63
84.36 85.8
