74.99 75.58
76.4 76.34
78.63 77.56
81.76 79.27
85.65 81.41
90.07 83.85
94.7 86.41
99.19 88.89
103.25 91.14
106.67 93.04
109.37 94.57
111.34 95.78
112.67 96.76
113.49 97.6
113.93 98.4
114.1 99.23
114.16 100.16
114.19 101.2
114.27 102.37
114.44 103.63
114.71 104.95
115.05 106.27
115.4 107.5
115.69 108.62
115.9 109.57
115.99 110.35
115.98 110.99
115.84 111.49
115.56 111.89
115.16 112.21
114.67 112.44
114.08 112.58
113.39 112.61
112.62 112.53
111.75 112.32
110.7 111.94
109.43 111.39
107.96 110.68
106.3 109.83
104.56 108.89
102.84 107.92
101.24 106.99
99.86 106.14
98.74 105.41
97.87 104.77
97.2 104.2
96.72 103.69
96.39 103.19
96.17 102.71
96.04 102.22
95.97 101.73
95.9 101.22
95.8 100.68
95.64 100.11
95.42 99.5
95.11 98.85
94.73 98.18
94.3 97.51
93.78 96.84
93.17 96.18
92.52 95.55
91.86 94.94
91.23 94.37
90.68 93.84
90.19 93.34
89.77 92.87
89.34 92.41
88.89 91.94
88.38 91.45
87.84 90.95
87.28 90.44
86.72 89.95
86.24 89.49
85.82 89.06
85.42 88.66
85.05 88.26
84.68 87.85
84.27 87.4
83.8 86.91
83.29 86.39
82.76 85.87
82.24 85.37
81.77 84.91
81.39 84.5
81.09 84.14
80.87 83.8
80.65 83.47
80.37 83.12
80.02 82.73
79.6 82.3
79.15 81.85
78.73 81.42
78.39 81.02
78.18 80.69
78.06 80.42
78.01 80.2
77.96 79.99
77.86 79.77
77.68 79.51
77.44 79.22
77.17 78.92
76.93 78.63
76.71 78.36
76.55 78.13
76.43 77.91
76.29 77.69
76.09 77.45
75.81 77.17
75.48 76.87
75.1 76.55
74.72 76.24
74.37 75.96
74.06 75.71
73.89 75.52
73.82 75.38
73.66 75.22
73.47 74.99
73.35 74.81
73.28 74.65
73.19 74.48
73.17 74.4
73.38 74.4
