52.0 53.27
54.31 54.59
58.17 56.75
63.73 59.83
70.82 63.69
78.89 68.06
87.16 72.53
94.85 76.7
101.36 80.22
106.34 82.93
109.69 84.8
111.51 85.98
112.0 86.62
111.38 86.92
109.84 87.02
107.6 87.03
104.91 87.05
102.02 87.13
99.07 87.3
96.21 87.57
93.52 87.91
91.03 88.24
88.71 88.5
86.62 88.62
84.73 88.58
83.05 88.37
81.54 88.03
80.18 87.59
78.9 87.05
77.62 86.39
76.29 85.59
74.81 84.59
73.19 83.4
71.49 82.04
69.77 80.59
68.13 79.11
66.7 77.7
65.55 76.41
64.74 75.29
64.3 74.35
64.21 73.6
64.48 73.04
65.09 72.64
65.95 72.39
67.0 72.25
68.17 72.18
69.36 72.13
70.47 72.08
71.42 71.99
72.18 71.85
72.73 71.66
73.04 71.44
73.14 71.19
73.05 70.92
72.78 70.64
72.36 70.37
71.83 70.09
71.21 69.82
70.53 69.55
69.81 69.28
69.06 69.0
68.27 68.71
67.46 68.41
66.65 68.08
65.85 67.74
65.08 67.39
64.37 67.04
63.71 66.69
63.13 66.34
62.57 65.99
62.04 65.61
61.51 65.21
61.0 64.77
60.47 64.3
59.93 63.81
59.4 63.29
58.89 62.77
58.41 62.25
57.95 61.73
57.51 61.22
57.09 60.71
56.68 60.21
56.25 59.71
55.83 59.21
55.42 58.72
55.03 58.25
54.66 57.79
54.32 57.35
54.01 56.93
53.71 56.53
53.44 56.14
53.17 55.77
52.9 55.4
52.6 55.02
52.28 54.64
51.94 54.25
51.58 53.87
51.24 53.49
50.93 53.13
50.63 52.79
50.34 52.47
50.07 52.16
49.82 51.88
49.63 51.66
49.6 51.52
49.64 51.42
49.74 51.3
49.89 51.28
50.11 51.19
