93.0 93.66
95.19 94.78
98.76 96.62
103.77 99.24
110.03 102.55
117.03 106.33
124.17 110.26
130.95 114.04
136.89 117.38
141.58 120.09
144.83 122.08
146.6 123.37
147.0 124.09
146.26 124.37
144.7 124.39
142.58 124.32
140.15 124.28
137.64 124.36
135.19 124.59
132.89 124.97
130.8 125.45
128.94 125.95
127.3 126.42
125.86 126.78
124.58 127.0
123.41 127.06
122.31 126.96
121.23 126.71
120.17 126.33
119.07 125.81
117.9 125.14
116.6 124.32
115.15 123.34
113.56 122.21
111.85 120.94
110.13 119.6
108.52 118.24
107.12 116.94
106.02 115.77
105.27 114.76
104.89 113.94
104.86 113.29
105.12 112.8
105.59 112.41
106.18 112.09
106.81 111.8
107.4 111.5
107.91 111.17
108.29 110.8
108.52 110.39
108.61 109.94
108.57 109.48
108.39 109.01
108.07 108.53
107.63 108.05
107.06 107.57
106.35 107.07
105.54 106.55
104.66 106.02
103.75 105.48
102.87 104.96
102.03 104.48
101.27 104.02
100.58 103.6
99.96 103.2
99.39 102.82
98.86 102.43
98.35 102.03
97.86 101.62
97.37 101.18
96.9 100.73
96.44 100.27
96.01 99.81
95.6 99.35
95.24 98.91
94.92 98.48
94.64 98.07
94.41 97.68
94.22 97.32
94.04 96.96
93.88 96.62
93.71 96.28
93.54 95.94
93.38 95.61
93.23 95.3
93.12 95.01
93.04 94.76
93.0 94.54
92.96 94.34
92.9 94.14
92.81 93.95
92.68 93.74
92.5 93.53
92.29 93.3
92.05 93.06
91.8 92.83
91.55 92.6
91.33 92.4
91.21 92.24
91.12 92.15
91.15 92.09
91.32 92.13
91.37 92.21
91.58 92.26
