68.0 69.13
70.44 70.47
74.26 72.56
79.49 75.44
85.96 78.99
93.35 83.06
101.27 87.41
109.29 91.77
116.88 95.86
123.5 99.44
128.65 102.33
132.08 104.46
133.77 105.85
134.0 106.67
133.12 107.13
131.57 107.46
129.67 107.86
127.66 108.44
125.71 109.23
123.9 110.2
122.26 111.28
120.82 112.38
119.58 113.44
118.49 114.38
117.52 115.17
116.6 115.77
115.68 116.14
114.71 116.28
113.62 116.17
112.36 115.81
110.86 115.22
109.09 114.42
107.1 113.45
104.98 112.33
102.85 111.14
100.84 109.9
99.06 108.69
97.57 107.54
96.4 106.48
95.54 105.54
95.01 104.73
94.79 104.02
94.82 103.42
95.05 102.88
95.39 102.39
95.75 101.92
96.08 101.43
96.36 100.93
96.56 100.4
96.67 99.86
96.7 99.3
96.63 98.74
96.43 98.17
96.1 97.6
95.66 97.03
95.11 96.45
94.43 95.87
93.66 95.27
92.82 94.67
91.92 94.05
90.98 93.43
90.02 92.8
89.04 92.16
88.05 91.5
87.05 90.85
86.11 90.21
85.25 89.61
84.49 89.03
83.82 88.49
83.26 87.97
82.71 87.45
82.15 86.89
81.53 86.29
80.88 85.65
80.19 84.98
79.52 84.29
78.89 83.62
78.35 82.97
77.89 82.37
77.49 81.8
77.13 81.26
76.79 80.75
76.45 80.25
76.07 79.75
75.69 79.24
75.31 78.75
74.94 78.26
74.62 77.8
74.36 77.37
74.17 76.97
74.0 76.61
73.84 76.27
73.66 75.94
73.45 75.61
73.23 75.29
73.02 74.97
72.84 74.67
72.68 74.39
72.55 74.13
72.42 73.89
72.26 73.66
72.08 73.43
71.87 73.19
71.63 72.94
71.36 72.68
71.07 72.41
70.78 72.14
70.49 71.87
70.21 71.6
69.95 71.34
69.69 71.09
69.41 70.84
69.13 70.59
68.84 70.34
68.56 70.1
68.3 69.86
68.05 69.63
67.8 69.39
67.52 69.13
67.2 68.84
66.82 68.52
66.43 68.19
66.03 67.85
65.67 67.54
65.37 67.3
65.18 67.15
65.21 67.24
65.46 67.55
65.85 67.94
66.43 68.41
66.9 68.82
67.37 69.09
