89.0 89.89
90.63 90.79
93.02 92.11
96.22 93.89
100.2 96.1
104.89 98.69
110.11 101.57
115.67 104.62
121.28 107.7
126.68 110.7
131.58 113.47
135.76 115.93
139.07 118.04
141.48 119.8
143.03 121.25
143.82 122.45
144.0 123.5
143.7 124.47
143.07 125.42
142.23 126.38
141.3 127.37
140.37 128.38
139.49 129.41
138.7 130.42
138.0 131.38
137.37 132.26
136.79 133.03
136.22 133.67
135.63 134.14
134.96 134.44
134.16 134.53
133.16 134.41
131.92 134.05
130.39 133.45
128.55 132.6
126.44 131.53
124.13 130.28
121.74 128.93
119.38 127.53
117.18 126.17
115.23 124.89
113.59 123.73
112.27 122.69
111.27 121.77
110.57 120.95
110.13 120.2
109.92 119.51
109.87 118.85
109.93 118.21
110.05 117.57
110.17 116.92
110.26 116.25
110.28 115.56
110.22 114.87
110.08 114.17
109.87 113.49
109.59 112.83
109.24 112.18
108.82 111.55
108.32 110.92
107.75 110.3
107.11 109.66
106.41 109.03
105.67 108.4
104.91 107.78
104.14 107.18
103.4 106.6
102.67 106.04
101.96 105.49
101.28 104.96
100.62 104.44
99.97 103.93
99.35 103.42
98.76 102.91
98.2 102.4
97.68 101.9
97.22 101.41
96.81 100.94
96.47 100.49
96.16 100.06
95.9 99.65
95.65 99.25
95.44 98.86
95.25 98.49
95.09 98.13
94.94 97.78
94.81 97.44
94.66 97.11
94.51 96.79
94.34 96.48
94.18 96.18
94.03 95.9
93.9 95.65
93.8 95.42
93.72 95.22
93.65 95.05
93.6 94.88
93.54 94.72
93.44 94.55
93.3 94.36
93.12 94.15
92.88 93.93
92.6 93.69
92.32 93.46
92.05 93.23
91.8 93.02
91.56 92.83
91.35 92.65
91.13 92.47
90.9 92.29
90.64 92.09
90.37 91.87
90.08 91.65
89.82 91.43
89.61 91.25
89.53 91.15
89.68 91.19
90.16 91.44
91.12 91.95
