71.0 71.45
71.5 71.72
72.33 72.17
73.5 72.8
74.95 73.58
76.55 74.45
78.19 75.36
79.78 76.25
81.29 77.1
82.77 77.94
84.26 78.78
85.81 79.67
87.39 80.62
88.95 81.61
90.4 82.61
91.67 83.57
92.7 84.47
93.5 85.27
94.07 86.0
94.45 86.66
94.7 87.28
94.86 87.87
94.95 88.44
94.99 89.0
95.0 89.53
94.97 90.04
94.91 90.53
94.84 91.0
94.74 91.44
94.63 91.85
94.49 92.2
94.34 92.5
94.16 92.73
93.96 92.9
93.72 93.0
93.43 93.05
93.08 93.03
92.63 92.93
92.07 92.75
91.38 92.46
90.57 92.08
89.65 91.62
88.67 91.09
87.68 90.53
86.73 89.97
85.87 89.45
85.13 88.97
84.52 88.54
84.04 88.16
83.66 87.82
83.39 87.5
83.17 87.18
83.01 86.87
82.88 86.55
82.78 86.23
82.69 85.89
82.61 85.56
82.53 85.23
82.44 84.89
82.33 84.56
82.2 84.24
82.04 83.92
81.85 83.6
81.63 83.29
81.39 82.99
81.14 82.69
80.9 82.4
80.66 82.13
80.43 81.87
80.21 81.62
80.0 81.38
79.77 81.15
79.53 80.92
79.27 80.68
78.99 80.44
78.7 80.19
78.4 79.94
78.1 79.69
77.8 79.44
77.51 79.19
77.24 78.95
76.98 78.71
76.74 78.49
76.52 78.27
76.34 78.07
76.18 77.88
76.04 77.71
75.92 77.53
75.81 77.36
75.71 77.18
75.61 77.0
75.5 76.82
75.38 76.64
75.26 76.46
75.14 76.29
75.02 76.12
74.9 75.96
74.78 75.8
74.65 75.65
74.53 75.5
74.4 75.35
74.27 75.21
74.13 75.06
73.98 74.91
73.84 74.76
73.7 74.62
73.56 74.47
73.42 74.33
73.29 74.19
73.16 74.07
73.05 73.95
72.95 73.84
72.88 73.74
72.82 73.65
72.77 73.56
72.73 73.49
72.69 73.41
72.65 73.34
72.61 73.26
72.57 73.18
72.53 73.1
72.47 73.01
72.38 72.91
72.28 72.8
72.16 72.69
72.05 72.59
71.93 72.49
71.84 72.4
71.78 72.32
71.72 72.26
71.68 72.2
71.64 72.14
71.59 72.08
71.55 72.02
71.52 71.96
71.49 71.93
71.48 71.92
71.5 71.96
71.53 71.99
71.6 72.07
