88.99 94.29
93.97 96.82
102.51 101.24
114.64 107.54
129.43 115.28
145.28 123.67
160.49 131.77
173.6 138.75
183.57 144.02
190.0 147.4
193.0 149.05
192.93 149.33
190.35 148.67
185.83 147.51
179.97 146.16
173.29 144.86
166.24 143.76
159.17 142.93
152.33 142.36
145.83 141.99
139.71 141.65
133.97 141.19
128.64 140.46
123.77 139.38
119.42 138.01
115.66 136.46
112.58 134.91
110.28 133.49
108.75 132.27
107.91 131.24
107.66 130.33
107.84 129.43
108.26 128.47
108.81 127.37
109.38 126.12
109.87 124.73
110.19 123.2
110.3 121.58
110.18 119.88
109.81 118.16
109.28 116.47
108.62 114.84
107.86 113.32
107.03 111.93
106.1 110.64
105.08 109.45
103.96 108.32
102.78 107.25
101.6 106.22
100.44 105.25
99.34 104.34
98.32 103.5
97.37 102.72
96.5 102.0
95.65 101.29
94.83 100.57
93.99 99.83
93.1 99.05
92.21 98.24
91.3 97.4
90.37 96.55
89.43 95.69
88.57 94.95
88.09 94.6
88.55 94.55
89.24 94.78
