70.99 73.45
73.03 74.58
76.38 76.44
81.1 79.03
87.02 82.26
93.72 85.88
100.69 89.6
107.39 93.14
113.35 96.27
118.31 98.86
122.14 100.91
124.9 102.51
126.69 103.76
127.66 104.81
127.99 105.75
127.78 106.64
127.1 107.51
126.06 108.36
124.67 109.16
123.01 109.87
121.09 110.44
118.97 110.85
116.73 111.08
114.44 111.14
112.2 111.04
110.05 110.83
108.01 110.53
106.11 110.17
104.28 109.72
102.47 109.16
100.6 108.42
98.61 107.48
96.51 106.31
94.28 104.94
92.01 103.41
89.8 101.8
87.71 100.16
85.85 98.57
84.24 97.06
82.89 95.65
81.81 94.35
80.95 93.14
80.32 92.01
79.85 90.94
79.5 89.91
79.28 88.92
79.15 87.98
79.11 87.08
79.13 86.24
79.18 85.47
79.28 84.77
79.39 84.13
79.49 83.55
79.57 83.02
79.62 82.53
79.63 82.06
79.59 81.61
79.48 81.18
79.34 80.76
79.15 80.37
78.93 80.01
78.67 79.67
78.38 79.36
78.06 79.05
77.69 78.75
77.29 78.44
76.86 78.12
76.38 77.79
75.87 77.45
75.32 77.09
74.74 76.71
74.14 76.33
73.54 75.93
72.98 75.54
72.44 75.16
71.95 74.8
71.53 74.46
71.15 74.16
70.89 73.91
70.74 73.72
70.78 73.76
71.09 73.92
