74.0 77.4
77.8 79.34
84.05 82.58
92.82 87.17
103.76 92.93
116.07 99.46
128.72 106.21
140.66 112.61
150.98 118.15
158.96 122.5
164.23 125.54
166.8 127.34
167.0 128.13
165.3 128.25
162.28 128.02
158.39 127.68
153.86 127.39
148.91 127.19
143.67 127.05
138.19 126.86
132.52 126.51
126.75 125.9
120.94 124.96
115.21 123.67
109.68 122.09
104.5 120.28
99.77 118.37
95.58 116.43
91.97 114.54
88.93 112.73
86.47 111.0
84.54 109.33
83.12 107.7
82.11 106.07
81.46 104.4
81.09 102.69
80.96 100.97
81.04 99.24
81.27 97.57
81.63 95.97
82.05 94.47
82.47 93.06
82.84 91.75
83.11 90.52
83.28 89.36
83.33 88.26
83.26 87.23
83.09 86.28
82.87 85.41
82.63 84.62
82.34 83.93
82.03 83.33
81.72 82.82
81.41 82.38
81.05 82.0
80.65 81.65
80.21 81.31
79.7 80.95
79.09 80.55
78.39 80.11
77.57 79.6
76.68 79.04
75.74 78.44
74.76 77.82
73.78 77.19
72.84 76.57
71.94 75.99
71.14 75.48
70.57 75.14
70.47 75.1
71.22 75.51
72.68 76.42
