81.0 84.57
85.97 87.22
94.95 91.9
107.9 98.62
123.71 106.88
140.26 115.67
155.2 123.83
166.99 130.42
175.12 135.02
179.94 137.74
182.29 139.13
183.0 139.89
182.65 140.6
181.65 141.6
180.23 142.98
178.55 144.69
176.72 146.61
174.85 148.7
173.07 150.92
171.47 153.23
170.08 155.54
168.83 157.65
167.62 159.37
166.27 160.52
164.61 161.05
162.55 161.03
160.04 160.59
157.16 159.89
153.98 159.03
150.62 158.02
147.21 156.83
143.77 155.38
140.25 153.63
136.62 151.57
132.85 149.24
128.99 146.71
125.17 144.07
121.57 141.43
118.38 138.9
115.75 136.53
113.71 134.4
112.26 132.49
111.32 130.79
110.79 129.25
110.5 127.8
110.34 126.39
110.19 124.96
109.96 123.49
109.61 121.96
109.12 120.38
108.5 118.75
107.73 117.1
106.8 115.45
105.71 113.81
104.47 112.21
103.14 110.65
101.76 109.16
100.36 107.74
98.98 106.38
97.66 105.09
96.37 103.84
95.1 102.63
93.84 101.45
92.62 100.3
91.42 99.18
90.27 98.1
89.22 97.08
88.31 96.13
87.54 95.25
86.91 94.44
86.39 93.68
85.95 92.95
85.54 92.23
85.1 91.49
84.61 90.72
84.07 89.93
83.5 89.12
82.91 88.31
82.36 87.54
81.87 86.8
81.43 86.13
81.03 85.58
80.95 85.45
81.81 85.96
82.96 86.79
