92.0 93.26
94.06 94.34
97.27 96.05
101.68 98.42
107.15 101.37
113.39 104.76
120.1 108.41
126.87 112.09
133.33 115.62
139.11 118.82
143.94 121.59
147.7 123.89
150.35 125.75
152.0 127.25
152.82 128.49
153.0 129.6
152.69 130.66
152.05 131.74
151.18 132.86
150.16 134.0
149.03 135.13
147.86 136.22
146.69 137.23
145.57 138.15
144.55 138.97
143.65 139.7
142.87 140.35
142.19 140.9
141.58 141.35
141.01 141.69
140.42 141.89
139.75 141.93
138.91 141.76
137.82 141.36
136.43 140.7
134.73 139.78
132.8 138.65
130.76 137.38
128.74 136.06
126.88 134.79
125.27 133.63
123.97 132.61
122.97 131.73
122.26 130.98
121.78 130.32
121.49 129.72
121.33 129.13
121.25 128.55
121.21 127.95
121.17 127.32
121.09 126.67
120.95 125.99
120.75 125.3
120.47 124.59
120.12 123.9
119.71 123.21
119.23 122.54
118.69 121.88
118.08 121.22
117.39 120.55
116.65 119.87
115.87 119.18
115.07 118.49
114.27 117.82
113.48 117.16
112.72 116.53
111.98 115.91
111.27 115.32
110.6 114.74
109.96 114.19
109.38 113.65
108.83 113.12
108.31 112.6
107.84 112.1
107.4 111.59
106.98 111.09
106.57 110.59
106.19 110.1
105.82 109.62
105.47 109.15
105.16 108.69
104.86 108.25
104.56 107.81
104.27 107.37
103.95 106.94
103.62 106.5
103.29 106.08
102.96 105.66
102.63 105.25
102.33 104.87
102.04 104.5
101.74 104.14
101.45 103.8
101.16 103.46
100.87 103.12
100.57 102.78
100.27 102.46
99.98 102.14
99.69 101.82
99.41 101.52
99.12 101.22
98.84 100.92
98.56 100.62
98.27 100.32
97.98 100.02
97.7 99.73
97.44 99.44
97.18 99.16
96.92 98.87
96.65 98.59
96.35 98.29
96.04 98.0
95.73 97.7
95.42 97.4
95.11 97.1
94.82 96.82
94.53 96.53
94.24 96.24
93.94 95.94
93.64 95.65
93.34 95.35
93.04 95.06
92.76 94.78
92.51 94.51
92.27 94.25
92.07 94.03
91.98 93.87
91.98 93.67
91.74 93.41
91.22 93.1
90.95 92.53
90.17 91.92
