69.0 71.6
71.83 73.19
76.84 75.91
84.05 79.76
92.94 84.49
102.52 89.6
111.7 94.53
119.58 98.75
125.66 101.99
129.85 104.18
132.22 105.44
133.0 106.02
132.42 106.18
130.83 106.12
128.51 106.01
125.74 105.94
122.71 105.95
119.56 106.07
116.36 106.27
113.17 106.51
110.03 106.69
106.98 106.74
104.03 106.56
101.17 106.1
98.39 105.35
95.67 104.37
92.98 103.21
90.31 101.93
87.7 100.58
85.21 99.19
82.94 97.78
80.96 96.38
79.35 95.02
78.14 93.73
77.3 92.51
76.81 91.39
76.62 90.33
76.68 89.35
76.93 88.42
77.33 87.54
77.79 86.7
78.26 85.89
78.7 85.11
79.06 84.33
79.29 83.56
79.41 82.81
79.39 82.07
79.23 81.37
78.96 80.7
78.6 80.08
78.17 79.5
77.69 78.97
77.19 78.48
76.7 78.04
76.22 77.64
75.75 77.28
75.28 76.94
74.8 76.61
74.31 76.27
73.82 75.94
73.32 75.59
72.83 75.24
72.35 74.89
71.88 74.54
71.43 74.19
70.99 73.83
70.55 73.47
70.11 73.08
69.66 72.69
69.22 72.31
68.89 72.0
68.8 71.91
69.15 72.08
69.87 72.46
