61.99 64.14
64.46 65.38
68.28 67.37
73.46 70.11
79.87 73.55
87.29 77.51
95.28 81.77
103.34 86.06
110.96 90.14
117.64 93.77
123.06 96.84
127.1 99.32
129.82 101.25
131.38 102.77
131.99 104.02
131.84 105.11
131.06 106.12
129.76 107.09
128.04 108.0
125.95 108.81
123.57 109.5
120.96 110.02
118.2 110.36
115.33 110.48
112.4 110.39
109.42 110.08
106.41 109.54
103.36 108.8
100.31 107.86
97.29 106.76
94.34 105.54
91.53 104.22
88.93 102.83
86.57 101.4
84.5 99.96
82.74 98.52
81.3 97.11
80.16 95.73
79.3 94.39
78.67 93.11
78.24 91.86
77.98 90.67
77.87 89.52
77.87 88.42
77.93 87.38
78.03 86.38
78.11 85.42
78.14 84.49
78.08 83.59
77.93 82.71
77.71 81.86
77.43 81.06
77.1 80.3
76.74 79.6
76.35 78.94
75.94 78.33
75.48 77.76
75.0 77.22
74.49 76.7
73.95 76.2
73.38 75.71
72.8 75.23
72.2 74.76
71.61 74.29
71.02 73.82
70.42 73.36
69.82 72.89
69.22 72.42
68.62 71.95
68.05 71.48
67.5 71.01
66.97 70.54
66.47 70.06
65.97 69.58
65.48 69.09
64.99 68.6
64.5 68.09
64.02 67.58
63.54 67.07
63.06 66.56
62.59 66.07
62.14 65.58
61.71 65.11
61.31 64.68
60.97 64.22
60.61 63.72
60.32 63.32
59.97 63.05
59.68 62.72
59.52 62.56
