65.0 66.13
66.6 67.02
69.08 68.38
72.52 70.26
76.84 72.61
81.86 75.34
87.29 78.29
92.83 81.29
98.14 84.16
102.92 86.77
106.96 89.03
110.09 90.88
112.28 92.33
113.54 93.45
114.0 94.3
113.77 94.96
113.04 95.54
111.94 96.08
110.62 96.64
109.21 97.25
107.79 97.9
106.44 98.57
105.21 99.24
104.12 99.88
103.18 100.46
102.36 100.97
101.64 101.37
100.96 101.64
100.25 101.76
99.4 101.68
98.35 101.37
97.04 100.82
95.49 100.05
93.73 99.1
91.88 98.03
90.07 96.92
88.39 95.84
86.9 94.81
85.63 93.86
84.59 93.0
83.75 92.21
83.14 91.49
82.75 90.84
82.59 90.26
82.61 89.74
82.8 89.28
83.08 88.85
83.42 88.45
83.76 88.05
84.05 87.64
84.24 87.22
84.34 86.77
84.3 86.3
84.11 85.81
83.8 85.29
83.4 84.76
82.91 84.23
82.36 83.7
81.78 83.2
81.16 82.71
80.53 82.25
79.88 81.8
79.22 81.36
78.55 80.92
77.91 80.48
77.29 80.05
76.71 79.63
76.16 79.23
75.67 78.84
75.21 78.46
74.79 78.09
74.38 77.71
73.98 77.32
73.58 76.92
73.2 76.51
72.83 76.1
72.5 75.69
72.22 75.31
71.98 74.95
71.78 74.61
71.6 74.29
71.41 73.96
71.18 73.63
70.92 73.28
70.64 72.91
70.35 72.55
70.09 72.2
69.86 71.89
69.68 71.6
69.5 71.34
69.34 71.1
69.17 70.87
69.0 70.64
68.82 70.41
68.64 70.18
68.46 69.96
68.3 69.75
68.17 69.56
68.07 69.38
68.0 69.23
67.95 69.1
67.92 68.98
67.88 68.86
67.82 68.73
67.68 68.57
67.5 68.38
67.23 68.14
66.9 67.87
66.51 67.58
66.11 67.27
65.69 66.97
65.29 66.68
64.9 66.42
64.55 66.18
64.26 65.98
64.04 65.82
63.92 65.72
63.94 65.71
64.18 65.81
64.37 65.87
64.75 65.97
