84.0 85.35
85.5 86.17
87.86 87.46
91.11 89.24
95.14 91.45
99.78 93.99
104.82 96.74
110.0 99.54
115.0 102.22
119.47 104.62
123.06 106.59
125.54 108.04
126.84 108.96
127.0 109.4
126.2 109.47
124.71 109.33
122.77 109.14
120.64 109.02
118.52 109.05
116.56 109.25
114.83 109.61
113.39 110.06
112.24 110.58
111.35 111.1
110.7 111.6
110.25 112.04
109.99 112.42
109.87 112.72
109.86 112.93
109.91 113.04
109.97 113.07
109.98 112.99
109.85 112.79
109.54 112.46
108.98 111.96
108.14 111.29
107.07 110.47
105.83 109.54
104.54 108.56
103.31 107.62
102.25 106.79
101.42 106.11
100.87 105.6
100.61 105.26
100.59 105.06
100.78 104.95
101.12 104.9
101.54 104.87
102.0 104.83
102.44 104.75
102.82 104.64
103.11 104.47
103.31 104.26
103.37 104.01
103.3 103.71
103.09 103.39
102.76 103.04
102.33 102.67
101.82 102.3
101.26 101.93
100.67 101.56
100.07 101.21
99.48 100.86
98.91 100.54
98.35 100.22
97.8 99.9
97.27 99.58
96.73 99.23
96.19 98.87
95.66 98.49
95.14 98.09
94.62 97.68
94.13 97.28
93.68 96.88
93.28 96.51
92.93 96.14
92.63 95.8
92.38 95.47
92.17 95.15
91.99 94.85
91.83 94.55
91.67 94.25
91.5 93.94
91.33 93.64
91.14 93.33
90.95 93.02
90.76 92.72
90.59 92.43
90.44 92.16
90.3 91.92
90.18 91.7
90.06 91.5
89.95 91.3
89.83 91.12
89.7 90.93
89.56 90.74
89.41 90.55
89.26 90.36
89.1 90.18
88.94 90.0
88.8 89.83
88.65 89.66
88.5 89.5
88.34 89.34
88.16 89.18
87.96 89.01
87.76 88.84
87.56 88.67
87.39 88.51
87.25 88.36
87.13 88.22
87.02 88.08
86.89 87.94
86.71 87.77
86.47 87.58
86.18 87.36
85.87 87.15
85.61 86.93
85.29 86.67
85.02 86.47
84.78 86.29
84.46 86.12
84.04 85.91
83.76 85.62
83.6 85.45
83.42 85.11
