81.0 84.14
83.57 85.46
87.92 87.72
94.08 90.92
101.69 94.92
110.14 99.4
118.75 103.98
126.84 108.28
133.85 112.0
139.36 114.94
143.19 117.06
145.36 118.43
146.0 119.17
145.33 119.47
143.62 119.48
141.16 119.37
138.18 119.23
134.9 119.15
131.49 119.15
128.08 119.22
124.76 119.32
121.56 119.35
118.48 119.25
115.47 118.93
112.5 118.34
109.51 117.49
106.51 116.39
103.53 115.11
100.66 113.7
97.98 112.24
95.57 110.77
93.5 109.35
91.79 107.98
90.46 106.68
89.48 105.43
88.81 104.24
88.42 103.09
88.27 101.97
88.3 100.9
88.47 99.87
88.75 98.88
89.1 97.94
89.47 97.05
89.86 96.22
90.23 95.45
90.54 94.73
90.77 94.06
90.88 93.43
90.85 92.82
90.71 92.24
90.47 91.68
90.15 91.14
89.74 90.63
89.28 90.15
88.78 89.71
88.24 89.29
87.67 88.9
87.11 88.52
86.55 88.17
86.01 87.83
85.48 87.5
84.93 87.15
84.36 86.78
83.75 86.38
83.08 85.93
82.37 85.45
81.66 84.94
80.98 84.46
80.41 84.07
80.18 83.92
80.55 84.09
81.35 84.48
