53.99 57.17
56.08 58.3
59.4 60.13
64.04 62.67
69.83 65.83
76.52 69.42
83.66 73.21
90.79 76.94
97.41 80.35
103.11 83.27
107.59 85.59
110.71 87.29
112.48 88.45
113.0 89.15
112.46 89.55
111.11 89.76
109.14 89.91
106.77 90.06
104.19 90.26
101.53 90.52
98.91 90.82
96.41 91.13
94.07 91.39
91.9 91.56
89.92 91.62
88.1 91.54
86.4 91.31
84.8 90.92
83.22 90.36
81.58 89.59
79.8 88.62
77.86 87.45
75.81 86.13
73.75 84.69
71.78 83.23
70.02 81.8
68.54 80.46
67.38 79.25
66.54 78.16
66.02 77.22
65.82 76.4
65.92 75.71
66.27 75.13
66.84 74.64
67.55 74.22
68.33 73.84
69.09 73.47
69.78 73.08
70.32 72.66
70.65 72.2
70.77 71.69
70.66 71.14
70.32 70.55
69.77 69.95
69.06 69.32
68.22 68.7
67.31 68.1
66.36 67.52
65.41 66.97
64.49 66.46
63.6 65.98
62.76 65.52
61.96 65.07
61.2 64.63
60.5 64.18
59.85 63.73
59.25 63.28
58.69 62.82
58.18 62.36
57.68 61.88
57.18 61.39
56.69 60.88
56.19 60.35
55.68 59.84
55.21 59.37
54.83 58.97
54.62 58.66
54.47 58.45
54.62 58.31
54.67 58.22
