79.0 80.2
80.05 80.75
81.69 81.62
83.93 82.83
86.68 84.32
89.8 86.02
93.17 87.87
96.68 89.79
100.27 91.77
103.86 93.76
107.4 95.74
110.78 97.69
113.87 99.54
116.52 101.25
118.6 102.74
120.03 104.0
120.81 105.01
121.0 105.82
120.69 106.46
119.99 107.0
119.01 107.45
117.85 107.87
116.59 108.24
115.27 108.58
113.94 108.89
112.65 109.15
111.4 109.37
110.2 109.52
109.02 109.58
107.86 109.53
106.69 109.34
105.48 109.01
104.22 108.53
102.92 107.93
101.61 107.23
100.31 106.47
99.09 105.7
97.98 104.92
96.99 104.16
96.14 103.43
95.44 102.71
94.88 102.02
94.43 101.34
94.06 100.68
93.76 100.04
93.5 99.4
93.27 98.77
93.06 98.15
92.88 97.55
92.71 96.98
92.57 96.44
92.45 95.93
92.34 95.47
92.25 95.05
92.17 94.66
92.07 94.29
91.94 93.94
91.78 93.6
91.59 93.26
91.37 92.92
91.12 92.58
90.84 92.25
90.54 91.92
90.2 91.6
89.85 91.29
89.48 90.98
89.11 90.68
88.74 90.39
88.38 90.1
88.03 89.82
87.68 89.53
87.33 89.25
86.98 88.96
86.64 88.67
86.31 88.37
85.98 88.07
85.66 87.77
85.33 87.47
85.0 87.16
84.67 86.85
84.32 86.53
83.99 86.21
83.69 85.9
83.41 85.6
83.17 85.33
82.97 85.07
82.78 84.82
82.6 84.57
82.41 84.31
82.2 84.04
81.95 83.75
81.66 83.44
81.34 83.11
81.0 82.79
80.65 82.47
80.33 82.16
80.03 81.87
79.76 81.6
79.52 81.35
79.29 81.11
79.07 80.87
78.88 80.65
78.71 80.46
78.62 80.31
78.7 80.23
78.77 80.24
78.75 80.19
78.9 80.23
