80.0 80.92
81.17 81.55
82.99 82.54
85.49 83.9
88.6 85.6
92.18 87.55
96.02 89.64
99.92 91.75
103.66 93.77
107.03 95.6
109.9 97.19
112.15 98.51
113.74 99.56
114.67 100.37
115.0 100.97
114.79 101.41
114.15 101.75
113.16 102.01
111.94 102.25
110.57 102.46
109.12 102.66
107.67 102.86
106.27 103.03
104.95 103.16
103.72 103.26
102.6 103.3
101.56 103.27
100.56 103.15
99.57 102.92
98.51 102.55
97.37 102.04
96.12 101.39
94.81 100.62
93.47 99.78
92.18 98.9
91.02 98.04
90.04 97.23
89.26 96.51
88.72 95.89
88.41 95.35
88.33 94.9
88.42 94.52
88.67 94.19
89.02 93.9
89.42 93.61
89.83 93.34
90.23 93.05
90.58 92.77
90.86 92.47
91.04 92.17
91.13 91.86
91.1 91.54
90.95 91.22
90.68 90.87
90.31 90.52
89.86 90.15
89.34 89.78
88.79 89.42
88.23 89.07
87.67 88.74
87.13 88.42
86.59 88.12
86.08 87.83
85.59 87.54
85.13 87.26
84.71 86.99
84.32 86.73
83.98 86.46
83.67 86.2
83.37 85.92
83.09 85.63
82.8 85.32
82.51 85.0
82.21 84.67
81.91 84.33
81.6 83.99
81.29 83.65
80.98 83.3
80.67 82.96
80.38 82.63
80.12 82.32
79.89 82.03
79.69 81.76
79.53 81.5
79.38 81.26
79.25 81.03
79.14 80.82
79.06 80.64
79.07 80.51
79.18 80.45
79.28 80.41
79.46 80.48
