55.0 57.75
58.96 59.76
65.46 63.16
74.63 67.96
85.89 73.93
98.35 80.64
111.07 87.52
122.98 93.98
133.18 99.56
141.17 103.99
146.73 107.22
149.92 109.37
151.0 110.66
150.27 111.33
148.09 111.64
144.78 111.75
140.69 111.81
136.11 111.92
131.34 112.13
126.62 112.46
122.11 112.85
117.91 113.25
114.06 113.55
110.56 113.66
107.35 113.53
104.34 113.11
101.44 112.39
98.55 111.4
95.64 110.14
92.73 108.68
89.91 107.05
87.3 105.34
85.02 103.59
83.1 101.86
81.58 100.2
80.47 98.63
79.75 97.18
79.41 95.83
79.43 94.61
79.76 93.51
80.33 92.51
81.04 91.58
81.77 90.68
82.4 89.78
82.82 88.83
82.97 87.82
82.8 86.74
82.32 85.6
81.53 84.42
80.5 83.23
79.28 82.05
77.91 80.89
76.47 79.78
74.99 78.71
73.5 77.68
72.03 76.7
70.61 75.76
69.24 74.85
67.94 73.98
66.71 73.12
65.56 72.27
64.49 71.43
63.5 70.59
62.58 69.76
61.73 68.93
60.93 68.1
60.2 67.29
59.51 66.48
58.86 65.68
58.26 64.88
57.7 64.1
57.16 63.32
56.65 62.55
56.14 61.78
55.63 61.03
55.16 60.3
54.79 59.65
54.45 59.08
54.29 58.54
54.24 57.94
53.87 57.13
53.23 56.43
52.66 55.62
52.25 54.86
51.74 54.35
51.77 53.92
