56.99 59.73
60.59 61.53
66.57 64.61
74.78 68.93
84.64 74.22
95.39 80.09
106.35 86.14
117.12 92.08
127.45 97.75
137.06 103.02
145.55 107.83
152.61 112.11
157.97 115.78
161.53 118.81
163.44 121.28
164.0 123.32
163.53 125.13
162.4 126.9
160.92 128.76
159.25 130.74
157.46 132.74
155.53 134.64
153.39 136.29
151.01 137.59
148.37 138.51
145.47 139.06
142.37 139.28
139.09 139.19
135.67 138.78
132.08 138.03
128.34 136.95
124.51 135.57
120.66 133.94
116.89 132.14
113.32 130.25
110.03 128.33
107.11 126.41
104.6 124.53
102.54 122.7
100.92 120.92
99.69 119.2
98.78 117.53
98.08 115.88
97.46 114.23
96.86 112.57
96.21 110.88
95.52 109.16
94.8 107.44
94.07 105.75
93.33 104.11
92.55 102.54
91.75 101.04
90.88 99.6
89.94 98.2
88.96 96.84
87.93 95.5
86.87 94.21
85.8 92.96
84.73 91.76
83.67 90.62
82.65 89.52
81.64 88.46
80.62 87.42
79.6 86.4
78.63 85.43
77.72 84.5
76.89 83.63
76.18 82.81
75.52 82.03
74.89 81.26
74.26 80.48
73.54 79.65
72.69 78.79
71.78 77.87
70.83 76.94
69.87 76.02
69.03 75.14
68.37 74.34
67.83 73.62
67.41 72.98
67.06 72.38
66.68 71.8
66.23 71.19
65.73 70.55
65.16 69.87
64.58 69.17
64.01 68.47
63.51 67.83
63.13 67.26
62.88 66.79
62.75 66.41
62.71 66.09
62.58 65.77
62.32 65.4
61.88 64.93
61.28 64.38
60.7 63.84
60.04 63.24
59.5 62.36
58.74 61.45
58.03 60.7
57.33 60.06
56.3 59.54
