75.0 76.23
76.65 77.11
79.31 78.53
83.0 80.52
87.59 82.99
92.79 85.79
98.2 88.71
103.45 91.56
108.21 94.14
112.23 96.33
115.34 98.09
117.49 99.42
118.68 100.35
119.0 100.97
118.56 101.35
117.52 101.59
116.05 101.76
114.3 101.91
112.4 102.11
110.46 102.34
108.57 102.61
106.78 102.88
105.13 103.13
103.61 103.31
102.24 103.41
101.0 103.41
99.85 103.31
98.77 103.11
97.72 102.79
96.64 102.35
95.5 101.77
94.27 101.06
92.98 100.22
91.66 99.3
90.42 98.35
89.32 97.41
88.42 96.53
87.75 95.74
87.34 95.05
87.13 94.45
87.12 93.94
87.25 93.47
87.48 93.06
87.79 92.67
88.12 92.3
88.46 91.95
88.75 91.59
88.99 91.24
89.13 90.87
89.16 90.49
89.06 90.09
88.84 89.67
88.49 89.24
88.03 88.8
87.48 88.35
86.86 87.9
86.21 87.47
85.56 87.04
84.91 86.63
84.28 86.24
83.69 85.87
83.13 85.52
82.6 85.18
82.11 84.84
81.65 84.51
81.22 84.18
80.83 83.84
80.46 83.5
80.11 83.15
79.77 82.8
79.45 82.45
79.14 82.09
78.85 81.75
78.6 81.42
78.38 81.1
78.19 80.79
78.01 80.49
77.83 80.19
77.66 79.89
77.46 79.59
77.26 79.29
77.05 78.98
76.81 78.67
76.57 78.37
76.32 78.07
76.07 77.78
75.8 77.49
75.53 77.21
75.26 76.94
75.01 76.68
74.79 76.47
74.64 76.29
74.53 76.17
74.65 76.16
74.83 76.16
