69.0 72.55
71.53 73.82
75.77 76.02
81.78 79.17
89.27 83.09
97.67 87.49
106.21 91.95
114.13 96.06
120.81 99.52
125.89 102.16
129.29 103.99
131.22 105.2
132.0 106.0
131.94 106.62
131.32 107.23
130.29 107.92
128.92 108.7
127.26 109.51
125.34 110.32
123.2 111.05
120.93 111.66
118.59 112.1
116.22 112.36
113.88 112.41
111.57 112.24
109.26 111.86
106.9 111.26
104.44 110.46
101.84 109.45
99.1 108.27
96.29 106.93
93.51 105.48
90.89 103.96
88.52 102.42
86.49 100.91
84.85 99.49
83.61 98.17
82.75 96.97
82.25 95.89
82.05 94.9
82.09 94.0
82.32 93.16
82.68 92.36
83.11 91.58
83.55 90.82
83.95 90.06
84.26 89.31
84.48 88.57
84.59 87.86
84.59 87.18
84.48 86.53
84.26 85.91
83.93 85.31
83.51 84.72
83.0 84.15
82.41 83.59
81.74 83.03
81.01 82.48
80.23 81.94
79.41 81.42
78.6 80.9
77.8 80.4
77.04 79.91
76.3 79.42
75.59 78.94
74.9 78.45
74.22 77.95
73.56 77.44
72.89 76.91
72.22 76.35
71.55 75.78
70.88 75.19
70.23 74.59
69.59 73.99
68.97 73.37
68.37 72.77
67.81 72.19
67.37 71.72
67.23 71.5
67.32 71.38
67.67 71.42
