78.0 79.03
79.21 79.7
81.01 80.7
83.41 82.02
86.38 83.66
89.83 85.56
93.68 87.67
97.8 89.91
102.03 92.21
106.17 94.49
110.03 96.65
113.45 98.64
116.3 100.39
118.54 101.91
120.16 103.21
121.22 104.34
121.8 105.35
122.0 106.28
121.88 107.17
121.51 108.02
120.96 108.84
120.25 109.61
119.42 110.31
118.51 110.93
117.54 111.47
116.53 111.91
115.51 112.26
114.47 112.51
113.42 112.64
112.38 112.66
111.3 112.57
110.17 112.34
108.96 111.96
107.61 111.43
106.13 110.74
104.52 109.91
102.85 108.97
101.2 107.96
99.62 106.93
98.2 105.94
96.98 105.0
95.97 104.14
95.17 103.35
94.59 102.64
94.2 101.99
93.96 101.37
93.85 100.8
93.82 100.24
93.84 99.68
93.88 99.14
93.92 98.59
93.95 98.06
93.96 97.54
93.95 97.04
93.91 96.57
93.83 96.13
93.71 95.71
93.54 95.31
93.33 94.91
93.08 94.53
92.79 94.15
92.47 93.78
92.1 93.41
91.69 93.04
91.25 92.68
90.8 92.32
90.34 91.97
89.88 91.62
89.44 91.29
88.99 90.96
88.55 90.64
88.12 90.31
87.68 89.98
87.26 89.65
86.84 89.3
86.43 88.95
86.02 88.59
85.61 88.23
85.21 87.86
84.82 87.49
84.44 87.12
84.09 86.76
83.76 86.4
83.45 86.05
83.16 85.71
82.87 85.37
82.59 85.03
82.3 84.7
82.03 84.37
81.78 84.05
81.55 83.74
81.34 83.45
81.14 83.17
80.97 82.9
80.8 82.64
80.63 82.39
80.45 82.14
80.25 81.88
80.05 81.62
79.83 81.36
79.6 81.11
79.38 80.86
79.17 80.62
78.96 80.38
78.75 80.15
78.54 79.93
78.32 79.7
78.09 79.48
77.86 79.25
77.63 79.02
77.4 78.79
77.2 78.58
77.02 78.39
76.86 78.23
76.79 78.14
76.86 78.18
76.98 78.3
