78.0 80.35
81.03 81.96
86.33 84.76
93.85 88.73
102.99 93.59
112.68 98.82
121.87 103.91
130.02 108.48
137.05 112.41
143.18 115.79
148.66 118.85
153.56 121.77
157.78 124.61
161.07 127.31
163.19 129.73
164.0 131.71
163.51 133.21
161.85 134.25
159.24 134.94
155.91 135.38
152.1 135.62
147.99 135.67
143.72 135.49
139.38 135.07
135.0 134.4
130.61 133.51
126.21 132.46
121.83 131.27
117.56 129.96
113.5 128.52
109.75 126.95
106.36 125.25
103.39 123.47
100.85 121.64
98.7 119.82
96.95 118.04
95.55 116.31
94.48 114.63
93.7 112.97
93.14 111.34
92.75 109.73
92.49 108.14
92.31 106.57
92.17 105.03
92.03 103.53
91.86 102.09
91.63 100.69
91.34 99.36
90.98 98.1
90.55 96.9
90.08 95.78
89.57 94.73
89.04 93.75
88.49 92.84
87.94 92.01
87.41 91.25
86.89 90.56
86.38 89.93
85.89 89.35
85.41 88.81
84.95 88.3
84.5 87.81
84.05 87.34
83.62 86.89
83.2 86.44
82.8 86.01
82.41 85.58
82.04 85.17
81.67 84.76
81.29 84.35
80.9 83.94
80.49 83.52
80.08 83.08
79.66 82.65
79.25 82.22
78.88 81.81
78.51 81.49
78.27 81.32
78.25 81.3
78.2 81.44
