71.99 73.63
74.25 74.78
77.88 76.68
82.94 79.36
89.22 82.69
96.26 86.47
103.54 90.41
110.58 94.23
116.95 97.68
122.3 100.63
126.43 102.98
129.25 104.75
130.74 105.98
131.0 106.75
130.16 107.14
128.42 107.26
125.96 107.21
123.0 107.07
119.74 106.91
116.37 106.79
113.04 106.71
109.9 106.67
107.04 106.63
104.49 106.56
102.24 106.42
100.22 106.18
98.38 105.82
96.62 105.31
94.92 104.64
93.26 103.81
91.65 102.84
90.12 101.74
88.68 100.57
87.37 99.36
86.21 98.16
85.24 96.98
84.47 95.87
83.94 94.84
83.67 93.91
83.65 93.08
83.84 92.34
84.2 91.7
84.67 91.12
85.19 90.59
85.71 90.11
86.21 89.65
86.64 89.21
86.99 88.8
87.22 88.39
87.3 87.99
87.2 87.57
86.95 87.13
86.55 86.68
86.04 86.22
85.45 85.76
84.79 85.32
84.12 84.89
83.42 84.48
82.71 84.07
81.99 83.67
81.28 83.27
80.57 82.86
79.86 82.44
79.16 82.02
78.46 81.58
77.78 81.14
77.15 80.7
76.58 80.26
76.07 79.82
75.61 79.4
75.2 78.99
74.82 78.58
74.45 78.17
74.1 77.75
73.77 77.31
73.44 76.87
73.11 76.41
72.76 75.95
72.39 75.48
71.99 75.0
71.58 74.53
71.16 74.06
70.77 73.62
70.47 73.24
70.31 72.96
70.33 72.82
70.55 72.81
71.01 72.86
71.37 72.9
71.71 72.74
72.16 72.52
