74.0 73.87
76.83 75.46
81.16 77.87
87.12 81.18
94.67 85.34
103.45 90.21
112.97 95.49
122.58 100.84
131.64 105.93
139.57 110.48
146.02 114.33
150.9 117.47
154.33 120.01
156.57 122.12
157.89 124.01
158.56 125.86
158.8 127.78
158.75 129.82
158.55 131.99
158.3 134.26
158.06 136.59
157.91 138.94
157.89 141.25
158.02 143.49
158.27 145.59
158.58 147.51
158.86 149.22
159.0 150.67
158.89 151.85
158.47 152.73
157.67 153.29
156.45 153.52
154.78 153.39
152.6 152.86
149.9 151.92
146.64 150.56
142.85 148.79
138.57 146.65
133.85 144.18
128.79 141.43
123.5 138.48
118.12 135.39
112.85 132.25
107.88 129.17
103.44 126.24
99.71 123.55
96.76 121.16
94.63 119.08
93.27 117.29
92.59 115.74
92.46 114.36
92.73 113.08
93.23 111.83
93.84 110.55
94.4 109.22
94.85 107.82
95.12 106.36
95.17 104.86
94.99 103.33
94.59 101.81
93.99 100.31
93.21 98.87
92.31 97.49
91.34 96.21
90.34 95.03
89.37 93.94
88.44 92.96
87.57 92.07
86.75 91.26
85.99 90.51
85.26 89.81
84.6 89.17
84.01 88.58
83.47 88.04
83.02 87.55
82.62 87.08
82.29 86.65
81.98 86.22
81.7 85.79
81.43 85.37
81.19 84.95
80.96 84.54
80.76 84.15
80.6 83.79
80.47 83.45
80.37 83.13
80.27 82.81
80.15 82.5
80.01 82.18
79.83 81.86
79.64 81.55
79.44 81.24
79.25 80.95
79.04 80.68
78.83 80.41
78.6 80.16
78.36 79.91
78.12 79.67
77.9 79.46
77.74 79.27
77.63 79.11
77.56 78.98
77.52 78.87
77.47 78.75
77.37 78.61
77.23 78.45
77.04 78.26
76.82 78.06
76.62 77.86
76.45 77.69
76.33 77.54
76.22 77.4
76.12 77.27
75.98 77.12
75.81 76.95
75.58 76.77
75.34 76.57
75.12 76.39
74.97 76.24
74.88 76.12
74.84 76.03
74.84 75.96
74.83 75.89
74.78 75.79
74.67 75.67
74.53 75.54
74.44 75.45
74.53 75.49
75.02 75.78
75.95 76.2
77.55 77.04
