71.0 74.38
73.51 75.77
77.63 78.06
83.41 81.22
90.55 85.09
98.58 89.41
107.0 93.89
115.27 98.21
122.88 102.12
129.34 105.42
134.29 107.99
137.52 109.78
139.0 110.83
138.82 111.23
137.17 111.13
134.34 110.68
130.63 110.05
126.36 109.39
121.8 108.77
117.19 108.24
112.69 107.77
108.4 107.3
104.37 106.78
100.59 106.15
97.05 105.36
93.72 104.41
90.63 103.31
87.77 102.09
85.2 100.77
82.95 99.4
81.03 98.03
79.48 96.68
78.3 95.38
77.48 94.14
77.0 92.99
76.85 91.91
76.99 90.91
77.38 89.98
77.97 89.11
78.69 88.3
79.5 87.53
80.32 86.8
81.08 86.11
81.74 85.44
82.27 84.8
82.63 84.19
82.84 83.6
82.88 83.06
82.81 82.57
82.65 82.12
82.41 81.74
82.09 81.39
81.71 81.08
81.25 80.78
80.7 80.48
80.09 80.16
79.42 79.83
78.72 79.49
78.0 79.14
77.27 78.79
76.55 78.43
75.85 78.07
75.18 77.7
74.52 77.31
73.9 76.91
73.31 76.5
72.73 76.08
72.15 75.63
71.55 75.15
70.93 74.64
70.27 74.09
69.61 73.56
69.08 73.15
68.79 72.89
68.87 72.74
69.22 72.77
