73.0 75.02
75.14 76.17
78.46 77.99
82.98 80.47
88.56 83.53
94.97 87.06
101.97 90.9
109.29 94.88
116.63 98.85
123.61 102.66
129.92 106.17
135.3 109.29
139.59 111.98
142.73 114.22
144.75 116.08
145.78 117.63
146.0 118.98
145.53 120.2
144.54 121.35
143.12 122.43
141.37 123.42
139.37 124.29
137.16 125.0
134.81 125.54
132.38 125.9
129.89 126.09
127.38 126.09
124.86 125.92
122.35 125.55
119.83 124.97
117.28 124.18
114.65 123.17
111.98 121.98
109.31 120.62
106.69 119.14
104.19 117.59
101.91 116.01
99.87 114.43
98.09 112.87
96.59 111.37
95.39 109.93
94.46 108.57
93.8 107.3
93.36 106.1
93.1 104.97
92.98 103.9
92.95 102.88
92.99 101.9
93.06 100.96
93.14 100.05
93.17 99.18
93.16 98.34
93.08 97.54
92.93 96.78
92.71 96.05
92.42 95.35
92.07 94.7
91.68 94.07
91.25 93.48
90.79 92.92
90.29 92.38
89.75 91.86
89.17 91.34
88.55 90.82
87.91 90.31
87.24 89.79
86.55 89.28
85.87 88.77
85.18 88.27
84.51 87.78
83.86 87.28
83.22 86.78
82.59 86.28
81.98 85.77
81.39 85.26
80.84 84.75
80.33 84.24
79.85 83.73
79.36 83.22
78.89 82.7
78.41 82.17
77.91 81.63
77.41 81.09
76.9 80.56
76.4 80.03
75.93 79.53
75.49 79.03
75.08 78.56
74.72 78.12
74.43 77.72
74.24 77.43
73.99 77.13
73.74 76.86
73.6 76.56
73.32 76.25
73.0 75.72
72.53 75.12
72.04 74.6
71.31 73.97
70.32 73.3
