99.0 102.73
101.72 104.18
106.1 106.54
112.19 109.84
119.83 113.96
128.64 118.68
138.08 123.69
147.52 128.64
156.3 133.23
163.91 137.23
169.99 140.5
174.42 143.05
177.26 144.98
178.71 146.42
179.0 147.56
178.35 148.52
176.99 149.42
175.07 150.29
172.73 151.15
170.09 151.96
167.23 152.67
164.23 153.23
161.09 153.56
157.81 153.62
154.35 153.34
150.68 152.7
146.82 151.73
142.85 150.47
138.87 149.0
135.04 147.42
131.47 145.82
128.29 144.24
125.55 142.74
123.3 141.32
121.55 139.97
120.29 138.69
119.5 137.47
119.11 136.31
119.05 135.2
119.24 134.12
119.61 133.06
120.05 132.0
120.51 130.94
120.94 129.87
121.26 128.8
121.45 127.74
121.49 126.7
121.36 125.69
121.08 124.72
120.68 123.78
120.17 122.89
119.57 122.03
118.87 121.21
118.09 120.41
117.21 119.63
116.26 118.86
115.26 118.11
114.22 117.36
113.2 116.65
112.21 115.97
111.28 115.33
110.42 114.73
109.64 114.18
108.95 113.64
108.32 113.12
107.74 112.6
107.2 112.07
106.68 111.51
106.12 110.92
105.52 110.27
104.85 109.57
104.12 108.83
103.33 108.05
102.51 107.27
101.71 106.49
100.93 105.74
100.19 105.03
99.5 104.37
98.92 103.8
98.57 103.43
98.71 103.3
99.22 103.31
100.08 103.6
