71.0 72.31
73.93 73.82
78.4 76.23
84.49 79.55
92.06 83.66
100.62 88.37
109.78 93.43
119.18 98.55
128.19 103.42
136.07 107.72
142.18 111.22
146.16 113.75
148.0 115.33
147.9 116.07
146.26 116.22
143.51 116.05
140.07 115.79
136.24 115.63
132.28 115.62
128.35 115.77
124.56 116.01
120.99 116.25
117.69 116.44
114.67 116.52
111.9 116.46
109.37 116.22
106.98 115.76
104.67 115.06
102.39 114.11
100.13 112.93
97.87 111.57
95.68 110.1
93.62 108.58
91.74 107.04
90.08 105.51
88.65 103.99
87.44 102.49
86.47 101.02
85.72 99.61
85.22 98.28
84.96 97.05
84.94 95.95
85.11 94.97
85.46 94.11
85.93 93.36
86.46 92.68
87.0 92.07
87.51 91.51
87.92 90.98
88.22 90.46
88.37 89.96
88.38 89.45
88.24 88.95
87.97 88.44
87.57 87.94
87.07 87.44
86.48 86.96
85.83 86.49
85.14 86.05
84.43 85.62
83.72 85.21
83.02 84.81
82.33 84.42
81.66 84.03
81.01 83.63
80.38 83.24
79.79 82.84
79.22 82.44
78.67 82.03
78.16 81.61
77.66 81.19
77.18 80.76
76.72 80.32
76.29 79.88
75.87 79.43
75.47 78.98
75.08 78.53
74.71 78.08
74.34 77.64
74.0 77.2
73.66 76.76
73.34 76.34
73.04 75.93
72.74 75.52
72.45 75.13
72.18 74.75
71.91 74.38
71.63 74.01
71.36 73.65
71.07 73.29
70.76 72.93
70.44 72.57
70.11 72.22
69.78 71.91
69.57 71.73
69.49 71.61
69.08 71.33
68.62 70.97
68.25 70.68
67.62 70.22
66.93 69.76
