78.0 79.22
79.75 80.13
82.51 81.56
86.33 83.58
91.11 86.12
96.6 89.07
102.42 92.22
108.23 95.39
113.69 98.37
118.53 101.05
122.54 103.32
125.59 105.18
127.63 106.64
128.73 107.76
129.0 108.6
128.62 109.28
127.77 109.87
126.61 110.45
125.24 111.07
123.79 111.74
122.32 112.43
120.88 113.13
119.52 113.78
118.28 114.35
117.13 114.82
116.08 115.19
115.1 115.46
114.2 115.63
113.36 115.71
112.55 115.68
111.73 115.53
110.83 115.22
109.78 114.72
108.52 114.01
107.02 113.09
105.3 111.98
103.45 110.73
101.57 109.42
99.78 108.13
98.21 106.92
96.91 105.83
95.93 104.89
95.27 104.1
94.92 103.45
94.85 102.92
95.03 102.49
95.42 102.15
95.97 101.89
96.64 101.67
97.39 101.5
98.16 101.34
98.91 101.19
99.57 101.03
100.12 100.86
100.51 100.65
100.72 100.41
100.71 100.12
100.49 99.78
100.1 99.41
99.58 99.02
98.98 98.63
98.36 98.27
97.74 97.94
97.1 97.62
96.42 97.3
95.7 96.96
94.91 96.59
94.06 96.17
93.19 95.72
92.34 95.25
91.53 94.79
90.8 94.33
90.13 93.88
89.48 93.43
88.87 92.98
88.26 92.5
87.65 92.01
87.07 91.5
86.53 90.99
86.06 90.49
85.64 89.99
85.27 89.5
84.93 89.02
84.6 88.53
84.25 88.04
83.9 87.55
83.55 87.07
83.21 86.6
82.89 86.16
82.62 85.75
82.37 85.35
82.14 84.98
81.95 84.61
81.74 84.26
81.51 83.91
81.28 83.57
81.06 83.25
80.83 82.95
80.64 82.67
80.47 82.41
80.32 82.15
80.15 81.9
79.97 81.65
79.83 81.43
79.66 81.18
79.29 80.97
78.91 80.62
78.52 80.26
78.11 79.91
77.82 79.68
77.76 79.37
77.47 79.17
77.39 79.12
