76.0 77.61
77.58 78.44
80.15 79.79
83.72 81.69
88.1 84.03
93.01 86.67
98.12 89.4
103.09 92.07
107.72 94.57
111.93 96.85
115.67 98.91
118.82 100.76
121.35 102.42
123.29 103.92
124.65 105.28
125.46 106.52
125.86 107.7
126.0 108.86
125.95 110.03
125.75 111.21
125.41 112.37
124.92 113.45
124.29 114.39
123.51 115.17
122.6 115.79
121.6 116.25
120.54 116.6
119.43 116.85
118.32 117.02
117.2 117.09
116.07 117.06
114.9 116.89
113.67 116.56
112.3 116.05
110.74 115.33
108.94 114.4
106.85 113.24
104.54 111.89
102.11 110.4
99.71 108.85
97.49 107.34
95.57 105.95
94.03 104.71
92.86 103.64
92.01 102.72
91.43 101.9
91.06 101.13
90.84 100.38
90.71 99.63
90.6 98.85
90.48 98.03
90.34 97.19
90.17 96.34
89.95 95.49
89.7 94.66
89.41 93.87
89.09 93.13
88.74 92.43
88.36 91.77
87.94 91.14
87.48 90.53
87.0 89.93
86.49 89.34
85.98 88.76
85.47 88.21
84.97 87.68
84.47 87.19
83.99 86.71
83.52 86.26
83.07 85.82
82.62 85.4
82.19 84.99
81.75 84.58
81.32 84.18
80.9 83.77
80.49 83.36
80.07 82.94
79.66 82.52
79.24 82.1
78.83 81.68
78.42 81.26
78.05 80.86
77.7 80.47
77.39 80.09
77.09 79.73
76.81 79.38
76.52 79.03
76.22 78.67
75.91 78.3
75.58 77.92
75.23 77.54
74.88 77.17
74.55 76.8
74.23 76.46
73.97 76.17
73.83 75.96
74.0 75.99
74.25 76.1
