68.0 71.01
72.92 73.45
81.38 77.76
93.53 84.01
108.46 91.75
124.14 100.14
138.7 108.23
151.05 115.22
160.61 120.66
167.41 124.59
172.05 127.38
175.18 129.54
177.21 131.54
178.41 133.65
178.96 135.97
179.0 138.48
178.6 141.09
177.8 143.74
176.62 146.37
175.14 148.91
173.38 151.28
171.39 153.33
169.21 154.95
166.85 156.07
164.33 156.7
161.65 156.94
158.86 156.93
156.02 156.77
153.04 156.45
149.79 155.88
146.18 154.91
142.05 153.41
137.4 151.33
132.39 148.76
127.3 145.85
122.43 142.82
118.05 139.88
114.33 137.15
111.34 134.69
109.0 132.49
107.24 130.5
105.97 128.64
105.07 126.85
104.42 125.1
103.95 123.35
103.6 121.6
103.31 119.85
103.05 118.1
102.79 116.35
102.45 114.63
102.02 112.93
101.5 111.3
100.85 109.72
100.09 108.22
99.23 106.77
98.29 105.38
97.28 104.02
96.22 102.7
95.15 101.43
94.1 100.21
93.07 99.07
92.04 97.99
91.05 96.98
90.09 96.02
89.13 95.09
88.16 94.18
87.2 93.28
86.24 92.38
85.28 91.48
84.35 90.6
83.46 89.73
82.6 88.86
81.72 87.99
80.84 87.12
79.97 86.24
79.12 85.37
78.28 84.5
77.48 83.64
76.69 82.78
75.91 81.93
75.14 81.08
74.39 80.25
73.68 79.43
73.01 78.64
72.4 77.89
71.83 77.17
71.3 76.48
70.78 75.81
70.26 75.14
69.72 74.46
69.14 73.77
68.57 73.08
67.99 72.4
67.42 71.74
66.89 71.1
66.38 70.49
65.85 69.88
65.3 69.27
64.81 68.75
64.81 68.77
64.87 69.02
