65.0 65.63
66.33 66.36
68.39 67.49
71.21 69.04
74.74 70.98
78.81 73.22
83.24 75.67
87.82 78.19
92.31 80.66
96.49 82.99
100.16 85.07
103.13 86.84
105.29 88.26
106.58 89.31
107.0 90.03
106.62 90.45
105.58 90.66
104.03 90.72
102.13 90.72
100.04 90.71
97.87 90.72
95.74 90.74
93.72 90.79
91.84 90.82
90.14 90.84
88.62 90.81
87.28 90.73
86.1 90.59
85.06 90.37
84.11 90.06
83.21 89.64
82.3 89.1
81.35 88.44
80.35 87.67
79.34 86.82
78.35 85.93
77.45 85.05
76.69 84.2
76.11 83.42
75.72 82.72
75.54 82.13
75.56 81.64
75.77 81.24
76.14 80.93
76.65 80.7
77.25 80.54
77.91 80.43
78.58 80.34
79.22 80.27
79.79 80.19
80.24 80.1
80.57 79.98
80.74 79.83
80.74 79.65
80.6 79.44
80.31 79.2
79.9 78.94
79.4 78.66
78.81 78.38
78.16 78.08
77.47 77.77
76.75 77.45
76.02 77.13
75.29 76.8
74.57 76.47
73.9 76.14
73.26 75.81
72.67 75.47
72.12 75.14
71.6 74.79
71.11 74.43
70.65 74.06
70.21 73.68
69.79 73.28
69.39 72.88
69.01 72.46
68.65 72.05
68.32 71.64
68.01 71.23
67.72 70.84
67.46 70.46
67.22 70.09
66.99 69.73
66.78 69.39
66.58 69.06
66.4 68.74
66.23 68.44
66.08 68.15
65.93 67.87
65.79 67.61
65.66 67.37
65.54 67.14
65.41 66.91
65.29 66.7
65.18 66.49
65.06 66.29
64.93 66.1
64.82 65.92
64.74 65.76
64.7 65.63
64.64 65.56
64.54 65.4
64.46 65.27
64.37 65.17
64.26 65.06
64.24 64.96
64.31 65.05
