78.0 80.01
79.85 80.96
82.87 82.54
87.09 84.77
92.37 87.58
98.37 90.78
104.67 94.14
110.79 97.41
116.32 100.38
121.0 102.92
124.69 104.99
127.41 106.65
129.25 107.97
130.35 109.09
130.89 110.1
131.0 111.08
130.78 112.09
130.32 113.15
129.7 114.24
128.96 115.34
128.13 116.42
127.26 117.43
126.37 118.35
125.49 119.15
124.62 119.8
123.75 120.31
122.84 120.67
121.85 120.85
120.68 120.84
119.26 120.6
117.51 120.09
115.38 119.29
112.93 118.21
110.26 116.92
107.56 115.51
105.01 114.08
102.77 112.74
100.95 111.55
99.57 110.54
98.62 109.69
98.01 108.95
97.66 108.27
97.46 107.6
97.36 106.9
97.27 106.14
97.16 105.32
97.0 104.45
96.76 103.52
96.41 102.55
95.96 101.57
95.42 100.59
94.79 99.62
94.09 98.69
93.35 97.8
92.57 96.94
91.76 96.11
90.93 95.3
90.11 94.5
89.29 93.72
88.5 92.96
87.73 92.23
86.99 91.52
86.28 90.85
85.63 90.21
85.02 89.61
84.5 89.05
84.04 88.53
83.65 88.04
83.31 87.57
83.0 87.12
82.72 86.67
82.43 86.21
82.13 85.75
81.81 85.27
81.44 84.77
81.04 84.26
80.62 83.75
80.19 83.25
79.77 82.75
79.37 82.28
78.97 81.83
78.59 81.4
78.2 80.99
77.85 80.62
77.62 80.34
77.68 80.26
78.17 80.36
78.92 80.62
