88.0 89.23
89.43 89.99
91.72 91.2
94.84 92.87
98.65 94.93
102.96 97.29
107.58 99.84
112.37 102.47
117.22 105.13
122.0 107.74
126.5 110.25
130.52 112.58
133.87 114.69
136.48 116.52
138.34 118.08
139.48 119.39
140.0 120.51
139.99 121.5
139.58 122.42
138.85 123.29
137.91 124.13
136.84 124.93
135.71 125.68
134.55 126.36
133.4 126.98
132.28 127.52
131.16 127.95
130.01 128.26
128.8 128.41
127.47 128.34
125.95 128.03
124.2 127.47
122.2 126.65
119.95 125.6
117.54 124.38
115.11 123.06
112.76 121.72
110.62 120.41
108.76 119.18
107.22 118.05
106.0 117.03
105.08 116.1
104.46 115.25
104.09 114.46
103.95 113.73
103.99 113.05
104.17 112.41
104.42 111.79
104.71 111.17
104.97 110.55
105.16 109.91
105.24 109.25
105.2 108.58
105.02 107.9
104.73 107.22
104.32 106.55
103.84 105.9
103.3 105.28
102.73 104.68
102.14 104.11
101.52 103.56
100.9 103.04
100.27 102.54
99.65 102.06
99.04 101.6
98.45 101.16
97.87 100.72
97.29 100.28
96.72 99.83
96.15 99.38
95.58 98.91
95.02 98.44
94.49 97.96
93.98 97.49
93.52 97.03
93.12 96.61
92.78 96.2
92.5 95.83
92.24 95.46
91.98 95.09
91.71 94.71
91.41 94.31
91.09 93.89
90.75 93.46
90.42 93.03
90.11 92.62
89.83 92.23
89.57 91.86
89.3 91.51
89.0 91.17
88.68 90.83
88.32 90.47
87.96 90.12
87.61 89.76
87.27 89.42
86.96 89.08
86.68 88.77
86.42 88.48
86.21 88.23
86.08 88.04
86.12 87.99
86.41 88.08
86.84 88.28
