46.0 49.01
50.68 51.62
58.41 55.92
69.0 61.87
82.05 69.12
96.6 77.15
111.6 85.46
126.4 93.58
140.43 101.15
152.93 107.87
163.13 113.5
170.45 117.89
174.71 121.01
176.0 122.93
174.6 123.84
170.96 124.03
165.62 123.8
159.11 123.41
151.97 123.04
144.61 122.78
137.37 122.61
130.47 122.48
124.08 122.32
118.29 122.08
113.1 121.72
108.48 121.2
104.33 120.47
100.56 119.49
97.04 118.19
93.69 116.55
90.5 114.6
87.51 112.43
84.76 110.13
82.37 107.8
80.4 105.52
78.82 103.31
77.63 101.17
76.74 99.08
76.04 97.02
75.55 95.03
75.35 93.14
75.44 91.4
75.86 89.9
76.64 88.64
77.7 87.65
78.9 86.87
80.18 86.27
81.47 85.79
82.71 85.4
83.83 85.08
84.8 84.79
85.52 84.5
85.96 84.19
86.03 83.81
85.75 83.36
85.17 82.85
84.38 82.31
83.47 81.78
82.49 81.3
81.49 80.88
80.47 80.48
79.37 80.09
78.18 79.64
76.91 79.12
75.58 78.52
74.19 77.85
72.8 77.13
71.42 76.38
70.06 75.59
68.7 74.78
67.34 73.92
66.0 73.02
64.66 72.06
63.35 71.08
62.12 70.09
61.02 69.12
60.07 68.19
59.27 67.31
58.63 66.47
58.08 65.67
57.57 64.89
57.04 64.09
56.47 63.28
55.87 62.43
55.22 61.56
54.57 60.67
53.98 59.79
53.45 58.95
52.96 58.17
52.53 57.45
52.14 56.8
51.78 56.22
51.48 55.72
51.25 55.27
51.08 54.87
50.93 54.47
50.72 54.03
50.4 53.52
49.96 52.94
49.42 52.29
48.87 51.67
48.29 51.04
47.47 50.28
46.7 49.7
46.16 48.99
45.65 48.67
45.31 48.38
