86.0 87.59
87.78 88.49
90.51 89.91
94.2 91.87
98.76 94.32
104.03 97.16
109.77 100.25
115.67 103.42
121.38 106.51
126.57 109.36
130.99 111.85
134.47 113.92
136.93 115.57
138.4 116.84
139.0 117.81
138.85 118.56
138.12 119.18
136.96 119.75
135.5 120.31
133.87 120.87
132.14 121.43
130.41 121.97
128.71 122.47
127.05 122.89
125.43 123.19
123.81 123.33
122.11 123.26
120.27 122.95
118.24 122.38
116.02 121.58
113.68 120.58
111.32 119.46
109.06 118.29
107.02 117.14
105.29 116.05
103.91 115.07
102.9 114.19
102.24 113.42
101.91 112.72
101.85 112.1
102.02 111.52
102.35 110.97
102.78 110.45
103.27 109.93
103.76 109.4
104.2 108.86
104.54 108.31
104.77 107.75
104.86 107.18
104.81 106.62
104.63 106.06
104.32 105.51
103.9 104.96
103.36 104.41
102.73 103.86
102.01 103.3
101.22 102.74
100.4 102.19
99.55 101.65
98.7 101.11
97.86 100.59
97.02 100.07
96.2 99.56
95.41 99.04
94.65 98.53
93.94 98.02
93.27 97.52
92.68 97.03
92.15 96.56
91.7 96.11
91.31 95.67
90.98 95.24
90.69 94.81
90.42 94.38
90.15 93.94
89.86 93.48
89.56 93.02
89.24 92.54
88.89 92.05
88.51 91.56
88.11 91.07
87.7 90.58
87.28 90.11
86.86 89.65
86.47 89.21
86.1 88.8
85.76 88.42
85.48 88.09
85.32 87.86
85.4 87.78
85.79 87.9
86.52 88.16
