80.0 81.02
81.05 81.57
82.65 82.43
84.82 83.6
87.5 85.05
90.61 86.74
94.02 88.59
97.61 90.52
101.22 92.47
104.69 94.35
107.84 96.1
110.57 97.69
112.79 99.1
114.52 100.33
115.8 101.43
116.72 102.44
117.38 103.44
117.86 104.45
118.22 105.5
118.5 106.59
118.72 107.69
118.88 108.77
118.97 109.81
119.0 110.77
118.96 111.66
118.86 112.45
118.68 113.14
118.43 113.73
118.1 114.21
117.69 114.58
117.18 114.83
116.56 114.97
115.8 114.97
114.88 114.84
113.78 114.56
112.55 114.15
111.23 113.63
109.87 113.03
108.54 112.39
107.29 111.73
106.14 111.09
105.14 110.48
104.27 109.91
103.56 109.37
103.0 108.87
102.58 108.39
102.26 107.93
102.02 107.47
101.83 107.01
101.67 106.53
101.5 106.03
101.31 105.52
101.1 104.99
100.85 104.45
100.57 103.91
100.26 103.38
99.92 102.87
99.57 102.36
99.19 101.87
98.8 101.38
98.4 100.91
97.97 100.45
97.54 100.0
97.11 99.56
96.67 99.13
96.25 98.72
95.84 98.32
95.44 97.93
95.02 97.54
94.6 97.15
94.18 96.76
93.75 96.37
93.33 95.98
92.91 95.58
92.49 95.19
92.08 94.79
91.65 94.38
91.22 93.97
90.79 93.56
90.37 93.16
89.98 92.76
89.6 92.37
89.24 91.99
88.9 91.62
88.57 91.26
88.26 90.91
87.95 90.55
87.66 90.21
87.37 89.86
87.08 89.52
86.8 89.17
86.52 88.83
86.23 88.49
85.95 88.16
85.68 87.83
85.41 87.52
85.15 87.21
84.9 86.91
84.65 86.63
84.41 86.34
84.17 86.06
83.93 85.79
83.69 85.52
83.45 85.25
83.23 84.99
83.01 84.74
82.81 84.5
82.61 84.26
82.42 84.03
82.22 83.79
82.02 83.56
81.82 83.33
81.62 83.1
81.4 82.87
81.18 82.64
80.94 82.4
80.7 82.16
80.46 81.92
80.22 81.68
79.98 81.45
79.76 81.24
79.58 81.07
79.46 80.94
79.32 80.78
79.25 80.68
79.36 80.75
79.41 80.75
