83.0 83.75
84.67 84.6
87.31 85.97
90.93 87.88
95.42 90.28
100.55 93.06
106.01 96.04
111.48 99.04
116.61 101.87
121.05 104.36
124.51 106.39
126.81 107.9
127.93 108.89
128.0 109.44
127.18 109.65
125.75 109.68
123.93 109.66
121.95 109.7
119.95 109.86
118.07 110.16
116.37 110.58
114.88 111.06
113.6 111.55
112.53 112.01
111.64 112.4
110.91 112.7
110.31 112.91
109.81 113.02
109.33 113.01
108.82 112.87
108.19 112.57
107.38 112.11
106.37 111.48
105.19 110.71
103.94 109.85
102.74 108.96
101.69 108.1
100.87 107.32
100.33 106.66
100.03 106.13
99.97 105.72
100.11 105.41
100.4 105.17
100.82 104.99
101.32 104.84
101.83 104.7
102.32 104.55
102.72 104.37
102.99 104.15
103.12 103.88
103.1 103.56
102.94 103.21
102.65 102.84
102.26 102.48
101.79 102.12
101.26 101.76
100.65 101.41
100.01 101.04
99.32 100.66
98.61 100.27
97.9 99.87
97.21 99.47
96.55 99.08
95.94 98.7
95.38 98.34
94.85 97.97
94.35 97.6
93.86 97.22
93.38 96.83
92.9 96.41
92.42 95.98
91.95 95.54
91.48 95.09
91.03 94.64
90.62 94.2
90.23 93.76
89.87 93.34
89.55 92.92
89.25 92.52
88.97 92.12
88.7 91.73
88.43 91.34
88.17 90.96
87.93 90.6
87.7 90.25
87.5 89.92
87.31 89.62
87.14 89.33
86.98 89.06
86.82 88.81
86.66 88.55
86.52 88.31
86.39 88.08
86.27 87.86
86.16 87.65
86.04 87.44
85.91 87.23
85.74 87.02
85.53 86.8
85.3 86.57
85.06 86.34
84.82 86.11
84.59 85.9
84.37 85.7
84.16 85.51
83.95 85.32
83.74 85.13
83.53 84.95
83.4 84.82
83.16 84.73
82.88 84.52
82.76 84.39
82.68 84.32
82.59 84.24
