94.99 96.91
98.55 98.81
104.66 102.07
113.42 106.73
124.31 112.53
136.21 118.93
147.83 125.25
158.0 130.83
165.92 135.21
171.17 138.16
173.73 139.76
174.0 140.31
172.55 140.2
170.02 139.84
166.94 139.56
163.69 139.55
160.47 139.87
157.38 140.51
154.41 141.35
151.52 142.25
148.66 143.06
145.8 143.62
142.92 143.83
140.05 143.65
137.21 143.09
134.4 142.22
131.65 141.12
128.93 139.88
126.21 138.53
123.51 137.1
120.86 135.6
118.36 134.06
116.14 132.51
114.35 131.01
113.06 129.6
112.33 128.34
112.14 127.25
112.41 126.32
113.03 125.53
113.88 124.85
114.84 124.22
115.79 123.61
116.66 122.99
117.37 122.33
117.91 121.65
118.28 120.95
118.46 120.23
118.45 119.53
118.27 118.83
117.89 118.15
117.32 117.49
116.58 116.84
115.71 116.21
114.75 115.58
113.75 114.96
112.73 114.36
111.71 113.77
110.7 113.2
109.7 112.63
108.69 112.05
107.69 111.47
106.72 110.88
105.78 110.28
104.9 109.69
104.1 109.09
103.36 108.5
102.67 107.91
102.02 107.31
101.39 106.7
100.77 106.06
100.16 105.41
99.58 104.75
99.02 104.1
98.51 103.46
98.06 102.84
97.69 102.26
97.37 101.71
97.09 101.19
96.84 100.68
96.58 100.19
96.31 99.7
96.02 99.22
95.71 98.74
95.4 98.3
95.14 97.9
94.87 97.51
94.56 97.13
94.26 96.76
93.94 96.38
93.58 96.01
93.39 95.74
93.19 95.55
93.01 95.32
93.0 95.41
92.79 95.58
