83.0 83.86
85.26 85.12
88.84 87.11
93.84 89.87
100.14 93.33
107.43 97.33
115.26 101.6
123.1 105.89
130.44 109.9
136.83 113.44
141.96 116.36
145.66 118.64
147.96 120.33
149.0 121.54
148.95 122.4
148.06 123.06
146.54 123.61
144.58 124.16
142.35 124.74
139.98 125.35
137.56 125.97
135.15 126.56
132.82 127.07
130.59 127.46
128.46 127.69
126.43 127.75
124.53 127.64
122.7 127.38
120.92 126.95
119.16 126.36
117.36 125.6
115.47 124.65
113.45 123.49
111.28 122.13
109.02 120.6
106.76 118.95
104.62 117.26
102.69 115.62
101.08 114.1
99.86 112.73
99.02 111.54
98.56 110.52
98.45 109.65
98.6 108.88
98.95 108.19
99.37 107.53
99.81 106.88
100.21 106.23
100.54 105.57
100.79 104.93
100.96 104.3
101.05 103.69
101.05 103.1
100.92 102.53
100.66 101.96
100.26 101.39
99.73 100.81
99.08 100.22
98.36 99.64
97.57 99.05
96.72 98.48
95.86 97.92
94.98 97.37
94.13 96.84
93.32 96.32
92.56 95.83
91.86 95.34
91.22 94.86
90.6 94.38
90.0 93.9
89.42 93.41
88.86 92.92
88.31 92.42
87.78 91.92
87.28 91.42
86.81 90.91
86.37 90.4
85.97 89.88
85.57 89.36
85.18 88.84
84.8 88.33
84.43 87.83
84.05 87.34
83.69 86.88
83.35 86.43
83.02 86.0
82.71 85.6
82.46 85.22
82.24 84.86
82.05 84.51
81.86 84.18
81.65 83.84
81.42 83.49
81.15 83.15
80.87 82.81
80.59 82.48
80.35 82.2
80.18 81.96
79.92 81.7
79.74 81.52
79.77 81.5
80.16 81.64
81.06 81.76
