64.08 63.97
65.93 64.93
69.18 66.56
73.88 68.95
79.68 71.98
85.99 75.4
92.06 78.81
97.21 81.86
101.11 84.28
103.77 86.0
105.33 87.09
106.0 87.74
105.93 88.12
105.29 88.38
104.22 88.61
102.83 88.86
101.22 89.11
99.46 89.38
97.57 89.64
95.6 89.88
93.56 90.06
91.45 90.11
89.26 89.96
86.98 89.57
84.58 88.9
82.03 87.96
79.34 86.8
76.58 85.51
73.9 84.18
71.45 82.87
69.37 81.66
67.74 80.57
66.56 79.61
65.77 78.73
65.25 77.91
64.94 77.11
64.76 76.28
64.66 75.42
64.63 74.53
64.63 73.62
64.63 72.71
64.64 71.81
64.62 70.94
64.59 70.11
64.54 69.32
64.47 68.6
64.4 67.95
64.32 67.37
64.24 66.87
64.15 66.42
64.07 66.03
63.99 65.67
63.94 65.35
63.89 65.07
63.85 64.83
63.82 64.63
63.78 64.46
63.73 64.32
63.65 64.2
63.56 64.07
63.45 63.96
63.34 63.84
63.22 63.74
63.13 63.65
63.05 63.58
62.99 63.51
62.94 63.46
62.91 63.42
62.95 63.43
63.22 63.55
63.78 63.91
