86.0 87.51
87.56 88.34
89.98 89.64
93.29 91.42
97.39 93.64
102.13 96.21
107.32 99.01
112.68 101.87
117.88 104.62
122.48 107.09
126.18 109.15
128.81 110.74
130.37 111.86
131.0 112.62
130.94 113.16
130.45 113.61
129.67 114.09
128.73 114.66
127.7 115.32
126.64 116.05
125.59 116.8
124.56 117.53
123.57 118.2
122.62 118.78
121.72 119.26
120.85 119.61
119.98 119.82
119.05 119.85
117.97 119.68
116.69 119.29
115.14 118.67
113.32 117.86
111.32 116.88
109.24 115.79
107.21 114.67
105.38 113.57
103.83 112.57
102.64 111.68
101.82 110.94
101.36 110.34
101.23 109.85
101.37 109.46
101.71 109.12
102.19 108.8
102.71 108.48
103.21 108.12
103.64 107.72
103.95 107.26
104.11 106.75
104.12 106.21
103.97 105.64
103.68 105.07
103.25 104.5
102.72 103.94
102.1 103.39
101.43 102.85
100.73 102.33
99.99 101.81
99.24 101.31
98.5 100.81
97.76 100.33
97.04 99.85
96.35 99.38
95.68 98.92
95.02 98.45
94.4 98.0
93.83 97.54
93.31 97.11
92.86 96.69
92.49 96.3
92.19 95.94
91.95 95.59
91.77 95.27
91.63 94.95
91.5 94.64
91.36 94.31
91.2 93.96
91.01 93.6
90.79 93.24
90.59 92.88
90.41 92.56
90.28 92.27
90.21 92.03
90.18 91.83
90.2 91.66
90.23 91.52
90.25 91.38
90.25 91.24
90.21 91.09
90.13 90.92
89.98 90.73
89.77 90.51
89.5 90.28
89.17 90.02
88.81 89.75
88.43 89.48
88.04 89.21
87.66 88.95
87.29 88.71
86.93 88.47
86.58 88.25
86.3 88.07
86.13 87.88
85.89 87.54
85.67 87.31
85.6 87.18
85.28 87.02
