64.0 70.5
68.36 72.84
75.9 76.86
86.7 82.55
100.14 89.6
114.95 97.36
129.65 105.06
142.86 111.93
153.52 117.42
161.13 121.32
165.74 123.75
167.83 125.06
168.0 125.7
166.78 126.06
164.57 126.4
161.53 126.82
157.75 127.27
153.26 127.67
148.11 127.9
142.38 127.88
136.25 127.55
129.92 126.87
123.52 125.8
117.2 124.34
111.03 122.53
105.08 120.42
99.39 118.11
94.01 115.69
89.0 113.25
84.47 110.84
80.49 108.49
77.13 106.21
74.5 103.99
72.6 101.85
71.43 99.8
70.94 97.87
71.02 96.08
71.58 94.43
72.52 92.92
73.69 91.53
75.0 90.23
76.35 89.0
77.66 87.84
78.84 86.72
79.84 85.65
80.62 84.63
81.14 83.65
81.41 82.72
81.47 81.85
81.35 81.06
81.08 80.36
80.71 79.74
80.22 79.21
79.65 78.74
78.97 78.3
78.2 77.87
77.35 77.44
76.39 76.97
75.32 76.47
74.14 75.91
72.86 75.29
71.51 74.63
70.13 73.91
68.73 73.16
67.33 72.37
65.93 71.54
64.54 70.71
63.22 69.93
62.24 69.39
62.36 69.45
62.81 69.85
