74.0 77.43
77.81 79.41
84.05 82.73
92.86 87.43
103.91 93.3
116.21 99.9
128.7 106.69
140.58 113.15
151.09 118.8
159.54 123.34
165.44 126.62
168.57 128.63
169.0 129.49
167.0 129.4
163.02 128.64
157.61 127.48
151.29 126.19
144.49 124.96
137.51 123.88
130.58 122.94
123.8 122.05
117.29 121.12
111.14 120.03
105.42 118.74
100.21 117.25
95.54 115.61
91.43 113.85
87.85 112.04
84.79 110.2
82.25 108.35
80.22 106.51
78.74 104.72
77.8 103.02
77.4 101.42
77.51 99.95
78.04 98.59
78.9 97.32
79.96 96.1
81.15 94.93
82.36 93.8
83.54 92.73
84.64 91.73
85.6 90.78
86.36 89.9
86.9 89.05
87.18 88.23
87.22 87.45
87.04 86.69
86.67 85.99
86.16 85.34
85.53 84.77
84.83 84.27
84.07 83.84
83.29 83.45
82.5 83.1
81.73 82.77
80.99 82.47
80.28 82.18
79.62 81.9
78.99 81.61
78.39 81.31
77.76 80.96
77.1 80.57
76.42 80.12
75.74 79.64
75.11 79.17
74.61 78.79
74.51 78.64
74.57 78.65
74.84 78.82
