88.0 88.79
89.12 89.41
90.97 90.42
93.57 91.83
96.82 93.59
100.51 95.59
104.39 97.69
108.22 99.76
111.78 101.67
114.87 103.35
117.38 104.76
119.24 105.88
120.42 106.74
120.98 107.37
121.0 107.84
120.59 108.21
119.9 108.54
119.03 108.89
118.1 109.28
117.17 109.71
116.26 110.18
115.41 110.64
114.61 111.07
113.84 111.44
113.11 111.73
112.44 111.96
111.83 112.12
111.28 112.23
110.8 112.3
110.4 112.33
110.05 112.31
109.71 112.23
109.34 112.05
108.85 111.76
108.18 111.33
107.3 110.75
106.25 110.05
105.13 109.27
104.03 108.47
103.06 107.72
102.3 107.07
101.79 106.55
101.51 106.17
101.44 105.9
101.54 105.71
101.76 105.56
102.05 105.43
102.35 105.3
102.64 105.13
102.89 104.94
103.07 104.72
103.17 104.46
103.19 104.19
103.12 103.89
102.95 103.58
102.69 103.25
102.32 102.91
101.86 102.55
101.31 102.17
100.7 101.78
100.07 101.37
99.43 100.97
98.82 100.59
98.25 100.23
97.72 99.89
97.22 99.57
96.76 99.26
96.31 98.94
95.88 98.62
95.46 98.27
95.04 97.91
94.62 97.54
94.21 97.15
93.81 96.76
93.41 96.36
93.02 95.97
92.64 95.58
92.28 95.2
91.97 94.84
91.7 94.49
91.48 94.18
91.3 93.88
91.17 93.6
91.06 93.33
90.93 93.05
90.79 92.78
90.62 92.49
90.42 92.2
90.2 91.91
89.99 91.64
89.82 91.39
89.68 91.18
89.6 91.0
89.55 90.85
89.51 90.71
89.45 90.56
89.35 90.38
89.19 90.18
88.97 89.96
88.71 89.72
88.44 89.48
88.17 89.25
87.91 89.04
87.69 88.85
87.5 88.68
87.32 88.52
87.19 88.41
87.18 88.35
87.14 88.4
87.0 88.31
86.96 88.2
