92.0 93.87
93.17 94.5
95.03 95.51
97.57 96.89
100.7 98.59
104.27 100.52
108.12 102.58
112.08 104.7
116.01 106.78
119.76 108.79
123.22 110.68
126.3 112.42
128.93 114.02
131.07 115.47
132.73 116.77
133.92 117.95
134.66 119.02
135.0 120.01
134.99 120.92
134.68 121.75
134.14 122.51
133.4 123.2
132.52 123.79
131.54 124.3
130.49 124.73
129.42 125.07
128.32 125.33
127.22 125.5
126.1 125.57
124.93 125.5
123.67 125.28
122.29 124.89
120.77 124.33
119.12 123.62
117.44 122.81
115.78 121.94
114.25 121.06
112.88 120.21
111.73 119.41
110.78 118.67
110.02 117.97
109.44 117.3
109.0 116.66
108.67 116.02
108.43 115.39
108.25 114.76
108.12 114.13
108.02 113.51
107.92 112.9
107.82 112.29
107.67 111.68
107.48 111.08
107.23 110.5
106.94 109.92
106.59 109.36
106.2 108.82
105.78 108.28
105.34 107.76
104.88 107.26
104.4 106.76
103.91 106.28
103.41 105.81
102.89 105.34
102.36 104.89
101.82 104.43
101.29 103.99
100.76 103.55
100.25 103.11
99.76 102.69
99.29 102.28
98.87 101.89
98.47 101.5
98.09 101.13
97.74 100.75
97.4 100.38
97.07 99.99
96.73 99.6
96.39 99.2
96.05 98.8
95.71 98.4
95.37 98.01
95.02 97.61
94.68 97.23
94.34 96.85
94.0 96.47
93.66 96.09
93.31 95.72
92.96 95.35
92.61 95.0
92.28 94.67
92.03 94.41
91.95 94.25
92.1 94.25
92.38 94.33
