58.0 62.12
62.8 64.56
70.79 68.77
82.16 74.76
96.25 82.18
111.56 90.42
126.81 98.72
140.82 106.35
152.56 112.75
161.42 117.67
167.32 121.16
170.66 123.49
172.0 125.07
171.86 126.28
170.71 127.44
168.89 128.72
166.58 130.2
163.85 131.82
160.71 133.47
157.18 135.0
153.26 136.26
148.95 137.08
144.32 137.39
139.41 137.13
134.27 136.31
128.9 134.99
123.37 133.27
117.7 131.23
111.99 128.95
106.35 126.51
100.93 123.95
95.84 121.31
91.21 118.61
87.11 115.89
83.59 113.16
80.65 110.45
78.29 107.79
76.44 105.19
75.04 102.67
74.0 100.22
73.27 97.86
72.8 95.6
72.55 93.43
72.46 91.37
72.47 89.41
72.53 87.56
72.57 85.8
72.52 84.11
72.35 82.49
72.05 80.94
71.64 79.44
71.15 78.04
70.62 76.74
70.12 75.57
69.65 74.54
69.23 73.64
68.83 72.86
68.47 72.17
68.11 71.54
67.74 70.95
67.32 70.39
66.89 69.85
66.43 69.33
65.95 68.83
65.45 68.33
64.93 67.85
64.36 67.36
63.74 66.85
63.06 66.31
62.28 65.72
61.38 65.05
60.35 64.31
59.36 63.61
58.19 62.88
57.4 62.24
56.63 61.7
