91.0 93.07
94.46 94.84
100.15 97.81
108.11 102.0
117.96 107.23
128.89 113.11
139.94 119.09
150.15 124.67
158.79 129.42
165.39 133.12
169.82 135.75
172.24 137.48
173.0 138.55
172.49 139.26
171.09 139.83
169.09 140.42
166.68 141.13
164.03 141.96
161.24 142.9
158.4 143.87
155.56 144.78
152.74 145.55
149.95 146.09
147.18 146.33
144.44 146.25
141.7 145.85
138.92 145.18
136.05 144.25
133.07 143.1
129.98 141.75
126.84 140.22
123.74 138.56
120.81 136.82
118.2 135.05
116.01 133.35
114.32 131.76
113.18 130.33
112.59 129.09
112.5 128.04
112.83 127.13
113.47 126.35
114.3 125.64
115.23 124.97
116.18 124.31
117.07 123.65
117.85 122.97
118.46 122.28
118.87 121.58
119.04 120.85
118.94 120.1
118.59 119.34
118.01 118.57
117.24 117.81
116.34 117.05
115.33 116.32
114.27 115.62
113.19 114.95
112.08 114.3
110.97 113.66
109.85 113.02
108.73 112.38
107.61 111.73
106.53 111.07
105.46 110.4
104.41 109.7
103.38 108.98
102.35 108.23
101.32 107.45
100.32 106.64
99.35 105.83
98.46 105.02
97.67 104.24
96.95 103.49
96.32 102.76
95.75 102.04
95.22 101.34
94.73 100.64
94.28 99.96
93.88 99.29
93.52 98.65
93.19 98.03
92.87 97.42
92.53 96.83
92.19 96.24
91.81 95.66
91.43 95.09
91.07 94.56
90.81 94.12
90.72 93.79
90.63 93.41
90.38 93.0
90.22 92.6
89.96 92.18
89.95 91.97
90.3 91.87
