78.99 83.65
82.85 85.81
89.38 89.43
98.48 94.45
109.66 100.52
121.9 107.13
134.14 113.7
145.6 119.76
155.71 124.96
163.93 129.11
169.89 132.2
173.51 134.32
174.99 135.63
174.63 136.32
172.72 136.6
169.62 136.65
165.63 136.62
161.04 136.59
156.1 136.62
150.99 136.67
145.84 136.65
140.72 136.46
135.68 136.0
130.72 135.22
125.86 134.11
121.12 132.71
116.55 131.09
112.22 129.32
108.19 127.45
104.51 125.51
101.25 123.55
98.42 121.58
96.01 119.61
94.02 117.64
92.44 115.7
91.25 113.78
90.42 111.92
89.93 110.12
89.73 108.4
89.77 106.78
90.0 105.24
90.36 103.79
90.8 102.42
91.26 101.15
91.72 99.96
92.09 98.86
92.38 97.84
92.54 96.88
92.57 95.98
92.47 95.13
92.26 94.34
91.94 93.59
91.54 92.9
91.07 92.27
90.54 91.68
89.96 91.14
89.34 90.64
88.68 90.17
88.01 89.71
87.32 89.26
86.62 88.82
85.91 88.36
85.19 87.9
84.47 87.41
83.71 86.89
82.93 86.35
82.12 85.77
81.26 85.15
80.32 84.49
79.38 83.88
78.65 83.31
78.06 82.92
77.42 82.55
77.12 82.27
