56.0 56.93
57.82 57.95
60.68 59.55
64.65 61.74
69.6 64.48
75.3 67.64
81.46 71.04
87.77 74.5
93.9 77.86
99.56 80.99
104.52 83.8
108.61 86.24
111.78 88.31
114.03 90.05
115.39 91.51
116.0 92.75
115.96 93.85
115.43 94.86
114.51 95.83
113.33 96.77
111.96 97.67
110.47 98.52
108.93 99.29
107.37 99.95
105.81 100.48
104.27 100.88
102.75 101.14
101.26 101.27
99.8 101.28
98.37 101.16
96.97 100.91
95.59 100.53
94.2 100.02
92.77 99.35
91.25 98.52
89.63 97.51
87.91 96.35
86.11 95.07
84.29 93.69
82.5 92.27
80.82 90.86
79.29 89.5
77.96 88.22
76.86 87.04
75.99 85.97
75.35 85.0
74.93 84.13
74.7 83.35
74.66 82.66
74.77 82.04
74.99 81.48
75.29 80.97
75.64 80.51
76.02 80.09
76.38 79.69
76.7 79.3
76.94 78.93
77.06 78.54
77.05 78.14
76.91 77.72
76.63 77.27
76.23 76.81
75.74 76.35
75.19 75.89
74.61 75.46
74.02 75.04
73.41 74.65
72.79 74.26
72.16 73.88
71.51 73.5
70.86 73.11
70.23 72.72
69.63 72.33
69.05 71.94
68.5 71.54
67.97 71.13
67.45 70.7
66.92 70.25
66.39 69.78
65.85 69.31
65.32 68.82
64.8 68.34
64.3 67.86
63.84 67.39
63.41 66.93
63.02 66.47
62.65 66.03
62.3 65.59
61.96 65.15
61.62 64.72
61.28 64.28
60.93 63.83
60.56 63.39
60.19 62.95
59.82 62.52
59.45 62.1
59.11 61.71
58.81 61.34
58.52 60.99
58.26 60.66
58.02 60.34
57.77 60.02
57.5 59.69
57.22 59.36
56.92 59.03
56.64 58.71
56.4 58.4
56.19 58.13
56.04 57.89
55.94 57.68
55.85 57.51
55.71 57.35
55.57 57.13
55.39 56.91
55.16 56.66
54.9 56.36
54.65 56.06
54.4 55.82
54.18 55.62
54.09 55.5
54.21 55.53
54.2 55.56
54.27 55.59
