68.0 69.61
69.59 70.46
72.14 71.85
75.65 73.76
80.04 76.15
85.06 78.88
90.45 81.81
95.92 84.77
101.2 87.61
106.03 90.23
110.25 92.58
113.73 94.63
116.47 96.39
118.49 97.93
119.88 99.28
120.69 100.51
121.0 101.64
120.85 102.69
120.32 103.67
119.45 104.56
118.3 105.35
116.92 106.01
115.36 106.53
113.68 106.91
111.93 107.15
110.13 107.26
108.31 107.23
106.46 107.07
104.57 106.76
102.6 106.28
100.54 105.64
98.42 104.82
96.26 103.87
94.14 102.81
92.12 101.68
90.28 100.53
88.65 99.4
87.27 98.31
86.14 97.26
85.25 96.28
84.58 95.34
84.12 94.45
83.81 93.6
83.63 92.78
83.54 91.98
83.5 91.18
83.48 90.4
83.44 89.62
83.37 88.85
83.25 88.1
83.07 87.36
82.83 86.64
82.54 85.96
82.2 85.31
81.81 84.69
81.4 84.09
80.97 83.53
80.53 83.0
80.08 82.49
79.6 82.01
79.13 81.54
78.64 81.09
78.15 80.65
77.66 80.22
77.18 79.8
76.7 79.38
76.23 78.97
75.75 78.56
75.29 78.16
74.85 77.75
74.41 77.35
73.98 76.95
73.57 76.55
73.17 76.16
72.77 75.76
72.39 75.36
72.03 74.97
71.69 74.59
71.37 74.22
71.06 73.85
70.77 73.49
70.49 73.13
70.21 72.78
69.93 72.43
69.65 72.08
69.36 71.73
69.07 71.39
68.79 71.06
68.54 70.76
68.32 70.54
68.2 70.35
68.05 70.15
67.87 70.01
67.78 69.79
