77.99 79.33
79.41 80.1
81.67 81.34
84.81 83.06
88.74 85.21
93.22 87.65
98.0 90.26
102.82 92.86
107.42 95.32
111.55 97.53
114.99 99.41
117.59 100.9
119.26 102.0
119.99 102.73
119.89 103.18
119.12 103.43
117.86 103.56
116.25 103.68
114.46 103.82
112.62 104.01
110.78 104.24
109.02 104.48
107.38 104.7
105.87 104.87
104.48 104.97
103.22 104.99
102.05 104.92
100.95 104.76
99.9 104.49
98.88 104.1
97.86 103.61
96.81 102.99
95.73 102.27
94.58 101.45
93.4 100.54
92.21 99.58
91.05 98.6
89.99 97.63
89.09 96.71
88.4 95.88
87.93 95.16
87.7 94.55
87.68 94.04
87.83 93.61
88.08 93.24
88.41 92.9
88.78 92.59
89.15 92.29
89.5 92.01
89.8 91.73
90.06 91.46
90.25 91.2
90.35 90.93
90.35 90.66
90.26 90.38
90.06 90.1
89.78 89.81
89.43 89.52
89.04 89.24
88.62 88.96
88.18 88.69
87.72 88.43
87.26 88.17
86.79 87.9
86.31 87.64
85.83 87.37
85.35 87.09
84.87 86.8
84.38 86.49
83.87 86.15
83.36 85.79
82.84 85.42
82.33 85.03
81.84 84.64
81.41 84.27
81.01 83.91
80.66 83.56
80.34 83.23
80.03 82.89
79.74 82.55
79.45 82.21
79.18 81.86
78.91 81.52
78.67 81.18
78.45 80.85
78.23 80.53
78.03 80.21
77.82 79.9
77.58 79.58
77.31 79.26
77.03 78.95
76.77 78.67
76.61 78.49
76.74 78.48
77.15 78.55
