86.0 90.57
90.3 92.84
97.39 96.61
107.31 101.92
119.65 108.49
133.4 115.83
147.34 123.28
160.37 130.22
171.57 136.13
180.21 140.69
185.93 143.82
188.74 145.65
189.0 146.43
187.15 146.49
183.7 146.14
179.07 145.6
173.58 145.03
167.52 144.51
161.16 144.06
154.71 143.64
148.36 143.2
142.26 142.66
136.52 141.95
131.18 141.02
126.22 139.83
121.58 138.36
117.23 136.64
113.12 134.72
109.28 132.64
105.77 130.48
102.68 128.29
100.07 126.13
97.97 124.03
96.39 121.99
95.31 120.02
94.68 118.13
94.44 116.32
94.56 114.61
94.97 113.02
95.6 111.55
96.39 110.19
97.25 108.93
98.13 107.75
98.96 106.65
99.67 105.6
100.24 104.63
100.62 103.71
100.81 102.84
100.79 102.04
100.58 101.27
100.19 100.55
99.64 99.85
98.94 99.17
98.13 98.52
97.24 97.91
96.33 97.34
95.44 96.83
94.6 96.38
93.83 95.97
93.1 95.59
92.39 95.21
91.66 94.8
90.88 94.33
90.03 93.78
89.1 93.17
88.09 92.48
87.04 91.75
85.98 91.0
85.03 90.32
84.38 89.85
84.48 89.88
84.75 90.2
