69.0 71.12
71.75 72.66
75.94 75.0
81.61 78.16
88.64 82.08
96.84 86.62
105.89 91.59
115.4 96.75
124.81 101.82
133.51 106.51
140.9 110.56
146.53 113.79
150.21 116.16
151.97 117.72
152.0 118.62
150.61 119.08
148.15 119.29
144.95 119.42
141.3 119.58
137.44 119.81
133.57 120.09
129.79 120.4
126.2 120.68
122.82 120.87
119.64 120.91
116.61 120.74
113.67 120.29
110.72 119.53
107.7 118.44
104.6 117.03
101.42 115.36
98.25 113.52
95.16 111.56
92.23 109.56
89.54 107.55
87.12 105.57
85.01 103.62
83.22 101.73
81.76 99.91
80.63 98.17
79.83 96.55
79.35 95.04
79.16 93.65
79.21 92.39
79.46 91.23
79.84 90.17
80.28 89.19
80.73 88.27
81.12 87.4
81.41 86.57
81.58 85.76
81.62 84.97
81.51 84.2
81.26 83.45
80.9 82.73
80.45 82.03
79.92 81.38
79.34 80.77
78.73 80.21
78.1 79.69
77.47 79.2
76.83 78.75
76.2 78.31
75.58 77.88
74.96 77.47
74.37 77.06
73.82 76.65
73.3 76.25
72.8 75.86
72.33 75.46
71.87 75.06
71.43 74.66
71.0 74.25
70.58 73.83
70.16 73.39
69.74 72.95
69.32 72.49
68.9 72.04
68.53 71.62
68.17 71.26
67.81 70.94
67.48 70.62
67.25 70.41
67.2 70.38
67.23 70.39
67.5 70.58
