80.0 83.71
83.57 85.56
89.6 88.74
98.15 93.25
108.68 98.8
120.15 104.91
131.52 111.0
141.94 116.56
150.76 121.22
157.54 124.79
162.08 127.29
164.47 128.86
165.0 129.74
164.0 130.15
161.88 130.32
158.96 130.42
155.51 130.57
151.73 130.81
147.77 131.14
143.71 131.5
139.65 131.79
135.63 131.91
131.66 131.77
127.76 131.3
123.91 130.51
120.11 129.4
116.32 128.05
112.58 126.48
108.91 124.76
105.4 122.94
102.12 121.05
99.18 119.14
96.66 117.26
94.59 115.44
93.03 113.71
91.94 112.09
91.33 110.59
91.17 109.21
91.4 107.95
91.95 106.83
92.76 105.81
93.72 104.89
94.75 104.03
95.74 103.22
96.61 102.41
97.29 101.61
97.75 100.79
97.97 99.98
97.95 99.18
97.74 98.4
97.34 97.66
96.8 96.95
96.15 96.3
95.42 95.7
94.65 95.15
93.87 94.64
93.09 94.18
92.31 93.74
91.55 93.33
90.8 92.92
90.06 92.51
89.34 92.1
88.66 91.68
88.0 91.26
87.38 90.83
86.79 90.4
86.22 89.94
85.64 89.46
85.04 88.95
84.42 88.4
83.77 87.81
83.09 87.2
82.4 86.56
81.7 85.92
81.0 85.26
80.32 84.61
79.65 83.96
79.04 83.34
78.61 82.83
78.22 82.44
77.91 82.01
77.88 81.79
77.75 81.62
