76.0 79.57
78.67 81.03
83.04 83.43
89.16 86.74
96.72 90.81
105.13 95.33
113.86 99.98
122.34 104.41
130.02 108.36
136.41 111.61
141.15 114.04
144.03 115.63
145.0 116.42
144.19 116.52
141.85 116.09
138.32 115.34
133.97 114.45
129.16 113.57
124.18 112.8
119.24 112.16
114.51 111.62
110.07 111.11
105.97 110.55
102.23 109.9
98.82 109.12
95.74 108.19
92.96 107.14
90.46 105.96
88.23 104.69
86.28 103.35
84.63 101.97
83.28 100.59
82.22 99.24
81.45 97.94
80.93 96.68
80.66 95.47
80.62 94.32
80.79 93.22
81.14 92.21
81.66 91.3
82.31 90.49
83.06 89.79
83.9 89.21
84.79 88.73
85.65 88.33
86.44 87.98
87.13 87.68
87.66 87.39
88.0 87.1
88.16 86.81
88.15 86.51
87.98 86.21
87.66 85.91
87.23 85.62
86.7 85.33
86.09 85.05
85.41 84.79
84.68 84.52
83.92 84.26
83.15 83.99
82.38 83.71
81.63 83.41
80.9 83.09
80.2 82.75
79.52 82.39
78.86 82.0
78.2 81.58
77.57 81.13
76.96 80.67
76.36 80.19
75.78 79.73
75.29 79.35
75.13 79.22
75.41 79.4
75.88 79.76
