77.0 80.78
79.82 82.29
84.55 84.83
91.26 88.41
99.62 92.84
108.94 97.75
118.35 102.68
127.0 107.16
134.19 110.84
139.54 113.56
142.98 115.36
144.69 116.42
145.0 116.97
144.24 117.26
142.74 117.49
140.75 117.79
138.47 118.2
136.03 118.74
133.49 119.37
130.91 120.03
128.31 120.62
125.72 121.06
123.11 121.26
120.46 121.16
117.76 120.74
114.99 120.01
112.1 119.01
109.14 117.8
106.16 116.48
103.27 115.1
100.61 113.74
98.31 112.43
96.42 111.2
94.98 110.04
93.96 108.96
93.32 107.94
93.02 106.97
92.99 106.04
93.16 105.14
93.45 104.25
93.79 103.36
94.1 102.46
94.33 101.54
94.48 100.63
94.55 99.72
94.52 98.84
94.37 97.98
94.11 97.16
93.71 96.36
93.19 95.58
92.55 94.81
91.8 94.06
90.99 93.32
90.15 92.62
89.32 91.96
88.53 91.36
87.8 90.81
87.11 90.29
86.47 89.8
85.85 89.32
85.24 88.84
84.65 88.35
84.06 87.84
83.45 87.31
82.81 86.74
82.12 86.14
81.37 85.5
80.59 84.83
79.79 84.13
78.99 83.43
78.2 82.73
77.45 82.06
76.76 81.44
76.19 80.94
75.92 80.61
76.04 80.42
75.97 80.11
76.12 79.88
