74.99 76.63
76.29 77.3
78.3 78.35
81.03 79.79
84.36 81.58
88.17 83.64
92.35 85.89
96.66 88.21
100.92 90.52
105.0 92.72
108.7 94.74
111.83 96.53
114.31 98.05
116.12 99.33
117.28 100.39
117.87 101.29
118.0 102.08
117.74 102.82
117.2 103.53
116.46 104.22
115.58 104.89
114.6 105.53
113.58 106.11
112.53 106.62
111.45 107.03
110.34 107.32
109.15 107.46
107.85 107.44
106.44 107.24
104.87 106.83
103.15 106.24
101.28 105.48
99.32 104.59
97.33 103.6
95.38 102.58
93.55 101.55
91.93 100.54
90.53 99.59
89.39 98.69
88.49 97.85
87.8 97.05
87.29 96.29
86.93 95.55
86.7 94.83
86.56 94.11
86.47 93.41
86.43 92.72
86.41 92.05
86.38 91.39
86.32 90.76
86.23 90.14
86.11 89.54
85.93 88.96
85.69 88.39
85.39 87.83
84.99 87.26
84.54 86.7
84.05 86.14
83.55 85.62
83.05 85.13
82.58 84.68
82.12 84.26
81.67 83.87
81.23 83.49
80.8 83.12
80.37 82.75
79.97 82.39
79.59 82.05
79.25 81.72
78.95 81.41
78.69 81.11
78.45 80.82
78.21 80.52
77.95 80.2
77.65 79.86
77.3 79.5
76.92 79.11
76.5 78.71
76.07 78.31
75.65 77.91
75.24 77.51
74.82 77.12
74.4 76.74
74.01 76.38
73.67 76.05
73.4 75.76
73.2 75.52
73.11 75.37
73.21 75.33
73.55 75.45
74.11 75.72
