64.99 65.49
66.87 66.51
69.84 68.12
73.95 70.35
79.13 73.19
85.13 76.48
91.55 80.03
97.89 83.58
103.72 86.86
108.63 89.65
112.33 91.82
114.71 93.36
115.87 94.34
115.99 94.91
115.34 95.25
114.15 95.51
112.62 95.81
110.94 96.21
109.22 96.73
107.54 97.36
105.96 98.05
104.51 98.75
103.23 99.43
102.13 100.04
101.23 100.58
100.54 101.03
100.05 101.41
99.71 101.71
99.48 101.94
99.32 102.1
99.13 102.18
98.89 102.14
98.51 101.95
97.94 101.59
97.16 101.03
96.14 100.28
94.93 99.36
93.56 98.33
92.15 97.25
90.78 96.19
89.55 95.22
88.52 94.38
87.75 93.68
87.24 93.13
86.97 92.69
86.87 92.35
86.92 92.05
87.05 91.77
87.22 91.48
87.41 91.19
87.62 90.89
87.8 90.58
87.94 90.27
88.02 89.94
88.02 89.61
87.94 89.28
87.77 88.93
87.52 88.58
87.19 88.21
86.78 87.84
86.32 87.46
85.81 87.07
85.28 86.68
84.73 86.28
84.17 85.88
83.56 85.47
82.92 85.04
82.22 84.58
81.52 84.11
80.8 83.63
80.08 83.14
79.38 82.65
78.71 82.16
78.05 81.68
77.39 81.18
76.76 80.68
76.16 80.17
75.59 79.66
75.06 79.15
74.58 78.64
74.14 78.14
73.73 77.65
73.34 77.16
72.94 76.67
72.52 76.18
72.1 75.69
71.69 75.2
71.3 74.73
70.97 74.28
70.7 73.87
70.48 73.49
70.29 73.14
70.13 72.8
69.96 72.46
69.77 72.13
69.54 71.78
69.28 71.44
69.02 71.09
68.74 70.76
68.49 70.44
68.27 70.15
68.08 69.87
67.89 69.61
67.71 69.36
67.52 69.12
67.3 68.86
67.04 68.61
66.76 68.34
66.49 68.08
66.23 67.83
66.0 67.59
65.8 67.37
65.61 67.15
65.42 66.93
65.19 66.7
64.92 66.45
64.63 66.18
64.31 65.9
64.0 65.63
63.72 65.36
63.48 65.13
63.34 64.95
63.23 64.81
62.96 64.51
62.82 64.31
62.9 64.21
63.07 64.13
63.44 64.3
