63.0 66.7
65.16 67.77
68.72 69.62
73.65 72.2
79.71 75.37
86.42 78.89
93.32 82.52
100.06 86.02
106.31 89.22
111.78 92.0
116.2 94.29
119.39 96.08
121.31 97.37
122.0 98.23
121.6 98.74
120.33 99.01
118.43 99.17
116.1 99.31
113.53 99.48
110.88 99.72
108.29 100.0
105.82 100.3
103.56 100.57
101.55 100.8
99.78 100.97
98.24 101.07
96.91 101.11
95.76 101.06
94.78 100.93
93.94 100.69
93.14 100.31
92.34 99.77
91.44 99.07
90.39 98.21
89.22 97.2
87.97 96.08
86.7 94.9
85.47 93.7
84.33 92.53
83.32 91.42
82.46 90.4
81.79 89.48
81.34 88.67
81.08 87.97
81.0 87.38
81.09 86.88
81.32 86.46
81.65 86.11
82.01 85.79
82.41 85.51
82.8 85.24
83.12 84.96
83.35 84.67
83.46 84.36
83.41 84.0
83.18 83.61
82.79 83.17
82.28 82.71
81.68 82.23
81.01 81.74
80.27 81.25
79.46 80.76
78.61 80.26
77.74 79.76
76.87 79.25
76.01 78.75
75.18 78.25
74.37 77.75
73.6 77.24
72.84 76.72
72.1 76.17
71.39 75.62
70.71 75.05
70.06 74.47
69.44 73.89
68.83 73.31
68.22 72.71
67.6 72.09
66.96 71.45
66.31 70.79
65.65 70.13
64.99 69.48
64.38 68.87
63.85 68.4
63.46 68.03
63.21 67.74
63.02 67.59
62.83 67.44
62.64 67.24
62.31 67.1
