60.0 60.35
61.11 60.96
62.83 61.9
65.18 63.19
68.09 64.79
71.42 66.62
75.01 68.6
78.69 70.63
82.26 72.59
85.57 74.44
88.48 76.1
90.88 77.55
92.73 78.78
94.0 79.81
94.74 80.64
95.0 81.33
94.84 81.92
94.37 82.44
93.67 82.92
92.78 83.38
91.8 83.82
90.77 84.24
89.75 84.63
88.77 84.99
87.88 85.32
87.1 85.61
86.4 85.87
85.79 86.08
85.24 86.23
84.71 86.3
84.2 86.3
83.68 86.19
83.11 85.99
82.47 85.67
81.73 85.24
80.88 84.7
79.93 84.07
78.94 83.36
77.95 82.63
76.99 81.89
76.14 81.18
75.39 80.52
74.76 79.9
74.26 79.34
73.88 78.84
73.61 78.39
73.47 77.99
73.45 77.64
73.52 77.34
73.68 77.1
73.91 76.89
74.18 76.71
74.45 76.54
74.72 76.37
74.94 76.2
75.11 76.02
75.21 75.82
75.22 75.61
75.15 75.38
74.97 75.14
74.71 74.88
74.39 74.61
74.02 74.35
73.63 74.09
73.22 73.83
72.8 73.57
72.36 73.32
71.91 73.06
71.46 72.79
71.0 72.52
70.53 72.24
70.02 71.93
69.48 71.6
68.92 71.24
68.35 70.85
67.79 70.45
67.26 70.05
66.77 69.66
66.33 69.28
65.94 68.92
65.57 68.57
65.22 68.23
64.9 67.89
64.58 67.54
64.27 67.19
63.98 66.83
63.7 66.47
63.44 66.12
63.2 65.77
62.99 65.44
62.79 65.13
62.62 64.83
62.46 64.55
62.29 64.28
62.13 64.01
61.97 63.76
61.8 63.5
61.63 63.26
61.47 63.03
61.35 62.81
61.24 62.62
61.15 62.43
61.05 62.26
60.95 62.09
60.83 61.92
60.69 61.74
60.55 61.56
60.41 61.4
60.29 61.25
60.2 61.12
60.15 61.02
60.13 60.95
60.13 60.88
60.15 60.83
60.19 60.79
60.23 60.75
60.28 60.71
60.3 60.66
60.3 60.59
60.25 60.5
60.16 60.4
60.03 60.29
59.88 60.17
59.7 60.04
59.51 59.93
59.32 59.81
59.14 59.7
58.97 59.59
58.83 59.49
58.72 59.41
58.68 59.35
58.71 59.36
58.86 59.46
59.15 59.64
59.61 59.91
