65.0 65.84
66.16 66.46
67.87 67.38
70.14 68.61
72.93 70.13
76.2 71.91
79.84 73.89
83.7 75.99
87.62 78.12
91.38 80.19
94.8 82.12
97.73 83.85
100.08 85.34
101.83 86.6
103.02 87.66
103.72 88.58
104.0 89.39
103.93 90.14
103.6 90.86
103.06 91.54
102.37 92.2
101.61 92.84
100.81 93.44
100.02 94.02
99.26 94.55
98.55 95.04
97.89 95.46
97.26 95.81
96.68 96.08
96.12 96.27
95.55 96.37
94.98 96.37
94.36 96.27
93.66 96.05
92.85 95.7
91.92 95.22
90.86 94.61
89.69 93.89
88.46 93.1
87.22 92.26
86.02 91.41
84.9 90.59
83.89 89.81
83.01 89.07
82.27 88.39
81.67 87.76
81.2 87.17
80.85 86.63
80.61 86.13
80.46 85.66
80.4 85.23
80.42 84.82
80.49 84.45
80.6 84.1
80.73 83.78
80.86 83.47
80.96 83.18
81.04 82.89
81.07 82.61
81.05 82.34
81.0 82.06
80.9 81.79
80.75 81.53
80.58 81.27
80.38 81.03
80.14 80.78
79.87 80.54
79.56 80.29
79.22 80.05
78.85 79.79
78.46 79.54
78.06 79.27
77.63 79.0
77.2 78.73
76.76 78.44
76.31 78.14
75.87 77.84
75.44 77.54
75.02 77.22
74.6 76.91
74.2 76.58
73.82 76.26
73.45 75.93
73.09 75.6
72.74 75.27
72.4 74.94
72.07 74.6
71.75 74.27
71.44 73.93
71.13 73.6
70.82 73.26
70.54 72.92
70.26 72.59
69.98 72.26
69.71 71.94
69.44 71.62
69.17 71.31
68.9 71.0
68.65 70.7
68.4 70.42
68.18 70.14
67.97 69.87
67.77 69.61
67.57 69.36
67.37 69.11
67.19 68.87
67.0 68.64
66.83 68.41
66.65 68.18
66.47 67.96
66.28 67.74
66.1 67.52
65.92 67.3
65.74 67.09
65.56 66.89
65.38 66.68
65.19 66.48
64.99 66.28
64.82 66.09
64.7 65.94
64.6 65.81
64.42 65.62
64.24 65.4
64.14 65.23
63.94 65.0
63.64 64.7
63.48 64.45
