74.0 76.27
76.37 77.49
80.33 79.53
85.88 82.41
92.66 85.98
100.12 89.97
107.67 94.05
114.77 97.88
120.93 101.22
125.82 103.91
129.27 105.9
131.29 107.24
132.0 108.04
131.56 108.45
130.23 108.6
128.23 108.62
125.77 108.6
123.0 108.61
120.06 108.65
117.01 108.7
113.9 108.69
110.75 108.55
107.55 108.21
104.31 107.64
101.06 106.82
97.83 105.78
94.66 104.58
91.62 103.26
88.77 101.88
86.17 100.49
83.86 99.1
81.89 97.75
80.28 96.44
79.04 95.18
78.12 93.96
77.52 92.79
77.18 91.66
77.05 90.56
77.11 89.51
77.31 88.49
77.63 87.53
78.03 86.63
78.45 85.78
78.88 84.99
79.26 84.26
79.57 83.56
79.78 82.9
79.86 82.25
79.78 81.61
79.54 80.97
79.14 80.33
78.6 79.69
77.97 79.07
77.28 78.48
76.57 77.92
75.86 77.42
75.18 76.96
74.54 76.54
73.91 76.15
73.31 75.81
72.89 75.59
72.84 75.6
72.78 75.71
