75.0 77.06
76.54 77.84
78.9 79.09
82.11 80.8
86.13 82.95
90.78 85.44
95.84 88.13
101.01 90.86
105.98 93.49
110.47 95.87
114.24 97.9
117.11 99.52
119.02 100.74
119.96 101.58
120.0 102.09
119.25 102.36
117.87 102.46
116.02 102.48
113.87 102.45
111.53 102.43
109.13 102.4
106.75 102.37
104.44 102.31
102.27 102.21
100.23 102.04
98.31 101.77
96.52 101.41
94.83 100.92
93.2 100.32
91.61 99.58
90.04 98.73
88.48 97.76
86.94 96.7
85.45 95.58
84.08 94.44
82.88 93.33
81.9 92.28
81.16 91.3
80.68 90.43
80.44 89.65
80.43 88.98
80.64 88.4
81.03 87.91
81.56 87.5
82.21 87.16
82.94 86.89
83.68 86.65
84.4 86.45
85.06 86.26
85.62 86.08
86.06 85.9
86.37 85.71
86.52 85.52
86.52 85.31
86.38 85.08
86.12 84.85
85.75 84.6
85.28 84.34
84.74 84.09
84.14 83.82
83.51 83.56
82.85 83.3
82.2 83.04
81.57 82.79
80.96 82.53
80.39 82.28
79.85 82.02
79.34 81.75
78.86 81.47
78.42 81.18
78.01 80.88
77.61 80.56
77.23 80.22
76.85 79.86
76.45 79.49
76.07 79.09
75.67 78.69
75.29 78.29
74.94 77.91
74.65 77.58
74.5 77.35
74.57 77.27
74.89 77.38
75.54 77.7
