78.0 78.55
79.71 79.44
82.37 80.85
86.02 82.79
90.56 85.22
95.76 88.03
101.31 91.04
106.86 94.08
112.03 96.94
116.5 99.48
120.02 101.57
122.43 103.16
123.73 104.26
124.0 104.93
123.39 105.29
122.13 105.44
120.42 105.51
118.45 105.59
116.4 105.74
114.4 105.99
112.54 106.34
110.93 106.78
109.59 107.27
108.51 107.77
107.68 108.23
107.06 108.64
106.58 108.96
106.21 109.19
105.94 109.33
105.74 109.38
105.57 109.35
105.4 109.24
105.16 109.02
104.75 108.68
104.13 108.17
103.26 107.48
102.15 106.64
100.89 105.68
99.6 104.68
98.39 103.7
97.37 102.83
96.6 102.1
96.13 101.53
95.95 101.12
96.03 100.86
96.36 100.73
96.88 100.69
97.52 100.72
98.22 100.77
98.92 100.82
99.56 100.83
100.1 100.79
100.5 100.69
100.76 100.55
100.86 100.36
100.82 100.14
100.62 99.9
100.31 99.64
99.87 99.36
99.32 99.06
98.71 98.74
98.05 98.41
97.36 98.07
96.67 97.74
95.99 97.41
95.34 97.09
94.71 96.77
94.11 96.46
93.54 96.14
93.01 95.82
92.49 95.48
91.99 95.14
91.52 94.79
91.06 94.42
90.63 94.03
90.21 93.64
89.82 93.24
89.43 92.83
89.06 92.42
88.69 92.01
88.34 91.6
88.01 91.2
87.71 90.81
87.43 90.43
87.17 90.06
86.94 89.71
86.73 89.37
86.53 89.04
86.34 88.73
86.16 88.42
85.97 88.12
85.77 87.82
85.56 87.52
85.34 87.23
85.11 86.95
84.88 86.67
84.66 86.4
84.45 86.14
84.25 85.9
84.06 85.67
83.88 85.45
83.69 85.24
83.5 85.02
83.31 84.82
83.13 84.61
82.95 84.41
82.79 84.22
82.65 84.03
82.51 83.85
82.35 83.67
82.2 83.49
82.04 83.31
81.86 83.12
81.67 82.93
81.49 82.74
81.29 82.54
81.1 82.36
80.91 82.17
80.74 81.99
80.56 81.82
80.4 81.64
80.22 81.47
80.03 81.28
79.82 81.09
79.6 80.9
79.38 80.71
79.2 80.53
79.08 80.42
79.02 80.38
78.99 80.35
78.92 80.33
78.83 80.29
78.73 80.23
78.72 80.16
78.7 80.09
78.67 79.9
78.64 79.72
78.43 79.38
78.13 78.98
