71.0 71.94
72.67 72.88
75.34 74.37
79.09 76.44
83.8 79.03
89.2 81.99
94.9 85.09
100.46 88.11
105.47 90.83
109.61 93.1
112.71 94.85
114.73 96.11
115.77 96.97
116.0 97.55
115.61 97.98
114.81 98.39
113.74 98.82
112.51 99.34
111.21 99.92
109.88 100.54
108.56 101.17
107.28 101.77
106.06 102.28
104.89 102.69
103.81 102.98
102.79 103.16
101.84 103.22
100.95 103.18
100.08 103.05
99.2 102.83
98.27 102.49
97.24 102.02
96.09 101.41
94.83 100.66
93.5 99.79
92.14 98.84
90.82 97.86
89.63 96.9
88.63 95.99
87.84 95.18
87.26 94.46
86.86 93.82
86.61 93.25
86.47 92.71
86.38 92.18
86.32 91.65
86.26 91.12
86.18 90.57
86.06 90.02
85.88 89.46
85.66 88.9
85.4 88.35
85.09 87.82
84.76 87.31
84.4 86.83
84.03 86.37
83.66 85.94
83.27 85.52
82.86 85.11
82.43 84.69
81.98 84.27
81.51 83.84
81.03 83.42
80.54 82.99
80.07 82.58
79.61 82.18
79.17 81.8
78.74 81.43
78.34 81.06
77.94 80.7
77.55 80.34
77.16 79.97
76.78 79.6
76.4 79.21
76.02 78.83
75.65 78.44
75.29 78.06
74.96 77.69
74.64 77.33
74.36 76.99
74.1 76.66
73.87 76.36
73.66 76.06
73.45 75.78
73.26 75.5
73.07 75.22
72.87 74.93
72.67 74.65
72.46 74.36
72.24 74.08
72.01 73.8
71.79 73.53
71.58 73.27
71.37 73.03
71.16 72.79
70.96 72.56
70.76 72.34
70.61 72.17
70.6 72.08
70.74 72.03
70.96 72.11
