92.0 93.49
95.69 95.55
101.8 98.91
110.46 103.63
121.3 109.53
133.53 116.21
146.12 123.11
158.08 129.71
168.67 135.59
177.48 140.53
184.35 144.51
189.35 147.68
192.65 150.22
194.46 152.32
195.0 154.16
194.49 155.84
193.19 157.47
191.34 159.1
189.15 160.76
186.77 162.46
184.32 164.15
181.86 165.74
179.42 167.13
176.96 168.23
174.46 168.98
171.89 169.34
169.11 169.3
165.96 168.82
162.3 167.86
158.02 166.38
153.14 164.4
147.84 161.98
142.36 159.24
137.05 156.36
132.2 153.52
128.02 150.85
124.57 148.43
121.9 146.26
119.91 144.28
118.47 142.43
117.42 140.62
116.65 138.8
116.02 136.92
115.46 134.98
114.91 132.99
114.35 130.97
113.76 128.95
113.13 126.96
112.44 125.04
111.71 123.2
110.93 121.47
110.1 119.84
109.24 118.3
108.37 116.86
107.49 115.48
106.6 114.16
105.72 112.89
104.85 111.68
103.98 110.53
103.14 109.45
102.31 108.43
101.52 107.48
100.76 106.59
100.03 105.76
99.35 104.98
98.69 104.23
98.07 103.52
97.48 102.82
96.94 102.15
96.43 101.5
95.97 100.88
95.55 100.29
95.14 99.71
94.73 99.15
94.35 98.6
93.98 98.07
93.63 97.55
93.32 97.06
93.05 96.6
92.79 96.16
92.54 95.73
92.29 95.32
92.07 94.94
91.87 94.62
91.54 94.36
91.41 94.12
91.72 94.14
92.3 94.07
