61.0 62.75
62.8 63.74
65.74 65.36
69.8 67.59
74.84 70.34
80.52 73.43
86.47 76.67
92.38 79.86
97.96 82.87
103.0 85.58
107.31 87.94
110.73 89.92
113.16 91.51
114.56 92.73
115.0 93.62
114.58 94.23
113.44 94.64
111.73 94.92
109.59 95.11
107.13 95.24
104.46 95.3
101.7 95.29
98.95 95.22
96.32 95.08
93.88 94.89
91.68 94.66
89.73 94.41
88.02 94.12
86.5 93.77
85.14 93.33
83.9 92.78
82.76 92.11
81.66 91.31
80.54 90.37
79.35 89.29
78.08 88.09
76.74 86.77
75.37 85.4
74.07 84.03
72.91 82.71
71.95 81.51
71.22 80.43
70.73 79.5
70.47 78.71
70.46 78.06
70.69 77.53
71.13 77.14
71.77 76.87
72.59 76.71
73.53 76.65
74.57 76.68
75.67 76.77
76.77 76.91
77.81 77.07
78.75 77.23
79.54 77.38
80.13 77.49
80.53 77.56
80.73 77.58
80.72 77.54
80.51 77.44
80.1 77.27
79.52 77.06
78.79 76.82
77.94 76.54
77.02 76.25
76.07 75.94
75.1 75.62
74.12 75.3
73.15 74.95
72.19 74.57
71.23 74.16
70.31 73.73
69.45 73.29
68.67 72.84
67.98 72.4
67.41 71.98
66.93 71.57
66.52 71.16
66.17 70.75
65.85 70.32
65.55 69.87
65.26 69.41
64.99 68.94
64.72 68.48
64.48 68.02
64.24 67.57
64.0 67.13
63.74 66.69
63.46 66.25
63.14 65.81
62.78 65.35
62.4 64.9
62.01 64.46
61.62 64.04
61.3 63.67
61.07 63.44
60.91 63.23
60.82 63.05
60.92 63.11
61.13 63.04
