77.0 78.35
79.13 79.53
82.58 81.44
87.42 84.11
93.49 87.44
100.39 91.21
107.56 95.12
114.49 98.89
120.73 102.28
125.99 105.18
130.18 107.56
133.36 109.53
135.72 111.22
137.46 112.79
138.75 114.35
139.7 115.97
140.35 117.67
140.76 119.44
140.96 121.24
141.0 123.04
140.91 124.8
140.76 126.47
140.57 128.02
140.33 129.41
140.05 130.65
139.75 131.72
139.38 132.64
138.94 133.41
138.38 134.04
137.65 134.5
136.69 134.76
135.47 134.78
133.93 134.52
132.06 133.95
129.83 133.06
127.23 131.86
124.31 130.4
121.21 128.77
118.1 127.05
115.16 125.38
112.6 123.85
110.55 122.52
109.01 121.41
107.96 120.5
107.33 119.72
107.0 119.02
106.86 118.3
106.78 117.54
106.69 116.69
106.54 115.75
106.31 114.75
106.0 113.7
105.62 112.64
105.2 111.61
104.77 110.62
104.34 109.7
103.95 108.86
103.58 108.1
103.24 107.41
102.86 106.75
102.44 106.1
101.94 105.44
101.36 104.75
100.7 104.04
99.98 103.32
99.23 102.62
98.48 101.95
97.77 101.32
97.1 100.75
96.49 100.21
95.94 99.71
95.42 99.22
94.92 98.74
94.42 98.26
93.94 97.77
93.46 97.28
92.98 96.78
92.51 96.28
92.05 95.77
91.59 95.27
91.14 94.77
90.68 94.26
90.19 93.74
89.7 93.23
89.22 92.72
88.76 92.23
88.35 91.76
87.99 91.33
87.7 90.92
87.45 90.55
87.23 90.19
87.01 89.84
86.78 89.48
86.48 89.1
86.13 88.69
85.69 88.25
85.22 87.79
84.72 87.32
84.25 86.86
83.8 86.43
83.41 86.04
83.07 85.68
82.76 85.36
82.47 85.05
82.21 84.76
81.96 84.47
81.73 84.18
81.53 83.89
81.32 83.59
81.09 83.28
80.8 82.95
80.43 82.58
80.0 82.19
79.55 81.79
79.13 81.41
78.76 81.06
78.48 80.77
78.28 80.53
78.15 80.32
78.04 80.14
77.97 79.97
77.98 79.86
78.16 79.83
78.37 79.8
78.41 79.55
78.56 79.15
78.19 78.59
