84.99 88.11
87.12 89.21
90.85 91.16
96.15 93.95
102.64 97.37
109.68 101.09
116.54 104.74
122.73 108.02
128.0 110.77
132.24 112.93
135.43 114.58
137.58 115.83
138.74 116.76
139.0 117.45
138.44 117.96
137.21 118.33
135.46 118.6
133.33 118.83
130.96 119.04
128.48 119.26
125.97 119.46
123.49 119.58
121.09 119.58
118.77 119.43
116.54 119.12
114.41 118.68
112.33 118.12
110.3 117.46
108.31 116.7
106.4 115.86
104.6 114.92
102.98 113.93
101.59 112.93
100.48 111.94
99.65 111.01
99.11 110.17
98.87 109.42
98.91 108.77
99.24 108.23
99.81 107.79
100.57 107.42
101.43 107.11
102.3 106.81
103.11 106.51
103.79 106.17
104.32 105.81
104.69 105.43
104.92 105.04
104.99 104.65
104.92 104.27
104.69 103.9
104.32 103.53
103.8 103.14
103.15 102.74
102.38 102.32
101.54 101.89
100.65 101.45
99.77 101.03
98.92 100.63
98.12 100.25
97.4 99.89
96.74 99.55
96.14 99.21
95.58 98.87
95.03 98.5
94.48 98.11
93.92 97.69
93.36 97.23
92.81 96.74
92.27 96.24
91.74 95.72
91.23 95.19
90.71 94.65
90.21 94.12
89.72 93.59
89.22 93.06
88.73 92.52
88.24 91.98
87.74 91.43
87.21 90.88
86.68 90.32
86.16 89.77
85.71 89.27
85.4 88.86
85.17 88.5
85.05 88.33
85.07 88.26
