78.99 81.39
80.96 82.4
83.95 83.99
88.0 86.16
93.03 88.87
98.9 92.02
105.3 95.42
111.86 98.88
118.12 102.17
123.65 105.09
128.1 107.49
131.3 109.31
133.22 110.6
134.0 111.46
133.85 112.03
133.01 112.47
131.71 112.89
130.12 113.35
128.35 113.88
126.48 114.44
124.55 114.98
122.58 115.44
120.57 115.78
118.53 115.95
116.47 115.93
114.34 115.69
112.09 115.21
109.73 114.5
107.24 113.57
104.7 112.48
102.16 111.28
99.73 110.03
97.52 108.79
95.58 107.6
93.96 106.47
92.68 105.41
91.74 104.41
91.12 103.47
90.76 102.58
90.63 101.73
90.68 100.92
90.87 100.15
91.15 99.41
91.48 98.7
91.84 98.02
92.18 97.37
92.47 96.74
92.69 96.14
92.83 95.58
92.88 95.04
92.87 94.53
92.78 94.06
92.62 93.62
92.4 93.2
92.12 92.8
91.74 92.4
91.3 92.01
90.82 91.62
90.31 91.25
89.78 90.89
89.24 90.54
88.7 90.21
88.16 89.88
87.62 89.55
87.08 89.22
86.57 88.89
86.08 88.55
85.6 88.21
85.13 87.85
84.66 87.47
84.16 87.07
83.63 86.63
83.08 86.18
82.53 85.7
81.98 85.21
81.44 84.73
80.94 84.26
80.46 83.8
80.03 83.35
79.63 82.93
79.27 82.5
78.82 82.07
78.41 81.66
78.1 81.34
77.92 81.04
77.66 80.7
77.79 80.5
77.84 80.21
