77.0 77.85
78.28 78.58
80.32 79.74
83.14 81.31
86.63 83.25
90.61 85.46
94.88 87.81
99.23 90.19
103.45 92.47
107.33 94.57
110.64 96.39
113.22 97.89
114.98 99.04
115.88 99.85
116.0 100.37
115.44 100.67
114.35 100.82
112.86 100.89
111.1 100.93
109.18 100.97
107.2 101.0
105.22 101.02
103.31 101.01
101.5 100.96
99.79 100.85
98.22 100.69
96.78 100.48
95.48 100.2
94.31 99.86
93.26 99.45
92.29 98.96
91.38 98.38
90.46 97.72
89.53 96.97
88.59 96.15
87.68 95.28
86.84 94.41
86.12 93.56
85.54 92.76
85.13 92.04
84.9 91.41
84.86 90.88
85.0 90.44
85.31 90.1
85.74 89.84
86.27 89.64
86.85 89.48
87.44 89.36
88.0 89.26
88.53 89.16
88.99 89.06
89.36 88.97
89.64 88.88
89.82 88.78
89.9 88.69
89.89 88.59
89.77 88.47
89.54 88.33
89.21 88.17
88.8 88.0
88.33 87.81
87.82 87.61
87.29 87.41
86.76 87.2
86.24 86.99
85.72 86.78
85.21 86.55
84.72 86.32
84.23 86.08
83.75 85.82
83.29 85.55
82.85 85.26
82.42 84.96
82.0 84.64
81.61 84.31
81.24 83.97
80.89 83.63
80.56 83.3
80.26 82.97
79.97 82.65
79.71 82.33
79.47 82.02
79.25 81.71
79.04 81.41
78.84 81.1
78.64 80.8
78.44 80.49
78.23 80.2
78.02 79.91
77.82 79.64
77.64 79.38
77.49 79.15
77.36 78.93
77.26 78.74
77.17 78.55
77.09 78.38
77.01 78.21
76.89 78.04
76.75 77.86
76.64 77.7
76.52 77.54
76.38 77.38
76.29 77.28
76.26 77.3
76.18 77.33
