77.0 81.09
81.45 83.54
89.07 87.71
99.97 93.61
113.51 100.89
128.41 108.92
143.27 116.97
156.94 124.33
168.56 130.55
177.69 135.43
184.26 139.05
188.43 141.65
190.55 143.55
191.0 145.01
190.07 146.23
188.04 147.35
185.1 148.42
181.45 149.47
177.29 150.48
172.8 151.43
168.14 152.25
163.43 152.82
158.73 153.06
154.01 152.89
149.25 152.25
144.35 151.17
139.29 149.68
134.1 147.85
128.88 145.77
123.75 143.5
118.89 141.11
114.48 138.68
110.62 136.25
107.39 133.88
104.79 131.57
102.76 129.35
101.24 127.18
100.12 125.06
99.27 122.96
98.64 120.85
98.13 118.73
97.68 116.61
97.28 114.5
96.89 112.42
96.46 110.4
95.97 108.45
95.41 106.58
94.73 104.8
93.97 103.12
93.16 101.53
92.33 100.05
91.51 98.68
90.73 97.41
89.97 96.25
89.23 95.17
88.5 94.16
87.78 93.22
87.08 92.33
86.4 91.5
85.74 90.71
85.09 89.96
84.44 89.23
83.79 88.52
83.12 87.81
82.44 87.1
81.76 86.39
81.08 85.69
80.4 85.0
79.71 84.31
79.02 83.62
78.29 82.91
77.54 82.2
76.76 81.48
76.0 80.82
75.51 80.39
75.87 80.64
76.46 81.14
