63.99 66.88
67.15 68.49
72.41 71.24
79.8 75.13
88.84 79.92
98.66 85.22
108.48 90.57
117.73 95.59
125.93 100.01
132.77 103.7
138.1 106.68
141.87 109.02
144.13 110.81
145.0 112.17
144.68 113.2
143.41 114.03
141.41 114.73
138.87 115.39
135.93 116.03
132.68 116.61
129.21 117.09
125.6 117.38
121.9 117.4
118.15 117.14
114.4 116.59
110.63 115.77
106.84 114.73
103.05 113.49
99.27 112.05
95.57 110.45
92.04 108.72
88.76 106.88
85.8 105.0
83.19 103.11
80.96 101.24
79.08 99.4
77.55 97.6
76.35 95.84
75.45 94.13
74.84 92.49
74.49 90.93
74.36 89.46
74.4 88.08
74.57 86.78
74.78 85.56
75.01 84.4
75.2 83.3
75.34 82.26
75.41 81.27
75.41 80.34
75.32 79.46
75.16 78.64
74.92 77.87
74.59 77.15
74.2 76.47
73.74 75.84
73.25 75.24
72.71 74.69
72.15 74.17
71.6 73.69
71.04 73.23
70.48 72.79
69.92 72.37
69.39 71.97
68.86 71.57
68.35 71.18
67.85 70.79
67.37 70.41
66.89 70.02
66.42 69.61
65.94 69.2
65.49 68.8
65.0 68.51
64.54 68.16
63.99 67.76
63.59 67.64
63.09 67.25
