79.0 80.84
80.75 81.8
83.61 83.37
87.64 85.59
92.72 88.35
98.52 91.46
104.54 94.66
110.26 97.67
115.22 100.26
119.11 102.29
121.81 103.74
123.39 104.69
124.0 105.28
123.85 105.65
123.16 105.94
122.08 106.23
120.73 106.59
119.27 107.03
117.8 107.56
116.37 108.14
115.01 108.75
113.74 109.31
112.52 109.79
111.32 110.12
110.14 110.29
108.96 110.27
107.77 110.1
106.56 109.78
105.33 109.36
104.06 108.84
102.74 108.22
101.36 107.49
99.92 106.66
98.46 105.73
97.03 104.74
95.68 103.73
94.48 102.75
93.47 101.81
92.65 100.94
92.03 100.14
91.59 99.4
91.31 98.72
91.17 98.09
91.15 97.51
91.22 96.99
91.33 96.49
91.44 96.02
91.53 95.55
91.59 95.07
91.6 94.6
91.57 94.13
91.51 93.68
91.39 93.25
91.21 92.83
90.96 92.43
90.66 92.05
90.33 91.68
90.01 91.33
89.69 91.01
89.38 90.72
89.08 90.44
88.78 90.18
88.45 89.91
88.09 89.63
87.68 89.32
87.24 89.0
86.77 88.65
86.28 88.31
85.81 87.96
85.36 87.63
84.95 87.31
84.58 87.0
84.23 86.69
83.9 86.38
83.54 86.05
83.16 85.7
82.75 85.32
82.31 84.93
81.86 84.52
81.42 84.11
81.02 83.71
80.67 83.34
80.36 82.99
80.08 82.65
79.81 82.33
79.53 82.02
79.25 81.71
78.99 81.42
78.83 81.21
78.84 81.13
78.98 81.15
79.3 81.28
