84.0 85.08
85.5 85.93
87.8 87.22
90.94 88.97
94.86 91.15
99.41 93.67
104.38 96.4
109.52 99.19
114.5 101.88
119.05 104.36
122.95 106.51
126.02 108.28
128.19 109.68
129.48 110.75
130.0 111.56
129.88 112.2
129.3 112.78
128.43 113.37
127.41 114.01
126.37 114.74
125.38 115.55
124.52 116.41
123.8 117.3
123.24 118.17
122.81 118.99
122.5 119.73
122.26 120.38
122.08 120.93
121.92 121.37
121.74 121.69
121.52 121.88
121.18 121.93
120.67 121.8
119.91 121.46
118.82 120.88
117.35 120.04
115.51 118.96
113.38 117.7
111.09 116.33
108.8 114.95
106.67 113.66
104.85 112.52
103.43 111.59
102.45 110.88
101.91 110.37
101.78 110.01
101.97 109.77
102.38 109.57
102.9 109.37
103.44 109.11
103.9 108.76
104.24 108.32
104.43 107.8
104.44 107.2
104.28 106.57
103.98 105.91
103.54 105.25
102.99 104.61
102.35 103.99
101.65 103.38
100.89 102.78
100.1 102.2
99.3 101.63
98.5 101.06
97.73 100.52
97.0 99.99
96.3 99.48
95.63 98.98
95.0 98.49
94.41 98.02
93.85 97.55
93.34 97.1
92.87 96.65
92.44 96.22
92.03 95.78
91.64 95.34
91.26 94.9
90.89 94.46
90.55 94.02
90.25 93.58
89.96 93.16
89.69 92.76
89.47 92.37
89.26 92.0
89.06 91.64
88.87 91.3
88.69 90.97
88.5 90.64
88.3 90.33
88.11 90.03
87.91 89.73
87.71 89.44
87.5 89.16
87.28 88.87
87.03 88.59
86.78 88.3
86.52 88.02
86.24 87.74
85.95 87.47
85.66 87.19
85.35 86.92
85.03 86.64
84.71 86.36
84.4 86.08
84.08 85.8
83.78 85.53
83.49 85.27
83.22 85.01
82.97 84.77
82.76 84.56
82.62 84.39
82.61 84.28
82.63 84.29
82.59 84.18
82.82 84.19
83.03 84.34
