106.0 107.45
107.65 108.3
110.31 109.67
114.03 111.6
118.66 114.03
123.9 116.81
129.36 119.72
134.6 122.53
139.24 125.06
143.06 127.18
145.94 128.85
147.92 130.12
149.14 131.11
149.77 131.93
150.0 132.7
149.96 133.5
149.79 134.4
149.56 135.41
149.33 136.52
149.14 137.71
149.03 138.95
148.99 140.2
149.03 141.4
149.12 142.53
149.25 143.55
149.39 144.45
149.52 145.24
149.6 145.92
149.61 146.48
149.48 146.92
149.15 147.19
148.52 147.25
147.48 147.03
145.95 146.49
143.92 145.64
141.51 144.52
138.93 143.25
136.41 141.96
134.22 140.79
132.5 139.84
131.32 139.14
130.62 138.67
130.3 138.35
130.22 138.1
130.27 137.84
130.34 137.5
130.36 137.05
130.28 136.49
130.09 135.82
129.78 135.06
129.37 134.25
128.88 133.41
128.31 132.57
127.68 131.74
127.0 130.95
126.28 130.2
125.55 129.49
124.82 128.81
124.11 128.14
123.41 127.49
122.74 126.84
122.09 126.19
121.45 125.55
120.82 124.93
120.22 124.34
119.65 123.76
119.12 123.22
118.62 122.69
118.16 122.2
117.74 121.72
117.35 121.25
116.98 120.8
116.63 120.35
116.28 119.89
115.93 119.44
115.57 118.98
115.21 118.51
114.85 118.05
114.48 117.6
114.12 117.15
113.76 116.71
113.41 116.29
113.07 115.88
112.76 115.49
112.47 115.13
112.22 114.79
111.99 114.47
111.78 114.16
111.57 113.87
111.37 113.58
111.16 113.29
110.95 113.01
110.75 112.73
110.54 112.45
110.31 112.16
110.08 111.88
109.83 111.6
109.56 111.32
109.28 111.04
109.0 110.76
108.7 110.48
108.4 110.19
108.08 109.91
107.75 109.61
107.4 109.3
107.04 108.99
106.71 108.69
106.46 108.45
106.32 108.25
106.17 108.03
106.02 107.81
105.94 107.69
105.86 107.54
