81.0 83.73
82.82 84.64
85.77 86.16
89.83 88.29
94.78 90.89
100.27 93.79
105.92 96.77
111.41 99.65
116.48 102.27
120.88 104.54
124.4 106.4
126.94 107.86
128.46 108.92
129.0 109.62
128.65 110.03
127.55 110.21
125.83 110.24
123.63 110.2
121.13 110.12
118.47 110.04
115.77 109.95
113.11 109.83
110.53 109.63
108.04 109.33
105.61 108.88
103.2 108.29
100.81 107.54
98.47 106.66
96.22 105.67
94.13 104.62
92.26 103.56
90.67 102.51
89.37 101.51
88.36 100.56
87.63 99.68
87.16 98.85
86.97 98.08
87.03 97.38
87.31 96.74
87.77 96.16
88.37 95.63
89.03 95.13
89.7 94.66
90.32 94.21
90.87 93.77
91.32 93.34
91.67 92.94
91.92 92.56
92.06 92.21
92.09 91.88
92.03 91.58
91.88 91.29
91.64 91.02
91.29 90.75
90.87 90.48
90.37 90.19
89.8 89.9
89.19 89.61
88.6 89.32
88.01 89.05
87.45 88.78
86.91 88.52
86.36 88.25
85.8 87.95
85.23 87.62
84.63 87.27
84.03 86.89
83.45 86.49
82.9 86.09
82.39 85.68
81.91 85.28
81.48 84.9
81.11 84.55
80.86 84.29
80.81 84.22
80.91 84.39
81.15 84.71
