76.0 77.85
79.32 79.65
84.8 82.62
92.57 86.82
102.33 92.11
113.37 98.13
124.84 104.39
135.83 110.38
145.5 115.67
153.24 119.94
158.72 123.1
161.9 125.18
163.0 126.39
162.34 126.96
160.33 127.15
157.28 127.14
153.47 127.07
149.11 127.02
144.4 126.97
139.46 126.91
134.45 126.78
129.45 126.49
124.56 126.0
119.82 125.27
115.28 124.28
110.99 123.06
106.99 121.67
103.35 120.18
100.13 118.66
97.36 117.15
95.08 115.7
93.29 114.29
91.95 112.92
91.03 111.57
90.45 110.21
90.15 108.82
90.03 107.4
90.03 105.95
90.08 104.49
90.14 103.02
90.17 101.57
90.15 100.15
90.07 98.78
89.93 97.47
89.72 96.24
89.46 95.1
89.16 94.05
88.82 93.09
88.43 92.22
88.0 91.41
87.55 90.67
87.05 89.99
86.53 89.35
85.99 88.75
85.45 88.19
84.91 87.66
84.37 87.15
83.83 86.67
83.29 86.21
82.75 85.76
82.22 85.31
81.71 84.88
81.22 84.46
80.75 84.04
80.32 83.64
79.92 83.24
79.54 82.85
79.17 82.45
78.81 82.05
78.44 81.64
78.07 81.22
77.69 80.79
77.31 80.36
76.91 79.93
76.52 79.53
76.19 79.21
75.96 78.92
75.74 78.52
75.57 78.37
75.6 78.23
75.59 77.88
