67.0 69.4
68.63 70.21
71.21 71.54
74.72 73.38
79.0 75.65
83.86 78.24
89.1 81.05
94.56 83.94
99.99 86.79
105.08 89.46
109.46 91.81
112.84 93.72
115.04 95.12
116.0 95.99
115.82 96.42
114.71 96.51
112.91 96.41
110.64 96.25
108.14 96.13
105.58 96.09
103.07 96.12
100.69 96.2
98.47 96.29
96.41 96.34
94.53 96.33
92.81 96.23
91.22 96.02
89.72 95.66
88.21 95.12
86.65 94.38
84.98 93.45
83.24 92.36
81.48 91.17
79.77 89.93
78.19 88.69
76.79 87.49
75.6 86.34
74.62 85.26
73.87 84.25
73.36 83.31
73.06 82.45
72.96 81.68
73.06 81.01
73.32 80.42
73.74 79.92
74.27 79.5
74.88 79.14
75.51 78.83
76.11 78.54
76.65 78.28
77.08 78.03
77.39 77.78
77.58 77.52
77.63 77.26
77.56 76.99
77.39 76.72
77.13 76.45
76.8 76.18
76.4 75.93
75.98 75.7
75.54 75.48
75.11 75.29
74.66 75.1
74.23 74.92
73.8 74.74
73.37 74.55
72.94 74.35
72.55 74.14
72.17 73.92
71.8 73.68
71.39 73.41
70.95 73.11
70.49 72.79
70.03 72.44
69.57 72.08
69.13 71.71
68.69 71.34
68.25 70.95
67.8 70.54
67.32 70.11
66.83 69.68
66.34 69.24
65.91 68.87
65.7 68.63
65.85 68.48
66.09 68.42
