81.0 83.04
82.64 83.91
85.28 85.34
88.92 87.31
93.44 89.75
98.58 92.54
104.1 95.5
109.66 98.44
114.87 101.17
119.36 103.54
122.86 105.44
125.27 106.83
126.61 107.77
127.0 108.35
126.6 108.67
125.6 108.87
124.17 109.04
122.44 109.22
120.54 109.44
118.54 109.67
116.49 109.88
114.43 110.03
112.39 110.09
110.37 110.03
108.4 109.85
106.48 109.53
104.62 109.08
102.81 108.5
101.03 107.8
99.28 106.99
97.56 106.08
95.86 105.08
94.21 104.03
92.65 102.93
91.22 101.81
89.96 100.68
88.88 99.58
88.0 98.5
87.32 97.48
86.81 96.52
86.47 95.63
86.32 94.82
86.33 94.1
86.46 93.44
86.67 92.83
86.91 92.27
87.15 91.73
87.37 91.22
87.56 90.73
87.71 90.27
87.83 89.85
87.91 89.46
87.94 89.12
87.93 88.8
87.88 88.51
87.76 88.22
87.58 87.95
87.35 87.7
87.09 87.45
86.83 87.24
86.59 87.05
86.37 86.89
86.17 86.74
85.95 86.59
85.71 86.44
85.44 86.27
85.15 86.1
84.85 85.9
84.53 85.7
84.2 85.48
83.87 85.26
83.53 85.03
83.19 84.78
82.85 84.52
82.49 84.25
82.12 83.96
81.7 83.64
81.25 83.31
80.77 82.95
80.31 82.63
79.9 82.33
79.75 82.21
79.61 82.12
