68.0 68.67
70.06 69.74
73.46 71.51
78.25 74.02
84.24 77.2
90.93 80.79
97.68 84.49
103.85 87.93
108.92 90.81
112.53 92.94
114.53 94.25
115.0 94.83
114.17 94.84
112.44 94.52
110.18 94.1
107.73 93.77
105.37 93.66
103.25 93.84
101.45 94.29
100.0 94.98
98.89 95.8
98.08 96.65
97.53 97.46
97.18 98.14
96.98 98.67
96.85 99.03
96.79 99.26
96.78 99.38
96.76 99.43
96.69 99.41
96.55 99.32
96.3 99.14
95.88 98.85
95.26 98.41
94.43 97.8
93.36 97.03
92.06 96.12
90.65 95.12
89.24 94.09
87.94 93.11
86.84 92.24
85.99 91.51
85.42 90.95
85.13 90.54
85.1 90.27
85.3 90.1
85.65 90.0
86.1 89.92
86.55 89.84
86.97 89.73
87.3 89.56
87.51 89.33
87.58 89.04
87.5 88.69
87.27 88.29
86.91 87.86
86.47 87.42
85.98 86.99
85.48 86.6
84.98 86.23
84.49 85.89
83.99 85.57
83.49 85.25
82.99 84.93
82.49 84.6
82.01 84.27
81.55 83.94
81.12 83.61
80.7 83.28
80.28 82.94
79.86 82.6
79.41 82.25
78.94 81.87
78.47 81.49
78.02 81.1
77.61 80.72
77.25 80.35
76.93 79.99
76.62 79.64
76.32 79.29
76.04 78.94
75.75 78.57
75.47 78.22
75.22 77.87
74.98 77.53
74.77 77.22
74.59 76.93
74.44 76.67
74.28 76.41
74.12 76.15
73.95 75.89
73.75 75.63
73.53 75.36
73.31 75.09
73.09 74.83
72.87 74.57
72.68 74.33
72.49 74.09
72.31 73.87
72.13 73.65
71.94 73.44
71.73 73.23
71.52 73.02
71.32 72.81
71.13 72.62
70.98 72.43
70.85 72.26
70.73 72.1
70.64 71.95
70.55 71.81
70.45 71.67
70.33 71.52
70.18 71.36
69.99 71.17
69.78 70.98
69.55 70.77
69.34 70.56
69.14 70.36
69.02 70.2
68.96 70.09
68.9 69.97
68.85 69.91
68.81 69.87
68.82 69.87
68.83 69.87
