81.0 82.38
82.79 83.3
85.46 84.73
89.07 86.68
93.56 89.11
98.79 91.96
104.55 95.09
110.56 98.35
116.48 101.56
121.95 104.54
126.6 107.14
130.2 109.26
132.62 110.85
133.84 111.96
134.0 112.67
133.24 113.07
131.79 113.3
129.85 113.46
127.62 113.61
125.24 113.79
122.85 114.02
120.53 114.27
118.34 114.51
116.29 114.72
114.41 114.85
112.69 114.9
111.13 114.85
109.71 114.68
108.43 114.4
107.26 114.0
106.16 113.5
105.09 112.89
103.99 112.17
102.86 111.33
101.67 110.37
100.46 109.33
99.24 108.21
98.07 107.06
96.98 105.92
96.03 104.82
95.24 103.79
94.64 102.86
94.25 102.04
94.05 101.33
94.04 100.73
94.2 100.22
94.49 99.81
94.89 99.46
95.34 99.16
95.81 98.89
96.25 98.64
96.62 98.39
96.91 98.14
97.1 97.88
97.2 97.61
97.21 97.35
97.11 97.09
96.95 96.84
96.71 96.59
96.4 96.33
96.02 96.07
95.57 95.79
95.06 95.51
94.49 95.2
93.88 94.88
93.23 94.53
92.54 94.17
91.84 93.79
91.12 93.39
90.41 92.97
89.7 92.54
89.02 92.11
88.36 91.67
87.73 91.23
87.14 90.79
86.57 90.34
86.03 89.89
85.52 89.43
85.03 88.96
84.56 88.49
84.13 88.02
83.72 87.55
83.35 87.1
83.02 86.66
82.72 86.23
82.44 85.81
82.19 85.41
81.94 85.02
81.69 84.63
81.43 84.24
81.16 83.86
80.93 83.51
80.78 83.22
80.76 83.05
80.83 83.03
81.07 82.91
81.23 82.65
