83.99 84.64
85.97 85.66
88.95 87.22
92.97 89.35
97.97 92.03
103.78 95.17
110.13 98.61
116.67 102.15
122.95 105.56
128.49 108.63
132.86 111.14
135.72 113.0
137.0 114.16
136.82 114.72
135.53 114.83
133.5 114.71
131.13 114.58
128.72 114.59
126.5 114.84
124.59 115.36
123.04 116.09
121.82 116.94
120.87 117.83
120.1 118.64
119.38 119.28
118.6 119.68
117.65 119.78
116.44 119.56
114.92 119.0
113.1 118.17
111.05 117.12
108.9 115.94
106.77 114.72
104.79 113.54
103.05 112.45
101.62 111.45
100.49 110.56
99.7 109.75
99.18 109.02
98.94 108.35
98.91 107.73
99.05 107.14
99.29 106.59
99.59 106.04
99.88 105.5
100.13 104.94
100.28 104.37
100.34 103.79
100.28 103.2
100.1 102.61
99.8 102.02
99.42 101.44
98.98 100.88
98.49 100.34
97.96 99.81
97.39 99.3
96.79 98.8
96.16 98.3
95.51 97.81
94.85 97.33
94.2 96.86
93.56 96.4
92.94 95.95
92.35 95.51
91.79 95.07
91.24 94.64
90.71 94.2
90.19 93.75
89.67 93.3
89.15 92.84
88.66 92.37
88.2 91.91
87.77 91.46
87.4 91.02
87.07 90.59
86.79 90.19
86.54 89.81
86.32 89.44
86.13 89.1
85.98 88.77
85.84 88.46
85.71 88.17
85.58 87.88
85.45 87.59
85.3 87.3
85.14 87.02
84.98 86.73
84.81 86.45
84.64 86.19
84.46 85.93
84.26 85.67
84.04 85.43
83.8 85.18
83.54 84.93
83.29 84.69
83.06 84.47
82.9 84.3
82.87 84.2
83.05 84.22
83.33 84.23
83.41 84.16
83.52 84.17
83.62 83.94
83.36 83.65
