81.0 82.15
82.23 82.85
84.26 83.98
87.09 85.54
90.55 87.42
94.39 89.52
98.39 91.71
102.39 93.9
106.34 96.05
110.17 98.13
113.77 100.13
116.97 101.98
119.59 103.63
121.49 105.0
122.61 106.07
123.0 106.85
122.72 107.39
121.89 107.75
120.65 108.01
119.1 108.22
117.35 108.38
115.49 108.5
113.61 108.57
111.77 108.61
110.02 108.61
108.4 108.58
106.9 108.52
105.52 108.41
104.21 108.2
102.94 107.86
101.64 107.36
100.28 106.69
98.87 105.88
97.43 104.96
96.03 103.99
94.73 103.02
93.58 102.07
92.61 101.17
91.83 100.33
91.23 99.54
90.79 98.81
90.52 98.13
90.39 97.5
90.37 96.92
90.47 96.38
90.65 95.89
90.88 95.44
91.12 95.01
91.35 94.6
91.56 94.21
91.72 93.84
91.84 93.5
91.91 93.18
91.92 92.88
91.87 92.59
91.75 92.31
91.56 92.03
91.32 91.75
91.02 91.46
90.67 91.17
90.28 90.89
89.87 90.62
89.44 90.35
89.01 90.09
88.58 89.83
88.15 89.57
87.72 89.31
87.3 89.05
86.88 88.77
86.46 88.49
86.04 88.2
85.64 87.9
85.25 87.6
84.89 87.3
84.56 87.0
84.25 86.7
83.96 86.41
83.69 86.12
83.43 85.82
83.18 85.53
82.93 85.23
82.69 84.93
82.47 84.64
82.24 84.35
82.02 84.06
81.81 83.78
81.61 83.52
81.44 83.28
81.3 83.05
81.14 82.81
80.94 82.56
80.73 82.31
80.49 82.05
80.19 81.83
79.97 81.61
