65.0 68.95
68.58 70.85
74.8 74.21
83.71 79.02
94.87 84.92
106.85 91.3
118.33 97.48
128.44 102.87
136.53 107.05
142.15 109.91
145.22 111.52
146.0 112.15
144.91 112.11
142.41 111.7
138.94 111.17
134.88 110.69
130.51 110.34
126.02 110.18
121.54 110.18
117.16 110.27
112.89 110.3
108.71 110.13
104.6 109.65
100.56 108.8
96.65 107.61
92.96 106.19
89.58 104.68
86.64 103.21
84.2 101.84
82.29 100.62
80.87 99.51
79.95 98.49
79.48 97.51
79.36 96.55
79.55 95.57
79.92 94.55
80.34 93.47
80.72 92.32
80.98 91.09
81.05 89.79
80.92 88.42
80.58 87.04
80.05 85.67
79.39 84.35
78.61 83.11
77.78 81.97
76.94 80.93
76.13 80.0
75.37 79.17
74.67 78.43
74.04 77.78
73.46 77.19
72.93 76.65
72.41 76.13
71.93 75.63
71.47 75.13
71.01 74.63
70.52 74.11
69.99 73.57
69.39 73.01
68.74 72.43
68.09 71.83
67.42 71.23
66.75 70.64
66.09 70.15
65.43 69.77
64.79 69.43
64.03 69.12
63.28 68.81
