73.99 76.89
76.24 78.04
80.03 80.0
85.23 82.72
91.41 85.99
98.09 89.58
104.89 93.25
111.66 96.91
118.42 100.56
125.22 104.24
131.94 107.96
138.33 111.69
144.07 115.29
148.93 118.62
152.73 121.59
155.45 124.14
157.15 126.33
157.96 128.24
158.0 129.93
157.35 131.46
156.12 132.8
154.39 133.92
152.25 134.8
149.75 135.43
146.97 135.81
143.94 135.98
140.67 135.92
137.15 135.61
133.34 134.96
129.2 133.93
124.79 132.5
120.19 130.71
115.53 128.66
111.01 126.49
106.82 124.3
103.07 122.19
99.83 120.17
97.1 118.25
94.86 116.4
93.07 114.61
91.67 112.85
90.61 111.11
89.81 109.38
89.22 107.67
88.76 105.96
88.38 104.25
88.03 102.55
87.68 100.86
87.31 99.21
86.89 97.61
86.42 96.08
85.9 94.63
85.33 93.26
84.72 91.97
84.1 90.76
83.47 89.62
82.87 88.56
82.29 87.58
81.76 86.69
81.28 85.88
80.81 85.14
80.36 84.46
79.91 83.82
79.42 83.21
78.91 82.61
78.39 82.03
77.89 81.47
77.42 80.96
77.0 80.47
76.62 80.01
76.26 79.56
75.88 79.11
75.47 78.65
75.05 78.21
74.73 77.87
74.45 77.68
74.36 77.69
74.38 77.83
