71.0 72.14
72.31 72.88
74.42 74.05
77.41 75.68
81.18 77.73
85.52 80.06
90.08 82.51
94.49 84.86
98.39 86.95
101.55 88.66
103.89 89.97
105.45 90.94
106.37 91.66
106.83 92.28
107.0 92.89
106.99 93.57
106.91 94.36
106.8 95.25
106.68 96.21
106.54 97.21
106.41 98.21
106.27 99.16
106.13 100.04
105.97 100.82
105.81 101.48
105.62 102.04
105.41 102.49
105.16 102.85
104.84 103.13
104.44 103.31
103.93 103.39
103.21 103.31
102.25 103.05
101.03 102.59
99.58 101.94
97.98 101.16
96.36 100.32
94.86 99.5
93.59 98.77
92.61 98.17
91.93 97.71
91.52 97.35
91.32 97.07
91.27 96.81
91.28 96.53
91.3 96.2
91.25 95.8
91.13 95.33
90.92 94.79
90.64 94.21
90.29 93.6
89.88 92.99
89.45 92.39
88.99 91.83
88.51 91.29
88.02 90.78
87.54 90.3
87.05 89.83
86.57 89.37
86.09 88.9
85.6 88.43
85.11 87.96
84.62 87.49
84.13 87.03
83.65 86.57
83.17 86.13
82.72 85.7
82.28 85.29
81.86 84.88
81.47 84.49
81.09 84.1
80.73 83.72
80.38 83.34
80.04 82.96
79.73 82.58
79.41 82.21
79.12 81.84
78.83 81.48
78.55 81.13
78.27 80.78
78.01 80.44
77.77 80.12
77.54 79.8
77.32 79.5
77.1 79.21
76.88 78.92
76.67 78.64
76.46 78.36
76.25 78.09
76.05 77.83
75.87 77.59
75.7 77.36
75.56 77.15
75.43 76.95
75.31 76.76
75.21 76.59
75.11 76.42
75.02 76.26
74.93 76.1
74.83 75.94
74.72 75.78
74.59 75.61
74.45 75.44
74.27 75.25
74.07 75.05
73.84 74.85
73.59 74.64
73.33 74.42
73.05 74.2
72.77 73.98
72.5 73.77
72.21 73.55
71.92 73.32
71.63 73.1
71.35 72.89
71.13 72.71
71.02 72.6
70.99 72.53
70.99 72.51
71.2 72.6
71.59 72.73
