68.0 70.05
70.04 71.12
73.55 72.97
78.51 75.59
84.6 78.83
91.27 82.39
97.85 85.95
103.9 89.26
109.28 92.18
113.97 94.71
117.96 96.9
121.18 98.79
123.52 100.4
124.82 101.69
125.0 102.6
124.07 103.11
122.16 103.27
119.5 103.15
116.31 102.87
112.83 102.54
109.27 102.2
105.78 101.87
102.44 101.51
99.33 101.11
96.49 100.65
93.96 100.17
91.73 99.68
89.83 99.19
88.21 98.68
86.85 98.12
85.67 97.45
84.6 96.63
83.56 95.65
82.49 94.5
81.39 93.25
80.3 91.93
79.29 90.62
78.43 89.36
77.81 88.21
77.47 87.2
77.39 86.34
77.57 85.63
77.96 85.06
78.52 84.61
79.23 84.28
80.06 84.03
80.96 83.87
81.9 83.78
82.84 83.73
83.72 83.72
84.49 83.71
85.12 83.69
85.59 83.66
85.86 83.6
85.95 83.52
85.87 83.41
85.62 83.28
85.23 83.13
84.73 82.95
84.15 82.76
83.5 82.56
82.8 82.34
82.08 82.11
81.34 81.87
80.59 81.61
79.83 81.34
79.08 81.04
78.34 80.72
77.62 80.37
76.92 80.0
76.27 79.62
75.67 79.23
75.11 78.84
74.6 78.44
74.14 78.05
73.72 77.65
73.34 77.24
72.99 76.83
72.64 76.41
72.3 75.97
71.97 75.52
71.63 75.07
71.3 74.61
70.96 74.15
70.6 73.69
70.21 73.22
69.81 72.76
69.42 72.33
69.09 71.94
68.9 71.69
68.81 71.5
68.7 71.3
68.67 71.16
68.49 70.93
68.15 70.59
