71.99 77.05
75.87 79.2
82.49 82.8
91.82 87.84
103.31 93.99
115.87 100.75
128.52 107.56
140.58 113.93
151.34 119.48
160.18 123.96
166.57 127.24
170.17 129.31
170.99 130.28
169.48 130.4
166.22 129.96
161.8 129.29
156.7 128.67
151.32 128.27
145.88 128.13
140.52 128.18
135.28 128.25
130.19 128.16
125.2 127.76
120.28 126.96
115.38 125.74
110.49 124.13
105.62 122.19
100.83 119.98
96.19 117.58
91.85 115.07
87.91 112.55
84.5 110.09
81.68 107.77
79.49 105.62
77.91 103.62
76.91 101.75
76.43 99.98
76.4 98.3
76.75 96.71
77.41 95.21
78.29 93.82
79.32 92.53
80.39 91.34
81.44 90.23
82.4 89.2
83.23 88.24
83.88 87.35
84.33 86.52
84.57 85.73
84.57 84.98
84.34 84.24
83.87 83.5
83.2 82.77
82.34 82.04
81.34 81.31
80.25 80.61
79.11 79.94
77.94 79.31
76.79 78.71
75.65 78.14
74.52 77.57
73.41 77.0
72.31 76.41
71.25 75.82
70.27 75.25
69.64 74.89
69.26 74.78
69.01 74.77
