71.0 72.15
72.54 72.98
75.13 74.37
78.86 76.33
83.54 78.8
88.76 81.56
93.95 84.34
98.61 86.87
102.38 88.95
105.15 90.52
107.0 91.62
108.13 92.39
108.74 93.0
108.98 93.59
109.0 94.23
108.84 94.96
108.57 95.77
108.21 96.65
107.82 97.56
107.41 98.5
107.02 99.42
106.65 100.3
106.32 101.1
106.01 101.79
105.71 102.35
105.43 102.81
105.16 103.19
104.88 103.52
104.61 103.82
104.34 104.07
104.05 104.28
103.73 104.4
103.34 104.41
102.87 104.28
102.27 104.01
101.48 103.56
100.42 102.94
99.04 102.11
97.34 101.1
95.42 99.96
93.43 98.77
91.56 97.63
90.01 96.62
88.85 95.82
88.1 95.21
87.7 94.77
87.55 94.43
87.54 94.12
87.59 93.8
87.65 93.43
87.69 93.01
87.71 92.55
87.7 92.05
87.66 91.54
87.58 91.02
87.48 90.51
87.34 90.01
87.17 89.55
86.98 89.11
86.74 88.7
86.45 88.32
86.11 87.93
85.71 87.54
85.28 87.12
84.82 86.69
84.34 86.26
83.86 85.83
83.38 85.42
82.9 85.04
82.42 84.66
81.93 84.3
81.44 83.93
80.94 83.56
80.43 83.17
79.94 82.78
79.46 82.38
79.0 81.98
78.55 81.59
78.13 81.19
77.72 80.81
77.34 80.42
76.99 80.05
76.66 79.68
76.38 79.33
76.14 79.0
75.91 78.67
75.7 78.36
75.49 78.04
75.28 77.72
75.07 77.41
74.86 77.09
74.66 76.79
74.47 76.51
74.31 76.24
74.17 75.99
74.03 75.76
73.9 75.54
73.76 75.31
73.61 75.09
73.44 74.86
73.25 74.63
73.04 74.39
72.8 74.14
72.53 73.89
72.25 73.64
71.97 73.39
71.69 73.15
71.45 72.95
71.25 72.81
71.03 72.67
70.87 72.61
70.87 72.56
70.88 72.59
