61.99 62.76
63.22 63.42
65.1 64.45
67.66 65.85
70.84 67.59
74.51 69.6
78.49 71.77
82.55 73.99
86.49 76.15
90.13 78.17
93.32 79.97
95.94 81.54
97.95 82.87
99.39 83.99
100.31 84.96
100.82 85.83
101.0 86.65
100.93 87.46
100.69 88.28
100.31 89.11
99.85 89.93
99.32 90.72
98.73 91.44
98.09 92.08
97.42 92.63
96.72 93.08
96.04 93.45
95.37 93.73
94.69 93.93
94.01 94.05
93.33 94.08
92.61 94.02
91.81 93.84
90.93 93.54
89.94 93.11
88.84 92.56
87.64 91.89
86.39 91.13
85.13 90.32
83.91 89.48
82.74 88.64
81.66 87.82
80.71 87.04
79.89 86.3
79.2 85.61
78.65 84.98
78.21 84.38
77.89 83.83
77.66 83.3
77.51 82.8
77.41 82.31
77.33 81.83
77.25 81.35
77.17 80.88
77.1 80.43
77.04 80.0
76.97 79.6
76.86 79.2
76.71 78.82
76.48 78.43
76.2 78.04
75.89 77.65
75.58 77.27
75.25 76.91
74.91 76.55
74.56 76.21
74.19 75.87
73.79 75.53
73.4 75.2
73.0 74.87
72.59 74.53
72.17 74.2
71.75 73.87
71.31 73.53
70.87 73.19
70.45 72.84
70.04 72.49
69.64 72.14
69.26 71.78
68.87 71.43
68.48 71.07
68.1 70.72
67.73 70.36
67.36 70.01
67.02 69.66
66.7 69.31
66.4 68.97
66.12 68.65
65.85 68.32
65.6 68.0
65.36 67.69
65.14 67.39
64.93 67.1
64.74 66.82
64.55 66.55
64.37 66.29
64.2 66.04
64.02 65.78
63.82 65.53
63.62 65.27
63.41 65.02
63.19 64.76
62.96 64.5
62.72 64.25
62.5 64.01
62.29 63.79
62.14 63.6
62.04 63.44
61.99 63.31
61.91 63.14
61.78 62.95
61.62 62.76
61.45 62.51
61.16 62.2
61.04 62.04
61.03 61.82
