73.0 75.44
75.12 76.54
78.58 78.37
83.38 80.93
89.32 84.1
95.94 87.63
102.72 91.26
109.24 94.74
115.16 97.88
120.23 100.57
124.29 102.79
127.26 104.54
129.14 105.89
130.0 106.9
129.95 107.66
129.16 108.23
127.78 108.69
125.98 109.11
123.9 109.53
121.67 109.94
119.39 110.36
117.12 110.72
114.93 111.01
112.84 111.18
110.87 111.23
109.04 111.17
107.34 111.01
105.75 110.74
104.22 110.35
102.69 109.81
101.1 109.09
99.43 108.19
97.68 107.12
95.9 105.92
94.18 104.65
92.59 103.36
91.2 102.12
90.03 100.93
89.1 99.83
88.38 98.81
87.89 97.88
87.59 97.02
87.48 96.25
87.55 95.56
87.78 94.95
88.12 94.4
88.53 93.91
88.96 93.46
89.37 93.04
89.72 92.63
90.0 92.22
90.18 91.83
90.24 91.44
90.19 91.05
90.01 90.66
89.71 90.25
89.31 89.82
88.8 89.39
88.22 88.95
87.58 88.51
86.9 88.07
86.19 87.65
85.48 87.24
84.78 86.84
84.1 86.45
83.45 86.07
82.84 85.69
82.26 85.32
81.72 84.94
81.19 84.55
80.68 84.15
80.17 83.73
79.67 83.28
79.17 82.82
78.66 82.33
78.15 81.84
77.64 81.33
77.12 80.82
76.62 80.31
76.14 79.81
75.67 79.31
75.23 78.82
74.79 78.35
74.37 77.87
73.96 77.41
73.58 76.97
73.27 76.59
73.13 76.35
73.24 76.3
73.5 76.35
