70.99 73.33
73.16 74.46
76.72 76.35
81.68 79.01
87.82 82.31
94.73 86.04
101.96 89.95
109.11 93.81
115.9 97.45
122.03 100.73
127.21 103.56
131.17 105.86
133.77 107.63
135.0 108.86
134.93 109.62
133.77 110.01
131.74 110.15
129.11 110.19
126.09 110.2
122.88 110.26
119.64 110.35
116.5 110.45
113.52 110.52
110.76 110.53
108.24 110.46
105.95 110.3
103.88 110.03
101.98 109.64
100.2 109.09
98.47 108.36
96.73 107.44
94.94 106.31
93.11 105.03
91.29 103.65
89.57 102.22
88.02 100.79
86.68 99.42
85.6 98.11
84.77 96.89
84.16 95.76
83.79 94.73
83.64 93.79
83.7 92.95
83.93 92.2
84.29 91.54
84.74 90.95
85.22 90.42
85.69 89.92
86.11 89.45
86.45 88.99
86.69 88.55
86.81 88.13
86.83 87.71
86.71 87.3
86.47 86.89
86.12 86.47
85.65 86.04
85.08 85.6
84.45 85.16
83.77 84.73
83.07 84.32
82.38 83.93
81.69 83.55
81.03 83.17
80.38 82.79
79.74 82.41
79.1 82.01
78.48 81.6
77.86 81.18
77.27 80.74
76.72 80.31
76.2 79.87
75.72 79.44
75.26 79.0
74.84 78.56
74.42 78.11
74.01 77.66
73.6 77.2
73.19 76.73
72.79 76.27
72.41 75.81
72.05 75.36
71.7 74.92
71.36 74.5
71.06 74.13
70.87 73.84
70.95 73.77
71.1 73.84
