88.0 89.09
89.22 89.73
91.13 90.75
93.76 92.17
97.04 93.94
100.83 95.99
104.9 98.19
109.01 100.4
112.9 102.48
116.32 104.32
119.09 105.86
121.13 107.05
122.41 107.94
123.0 108.56
122.99 109.0
122.51 109.31
121.68 109.58
120.59 109.82
119.34 110.08
118.0 110.35
116.61 110.6
115.21 110.83
113.82 110.99
112.45 111.08
111.11 111.08
109.81 110.98
108.54 110.78
107.29 110.47
106.04 110.06
104.78 109.55
103.5 108.94
102.21 108.26
100.96 107.52
99.77 106.75
98.71 105.98
97.8 105.22
97.05 104.5
96.49 103.82
96.08 103.19
95.83 102.61
95.71 102.06
95.7 101.55
95.78 101.08
95.92 100.63
96.09 100.21
96.26 99.81
96.41 99.41
96.53 99.03
96.61 98.66
96.64 98.3
96.63 97.96
96.57 97.64
96.45 97.33
96.28 97.03
96.05 96.73
95.76 96.43
95.42 96.13
95.05 95.83
94.65 95.53
94.24 95.24
93.83 94.96
93.42 94.69
93.02 94.43
92.63 94.17
92.24 93.91
91.86 93.65
91.49 93.38
91.12 93.11
90.76 92.84
90.42 92.56
90.1 92.28
89.8 92.0
89.52 91.72
89.25 91.44
88.98 91.16
88.72 90.87
88.46 90.58
88.2 90.29
87.96 90.0
87.72 89.72
87.5 89.44
87.27 89.16
87.05 88.89
86.84 88.64
86.66 88.41
86.58 88.24
86.6 88.14
86.74 88.18
87.06 88.33
