87.0 88.36
89.11 89.51
92.56 91.38
97.48 94.04
103.73 97.41
110.88 101.27
118.33 105.31
125.46 109.19
131.74 112.6
136.76 115.35
140.31 117.35
142.35 118.66
143.0 119.38
142.47 119.68
141.04 119.74
138.99 119.71
136.54 119.69
133.92 119.77
131.28 119.96
128.72 120.28
126.35 120.68
124.23 121.12
122.37 121.53
120.75 121.86
119.34 122.05
118.05 122.06
116.8 121.88
115.48 121.47
113.98 120.81
112.23 119.92
110.23 118.79
108.05 117.47
105.81 116.04
103.66 114.58
101.78 113.17
100.27 111.9
99.17 110.79
98.52 109.87
98.3 109.14
98.46 108.55
98.91 108.08
99.55 107.67
100.28 107.29
101.04 106.9
101.72 106.47
102.28 106.0
102.68 105.49
102.9 104.94
102.93 104.36
102.78 103.78
102.48 103.21
102.05 102.65
101.5 102.11
100.84 101.58
100.12 101.07
99.36 100.57
98.6 100.09
97.87 99.64
97.19 99.22
96.54 98.82
95.92 98.44
95.32 98.06
94.74 97.68
94.17 97.29
93.63 96.9
93.12 96.5
92.65 96.12
92.23 95.74
91.89 95.39
91.61 95.06
91.38 94.74
91.19 94.43
91.02 94.11
90.84 93.77
90.62 93.42
90.38 93.04
90.11 92.65
89.8 92.25
89.49 91.85
89.16 91.45
88.82 91.05
88.47 90.67
88.11 90.29
87.74 89.93
87.38 89.57
87.04 89.24
86.74 88.93
86.48 88.64
86.28 88.41
86.2 88.26
86.33 88.24
86.65 88.32
87.3 88.52
