48.0 54.64
54.75 58.12
66.09 64.15
81.76 72.69
101.21 83.03
121.83 93.98
140.91 104.35
157.42 113.22
170.72 120.01
180.0 124.57
184.97 127.11
186.0 128.02
183.7 127.78
178.84 126.85
172.21 125.64
164.57 124.49
156.55 123.66
148.6 123.31
141.06 123.45
134.06 123.95
127.67 124.56
121.81 124.98
116.37 124.94
111.2 124.27
106.2 122.97
101.28 121.14
96.49 118.96
91.91 116.59
87.66 114.15
83.85 111.69
80.55 109.25
77.8 106.87
75.62 104.53
73.95 102.25
72.77 100.03
72.02 97.85
71.63 95.7
71.48 93.56
71.48 91.46
71.56 89.38
71.61 87.33
71.56 85.31
71.36 83.33
70.97 81.38
70.37 79.49
69.57 77.67
68.59 75.92
67.46 74.24
66.19 72.63
64.81 71.09
63.36 69.62
61.87 68.2
60.36 66.84
58.87 65.56
57.45 64.35
56.09 63.2
54.82 62.12
53.64 61.1
52.57 60.13
51.59 59.19
50.69 58.29
49.86 57.39
49.06 56.49
48.26 55.67
47.56 55.04
46.84 54.19
45.25 52.73
43.75 51.35
