44.99 46.86
48.48 48.55
54.1 51.39
61.85 55.39
71.33 60.37
81.73 65.98
92.32 71.78
102.48 77.39
111.72 82.49
119.58 86.88
125.65 90.44
129.72 93.14
131.77 95.03
132.0 96.22
130.68 96.87
128.21 97.18
124.92 97.33
121.14 97.49
117.16 97.76
113.19 98.16
109.39 98.68
105.89 99.24
102.74 99.76
99.96 100.19
97.54 100.49
95.44 100.64
93.58 100.64
91.91 100.48
90.35 100.14
88.87 99.61
87.43 98.87
85.99 97.95
84.5 96.82
82.89 95.51
81.11 93.99
79.12 92.27
76.92 90.34
74.55 88.25
72.12 86.06
69.74 83.86
67.55 81.74
65.64 79.76
64.11 77.98
62.95 76.43
62.18 75.09
61.76 73.96
61.68 73.01
61.89 72.21
62.33 71.56
62.97 71.01
63.7 70.54
64.48 70.11
65.22 69.7
65.87 69.28
66.37 68.84
66.71 68.38
66.85 67.9
66.78 67.39
66.52 66.86
66.09 66.32
65.48 65.75
64.75 65.17
63.92 64.59
63.04 64.02
62.12 63.47
61.2 62.95
60.32 62.46
59.46 61.99
58.66 61.55
57.92 61.12
57.24 60.7
56.6 60.29
56.0 59.87
55.43 59.44
54.88 58.99
54.35 58.52
53.83 58.04
53.33 57.54
52.82 57.02
52.34 56.5
51.86 55.97
51.39 55.44
50.92 54.91
50.46 54.37
50.01 53.84
49.56 53.31
49.12 52.78
48.7 52.27
48.28 51.77
47.88 51.28
47.48 50.8
47.08 50.32
46.68 49.85
46.28 49.39
45.87 48.93
45.46 48.47
45.05 48.02
44.65 47.58
44.27 47.16
43.93 46.77
43.83 46.52
43.6 46.4
43.25 46.19
43.17 45.85
42.67 45.49
