68.0 69.26
68.88 69.72
70.26 70.45
72.14 71.46
74.47 72.71
77.16 74.15
80.07 75.7
83.05 77.28
85.96 78.82
88.65 80.25
91.01 81.54
92.99 82.67
94.54 83.64
95.68 84.48
96.44 85.2
96.86 85.84
97.0 86.42
96.89 86.96
96.58 87.47
96.11 87.95
95.5 88.38
94.78 88.76
93.98 89.07
93.11 89.31
92.19 89.46
91.24 89.54
90.26 89.53
89.26 89.46
88.25 89.31
87.25 89.09
86.24 88.78
85.18 88.39
84.07 87.89
82.88 87.29
81.65 86.6
80.39 85.84
79.16 85.04
78.01 84.23
76.98 83.44
76.1 82.7
75.37 82.0
74.79 81.35
74.34 80.74
74.0 80.17
73.75 79.61
73.56 79.08
73.42 78.56
73.33 78.05
73.27 77.57
73.24 77.11
73.23 76.67
73.21 76.25
73.17 75.85
73.12 75.47
73.04 75.11
72.94 74.77
72.83 74.45
72.7 74.14
72.55 73.85
72.38 73.58
72.2 73.32
72.01 73.08
71.85 72.86
71.7 72.67
71.57 72.5
71.44 72.35
71.3 72.2
71.14 72.04
70.94 71.86
70.71 71.68
70.47 71.47
70.21 71.27
69.94 71.05
69.67 70.84
69.38 70.62
69.09 70.4
68.78 70.17
68.48 69.94
68.18 69.71
67.92 69.5
67.68 69.3
67.5 69.14
67.41 69.05
67.53 69.08
67.86 69.16
