96.0 98.74
99.49 100.51
105.25 103.52
113.38 107.8
123.48 113.17
134.75 119.19
146.11 125.32
156.57 130.99
165.36 135.78
172.05 139.46
176.56 142.06
179.08 143.77
180.0 144.88
179.71 145.69
178.56 146.4
176.79 147.15
174.56 148.0
171.98 148.91
169.11 149.85
166.02 150.74
162.79 151.51
159.54 152.11
156.36 152.49
153.31 152.62
150.42 152.49
147.65 152.11
144.91 151.49
142.11 150.63
139.15 149.53
136.01 148.18
132.73 146.6
129.41 144.82
126.22 142.91
123.29 140.95
120.76 139.02
118.7 137.19
117.13 135.49
116.05 133.95
115.43 132.56
115.19 131.32
115.27 130.2
115.62 129.17
116.15 128.22
116.77 127.31
117.42 126.43
118.05 125.57
118.61 124.73
119.06 123.92
119.36 123.13
119.51 122.38
119.51 121.66
119.33 120.96
118.97 120.26
118.44 119.57
117.74 118.87
116.9 118.16
115.96 117.45
114.95 116.75
113.91 116.08
112.87 115.42
111.84 114.79
110.83 114.19
109.87 113.61
108.97 113.05
108.14 112.5
107.35 111.96
106.61 111.41
105.87 110.84
105.13 110.23
104.35 109.58
103.55 108.88
102.73 108.15
101.92 107.4
101.13 106.64
100.36 105.88
99.61 105.12
98.87 104.37
98.17 103.64
97.49 102.92
96.88 102.23
96.33 101.57
95.86 100.96
95.45 100.37
95.08 99.84
94.83 99.39
94.87 99.14
95.39 99.05
96.24 99.0
