85.0 85.66
86.53 86.49
88.89 87.77
92.1 89.52
96.1 91.71
100.74 94.24
105.8 97.0
111.04 99.84
116.13 102.61
120.71 105.12
124.43 107.24
127.07 108.87
128.57 110.01
129.0 110.69
128.52 111.02
127.39 111.15
125.84 111.2
124.07 111.28
122.23 111.46
120.44 111.75
118.79 112.14
117.3 112.59
116.01 113.08
114.91 113.54
113.98 113.97
113.21 114.32
112.59 114.59
112.1 114.77
111.71 114.86
111.41 114.87
111.17 114.81
110.95 114.68
110.69 114.47
110.33 114.15
109.8 113.7
109.06 113.1
108.14 112.36
107.07 111.52
105.96 110.63
104.9 109.74
103.97 108.91
103.22 108.19
102.68 107.59
102.33 107.1
102.16 106.7
102.12 106.39
102.19 106.13
102.33 105.9
102.53 105.69
102.74 105.48
102.94 105.27
103.1 105.04
103.2 104.79
103.2 104.5
103.09 104.18
102.86 103.82
102.52 103.44
102.07 103.02
101.52 102.59
100.89 102.14
100.21 101.68
99.5 101.21
98.8 100.77
98.15 100.34
97.54 99.94
96.98 99.56
96.47 99.2
95.99 98.84
95.53 98.48
95.08 98.1
94.62 97.71
94.14 97.28
93.65 96.84
93.14 96.39
92.62 95.92
92.1 95.45
91.61 94.99
91.15 94.54
90.75 94.1
90.39 93.69
90.08 93.31
89.83 92.95
89.62 92.61
89.46 92.29
89.33 91.98
89.23 91.69
89.13 91.41
89.03 91.13
88.91 90.85
88.77 90.57
88.6 90.29
88.41 90.0
88.19 89.71
87.96 89.42
87.73 89.15
87.5 88.88
87.28 88.63
87.07 88.4
86.87 88.19
86.69 87.99
86.51 87.8
86.36 87.62
86.23 87.45
86.11 87.3
86.01 87.15
85.92 87.01
85.83 86.88
85.74 86.75
85.65 86.62
85.57 86.49
85.49 86.35
85.4 86.22
85.3 86.08
85.2 85.94
85.09 85.81
84.97 85.67
84.83 85.53
84.67 85.4
84.5 85.25
84.3 85.1
84.08 84.95
83.9 84.81
83.65 84.67
83.36 84.48
83.15 84.32
83.03 84.25
82.99 84.23
83.15 84.27
