80.0 84.87
83.3 86.6
88.92 89.61
96.82 93.86
106.61 99.04
117.16 104.65
127.53 110.2
137.17 115.26
145.6 119.52
152.3 122.8
156.83 125.04
159.0 126.26
158.84 126.56
156.66 126.12
152.91 125.19
148.11 124.02
142.74 122.86
137.16 121.89
131.62 121.15
126.21 120.59
120.97 120.06
115.9 119.41
111.04 118.54
106.46 117.42
102.24 116.1
98.52 114.71
95.37 113.32
92.83 112.02
90.91 110.82
89.56 109.7
88.75 108.66
88.4 107.68
88.44 106.75
88.81 105.86
89.44 104.99
90.23 104.11
91.11 103.2
92.03 102.26
92.9 101.29
93.68 100.32
94.34 99.38
94.85 98.49
95.19 97.66
95.37 96.9
95.39 96.19
95.25 95.54
94.95 94.92
94.52 94.34
93.97 93.78
93.32 93.24
92.59 92.74
91.82 92.26
91.01 91.81
90.17 91.37
89.31 90.94
88.44 90.5
87.57 90.05
86.7 89.59
85.84 89.12
85.01 88.63
84.19 88.11
83.38 87.57
82.58 87.01
81.79 86.42
81.0 85.8
80.23 85.21
79.64 84.82
79.24 84.63
78.86 84.52
