79.0 79.95
81.06 81.11
84.22 82.88
88.59 85.31
94.05 88.34
100.43 91.86
107.38 95.67
114.45 99.53
121.14 103.18
127.02 106.43
131.79 109.15
135.33 111.31
137.71 113.0
139.12 114.35
139.8 115.53
140.0 116.67
139.86 117.88
139.58 119.22
139.21 120.68
138.84 122.25
138.5 123.86
138.22 125.45
137.96 126.98
137.75 128.41
137.57 129.7
137.42 130.84
137.28 131.84
137.13 132.7
136.97 133.43
136.75 134.05
136.48 134.55
136.1 134.9
135.58 135.09
134.86 135.07
133.85 134.79
132.46 134.21
130.63 133.3
128.34 132.08
125.64 130.59
122.65 128.91
119.54 127.16
116.55 125.43
113.82 123.83
111.53 122.43
109.76 121.26
108.53 120.31
107.76 119.55
107.38 118.9
107.27 118.3
107.29 117.69
107.33 117.0
107.33 116.22
107.21 115.33
106.95 114.35
106.54 113.29
106.01 112.2
105.36 111.1
104.62 110.02
103.83 108.98
103.0 107.99
102.15 107.05
101.28 106.15
100.42 105.28
99.57 104.44
98.73 103.62
97.93 102.82
97.15 102.05
96.42 101.31
95.72 100.6
95.04 99.91
94.4 99.25
93.79 98.61
93.21 97.99
92.65 97.38
92.12 96.79
91.61 96.21
91.11 95.63
90.64 95.07
90.19 94.51
89.76 93.96
89.36 93.42
88.94 92.88
88.52 92.35
88.1 91.82
87.69 91.3
87.28 90.79
86.89 90.3
86.54 89.84
86.23 89.41
85.96 89.02
85.71 88.64
85.49 88.29
85.27 87.94
85.03 87.59
84.78 87.25
84.54 86.91
84.31 86.58
84.07 86.26
83.85 85.95
83.63 85.66
83.41 85.37
83.19 85.09
82.97 84.82
82.76 84.56
82.53 84.3
82.3 84.04
82.05 83.78
81.8 83.52
81.53 83.25
81.25 82.98
80.96 82.7
80.66 82.42
80.36 82.14
80.06 81.87
79.78 81.63
79.56 81.44
79.47 81.33
79.59 81.21
79.31 81.01
79.24 80.94
79.5 80.84
79.26 80.62
