73.0 74.24
76.02 75.9
80.87 78.56
87.65 82.27
96.16 86.95
105.95 92.32
116.3 98.0
126.37 103.55
135.44 108.57
142.97 112.8
148.71 116.15
152.71 118.7
155.21 120.64
156.54 122.22
157.0 123.67
156.86 125.14
156.3 126.74
155.47 128.47
154.48 130.31
153.41 132.2
152.25 134.04
151.01 135.76
149.67 137.28
148.22 138.53
146.68 139.48
145.07 140.14
143.41 140.56
141.76 140.78
140.11 140.85
138.45 140.79
136.75 140.59
134.98 140.2
133.0 139.53
130.7 138.51
127.99 137.1
124.84 135.29
121.32 133.14
117.61 130.79
113.97 128.37
110.64 126.05
107.79 123.92
105.55 122.07
103.92 120.49
102.84 119.16
102.2 118.01
101.92 116.96
101.84 115.95
101.86 114.92
101.91 113.86
101.9 112.73
101.81 111.55
101.62 110.33
101.34 109.11
100.98 107.9
100.54 106.74
100.02 105.63
99.43 104.6
98.81 103.64
98.15 102.73
97.48 101.85
96.78 101.0
96.03 100.15
95.22 99.31
94.32 98.45
93.36 97.6
92.35 96.75
91.35 95.92
90.35 95.12
89.41 94.36
88.52 93.63
87.69 92.93
86.9 92.26
86.2 91.6
85.55 90.95
84.94 90.31
84.4 89.69
83.88 89.07
83.38 88.46
82.87 87.86
82.37 87.25
81.85 86.62
81.33 85.99
80.8 85.34
80.29 84.7
79.8 84.08
79.35 83.49
78.95 82.94
78.59 82.43
78.24 81.95
77.9 81.48
77.54 81.01
77.16 80.52
76.77 80.03
76.38 79.54
76.01 79.07
75.66 78.62
75.32 78.2
75.01 77.82
74.72 77.45
74.44 77.1
74.17 76.76
73.9 76.41
73.62 76.06
73.3 75.71
72.99 75.38
72.76 75.13
72.73 75.06
72.93 75.17
73.57 75.58
74.84 76.11
