75.0 77.72
78.25 79.31
83.69 82.04
91.3 85.95
100.57 90.79
110.5 96.11
120.05 101.35
128.5 106.03
135.4 109.84
140.48 112.65
143.66 114.49
145.0 115.52
144.7 115.94
143.04 115.92
140.32 115.64
136.81 115.2
132.74 114.7
128.3 114.2
123.63 113.71
118.84 113.21
113.99 112.62
109.17 111.87
104.45 110.9
99.94 109.71
95.75 108.33
91.99 106.87
88.71 105.41
85.96 104.03
83.74 102.75
82.06 101.58
80.89 100.49
80.25 99.48
80.07 98.52
80.28 97.59
80.78 96.69
81.45 95.77
82.17 94.82
82.85 93.81
83.43 92.76
83.91 91.68
84.24 90.61
84.43 89.57
84.46 88.56
84.35 87.6
84.11 86.69
83.75 85.83
83.3 85.03
82.8 84.31
82.28 83.68
81.77 83.14
81.29 82.7
80.85 82.32
80.44 82.0
80.01 81.68
79.53 81.36
78.99 81.01
78.38 80.62
77.74 80.2
77.08 79.77
76.44 79.34
75.84 78.92
75.28 78.51
74.81 78.17
74.56 78.0
74.68 78.05
74.93 78.24
