73.0 75.26
74.95 76.34
78.08 78.08
82.41 80.47
87.75 83.4
93.8 86.71
100.21 90.19
106.69 93.67
112.93 96.98
118.61 99.98
123.48 102.6
127.32 104.77
130.01 106.48
131.54 107.76
132.0 108.66
131.53 109.29
130.33 109.74
128.6 110.12
126.49 110.47
124.15 110.82
121.73 111.16
119.31 111.48
116.94 111.74
114.68 111.92
112.56 112.01
110.58 111.99
108.72 111.87
106.96 111.61
105.25 111.19
103.54 110.58
101.75 109.77
99.88 108.76
97.93 107.57
95.92 106.25
93.93 104.84
92.03 103.39
90.27 101.96
88.71 100.56
87.37 99.22
86.27 97.96
85.41 96.79
84.79 95.71
84.38 94.71
84.17 93.81
84.13 92.98
84.24 92.23
84.45 91.54
84.72 90.9
85.0 90.29
85.26 89.71
85.47 89.16
85.63 88.63
85.72 88.13
85.73 87.65
85.68 87.2
85.55 86.77
85.33 86.35
85.05 85.94
84.7 85.52
84.28 85.12
83.8 84.71
83.28 84.31
82.73 83.91
82.14 83.53
81.57 83.16
81.03 82.81
80.5 82.48
80.02 82.16
79.56 81.85
79.12 81.53
78.67 81.2
78.21 80.84
77.73 80.46
77.23 80.06
76.75 79.64
76.26 79.22
75.8 78.8
75.37 78.38
74.95 77.97
74.55 77.56
74.16 77.15
73.78 76.73
73.38 76.3
72.96 75.86
72.52 75.42
72.11 75.0
71.79 74.67
71.71 74.53
72.08 74.64
72.66 74.94
