66.0 66.88
67.49 67.7
69.89 69.01
73.23 70.84
77.4 73.12
82.15 75.71
87.14 78.43
92.0 81.09
96.44 83.53
100.28 85.65
103.41 87.45
105.86 88.95
107.7 90.23
108.98 91.34
109.73 92.33
110.0 93.22
109.82 94.03
109.26 94.76
108.4 95.43
107.34 96.04
106.15 96.6
104.86 97.1
103.48 97.51
102.05 97.8
100.59 97.96
99.09 97.98
97.58 97.88
96.05 97.66
94.53 97.35
92.99 96.94
91.44 96.42
89.86 95.78
88.25 95.02
86.64 94.13
85.08 93.16
83.62 92.16
82.33 91.16
81.23 90.21
80.33 89.31
79.59 88.45
78.99 87.62
78.48 86.81
78.06 86.01
77.74 85.23
77.5 84.48
77.36 83.79
77.32 83.16
77.36 82.59
77.48 82.08
77.64 81.62
77.78 81.17
77.9 80.75
77.97 80.34
77.95 79.94
77.88 79.56
77.75 79.19
77.6 78.85
77.42 78.53
77.23 78.23
77.04 77.95
76.84 77.69
76.61 77.44
76.36 77.18
76.05 76.93
75.7 76.66
75.32 76.39
74.93 76.12
74.52 75.84
74.12 75.57
73.74 75.31
73.37 75.05
72.98 74.8
72.62 74.55
72.29 74.31
71.98 74.08
71.72 73.85
71.5 73.63
71.31 73.41
71.1 73.16
70.85 72.88
70.55 72.55
70.17 72.18
69.76 71.8
69.34 71.42
68.95 71.07
68.64 70.76
68.41 70.5
68.26 70.29
68.16 70.11
68.05 69.92
67.93 69.72
67.75 69.5
67.53 69.24
67.27 68.96
67.0 68.68
66.76 68.39
66.54 68.12
66.34 67.87
66.18 67.65
66.03 67.45
65.88 67.25
65.7 67.06
65.52 66.86
65.33 66.66
65.16 66.48
65.05 66.36
65.06 66.34
65.25 66.39
65.58 66.37
66.04 66.37
