71.0 73.2
73.39 74.46
77.7 76.7
84.02 79.95
91.77 83.95
99.91 88.23
107.3 92.22
113.1 95.42
116.95 97.58
119.03 98.78
119.88 99.29
120.0 99.48
119.67 99.67
119.08 100.05
118.34 100.66
117.47 101.45
116.5 102.34
115.44 103.26
114.31 104.16
113.12 105.03
111.87 105.81
110.61 106.45
109.35 106.9
108.1 107.11
106.88 107.11
105.7 106.94
104.52 106.68
103.32 106.38
102.03 106.03
100.59 105.56
98.92 104.92
97.07 104.05
95.13 102.97
93.23 101.77
91.53 100.56
90.17 99.45
89.17 98.49
88.51 97.69
88.09 97.01
87.86 96.39
87.72 95.78
87.61 95.14
87.49 94.47
87.33 93.75
87.13 93.0
86.89 92.24
86.61 91.48
86.32 90.74
86.02 90.04
85.71 89.38
85.4 88.78
85.08 88.22
84.76 87.72
84.43 87.25
84.09 86.8
83.73 86.35
83.35 85.89
82.95 85.42
82.51 84.95
82.06 84.49
81.59 84.04
81.11 83.6
80.63 83.17
80.13 82.75
79.63 82.33
79.13 81.91
78.63 81.49
78.14 81.08
77.69 80.68
77.29 80.3
76.93 79.93
76.63 79.59
76.36 79.26
76.09 78.92
75.81 78.58
75.5 78.22
75.16 77.84
74.79 77.43
74.4 77.01
73.98 76.59
73.54 76.15
73.1 75.72
72.66 75.3
72.22 74.88
71.8 74.48
71.38 74.08
70.98 73.7
70.63 73.36
70.41 73.14
70.58 73.18
71.25 73.39
