50.0 52.29
53.82 54.19
60.05 57.43
68.7 62.06
79.48 67.76
90.99 73.99
102.1 80.21
112.43 85.97
121.58 90.96
129.11 95.06
134.74 98.25
138.34 100.62
140.0 102.25
139.88 103.27
138.27 103.82
135.46 104.04
131.78 104.09
127.51 104.09
122.88 104.12
118.06 104.18
113.16 104.18
108.29 104.04
103.48 103.64
98.74 102.93
94.11 101.9
89.57 100.6
85.14 99.09
80.91 97.42
76.94 95.64
73.3 93.77
70.06 91.84
67.26 89.9
64.91 87.97
63.02 86.07
61.55 84.24
60.49 82.45
59.77 80.7
59.31 78.98
59.07 77.29
58.97 75.62
58.96 73.99
59.0 72.4
59.04 70.86
59.06 69.39
59.03 67.98
58.94 66.65
58.78 65.42
58.59 64.28
58.35 63.23
58.08 62.29
57.78 61.44
57.45 60.66
57.09 59.95
56.69 59.3
56.26 58.69
55.81 58.12
55.36 57.59
54.91 57.11
54.48 56.67
54.08 56.27
53.71 55.91
53.35 55.58
53.01 55.26
52.68 54.94
52.33 54.63
51.98 54.3
51.64 53.98
51.28 53.64
50.92 53.29
50.55 52.93
50.14 52.54
49.68 52.13
49.2 51.7
48.7 51.3
48.26 50.94
47.91 50.71
47.55 50.5
47.29 50.36
