73.0 75.51
74.81 76.42
77.64 77.9
81.52 79.95
86.33 82.5
91.79 85.4
97.61 88.48
103.46 91.56
109.02 94.46
114.01 97.05
118.18 99.25
121.3 100.97
123.25 102.21
124.0 102.99
123.61 103.34
122.24 103.38
120.11 103.21
117.44 102.92
114.42 102.6
111.24 102.3
108.05 102.03
104.94 101.76
101.96 101.48
99.18 101.14
96.59 100.73
94.2 100.23
91.98 99.62
89.92 98.88
87.98 98.02
86.12 97.02
84.3 95.87
82.53 94.61
80.79 93.25
79.14 91.84
77.61 90.41
76.26 89.02
75.12 87.68
74.23 86.44
73.63 85.31
73.32 84.31
73.34 83.47
73.66 82.78
74.26 82.25
75.1 81.87
76.13 81.61
77.29 81.45
78.5 81.36
79.72 81.32
80.87 81.3
81.92 81.3
82.83 81.31
83.57 81.31
84.13 81.3
84.48 81.27
84.63 81.21
84.58 81.13
84.34 81.02
83.94 80.88
83.39 80.71
82.71 80.51
81.95 80.3
81.12 80.06
80.26 79.82
79.39 79.56
78.52 79.29
77.67 79.02
76.86 78.74
76.1 78.45
75.41 78.16
74.78 77.85
74.21 77.53
73.68 77.19
73.18 76.82
72.71 76.42
72.26 76.01
71.85 75.6
71.48 75.19
71.17 74.8
70.95 74.48
70.91 74.26
71.1 74.22
71.32 74.07
71.75 74.04
