78.0 78.65
79.04 79.23
80.76 80.17
83.07 81.45
85.82 82.99
88.86 84.71
92.08 86.54
95.5 88.5
99.23 90.63
103.38 92.99
107.93 95.57
112.72 98.35
117.52 101.21
122.11 104.05
126.27 106.74
129.83 109.22
132.76 111.47
135.07 113.5
136.81 115.34
138.0 117.03
138.71 118.57
139.0 119.97
138.92 121.24
138.53 122.38
137.89 123.41
137.01 124.35
135.94 125.18
134.7 125.89
133.27 126.42
131.64 126.74
129.79 126.79
127.68 126.56
125.32 126.07
122.76 125.34
120.08 124.45
117.4 123.44
114.84 122.39
112.47 121.32
110.35 120.26
108.47 119.23
106.86 118.21
105.48 117.2
104.3 116.19
103.33 115.17
102.53 114.14
101.87 113.1
101.34 112.06
100.89 111.02
100.51 109.98
100.18 108.96
99.86 107.94
99.53 106.96
99.19 106.0
98.85 105.09
98.5 104.22
98.13 103.39
97.75 102.59
97.34 101.82
96.9 101.06
96.41 100.32
95.89 99.6
95.33 98.89
94.76 98.21
94.17 97.56
93.59 96.94
93.04 96.37
92.51 95.83
91.99 95.31
91.5 94.82
91.01 94.34
90.53 93.87
90.06 93.4
89.58 92.92
89.09 92.44
88.6 91.95
88.13 91.46
87.66 90.98
87.23 90.52
86.81 90.07
86.42 89.63
86.01 89.19
85.6 88.74
85.17 88.29
84.77 87.84
84.37 87.4
84.01 86.98
83.67 86.57
83.37 86.2
83.09 85.84
82.86 85.51
82.66 85.19
82.47 84.89
82.3 84.61
82.14 84.33
81.96 84.05
81.75 83.76
81.5 83.45
81.24 83.13
80.96 82.81
80.68 82.49
80.42 82.19
80.18 81.92
79.98 81.68
79.82 81.47
79.68 81.28
79.55 81.09
79.45 80.92
79.32 80.73
79.17 80.54
79.01 80.34
78.83 80.13
78.65 79.92
78.49 79.73
78.4 79.57
78.34 79.45
78.33 79.36
78.36 79.3
78.4 79.25
78.42 79.2
78.4 79.17
78.36 79.06
78.22 78.98
78.07 78.89
