70.0 72.92
73.15 74.53
78.28 77.22
85.49 81.02
94.41 85.76
104.39 91.12
114.7 96.65
124.56 101.94
133.26 106.6
140.29 110.4
145.43 113.27
148.62 115.27
150.0 116.52
149.81 117.23
148.32 117.57
145.83 117.7
142.59 117.75
138.81 117.78
134.67 117.8
130.29 117.78
125.78 117.66
121.2 117.38
116.63 116.89
112.13 116.14
107.78 115.17
103.66 114.0
99.85 112.71
96.42 111.37
93.44 110.03
90.92 108.73
88.87 107.47
87.25 106.23
86.02 105.0
85.13 103.75
84.52 102.47
84.12 101.15
83.89 99.8
83.78 98.42
83.75 97.05
83.77 95.69
83.81 94.37
83.84 93.09
83.84 91.87
83.79 90.71
83.67 89.61
83.47 88.57
83.19 87.58
82.81 86.64
82.34 85.74
81.78 84.87
81.14 84.05
80.44 83.26
79.71 82.52
78.98 81.83
78.27 81.2
77.61 80.62
76.98 80.09
76.38 79.59
75.81 79.11
75.23 78.62
74.64 78.13
74.05 77.63
73.44 77.1
72.82 76.56
72.2 76.01
71.59 75.45
70.99 74.89
70.41 74.33
69.86 73.78
69.31 73.23
68.78 72.68
68.25 72.15
67.75 71.66
67.47 71.35
67.79 71.36
68.45 71.57
