86.0 88.05
87.71 88.91
90.45 90.33
94.24 92.32
98.96 94.81
104.33 97.65
109.99 100.65
115.57 103.6
120.71 106.33
125.14 108.71
128.73 110.7
131.43 112.3
133.27 113.59
134.4 114.65
134.93 115.58
135.0 116.45
134.7 117.31
134.14 118.18
133.37 119.05
132.45 119.92
131.43 120.75
130.36 121.52
129.24 122.2
128.1 122.75
126.92 123.16
125.7 123.43
124.45 123.55
123.16 123.54
121.84 123.4
120.5 123.15
119.11 122.77
117.65 122.26
116.09 121.59
114.41 120.76
112.65 119.78
110.85 118.68
109.06 117.49
107.35 116.28
105.8 115.09
104.43 113.94
103.26 112.86
102.29 111.85
101.49 110.89
100.86 109.98
100.36 109.1
99.95 108.25
99.6 107.42
99.29 106.61
99.0 105.8
98.7 105.0
98.4 104.21
98.08 103.43
97.73 102.66
97.35 101.92
96.95 101.2
96.54 100.51
96.11 99.85
95.68 99.23
95.25 98.63
94.82 98.07
94.41 97.53
94.01 97.03
93.63 96.54
93.25 96.08
92.87 95.64
92.49 95.21
92.09 94.78
91.66 94.35
91.22 93.92
90.77 93.48
90.3 93.04
89.84 92.6
89.4 92.18
88.97 91.76
88.55 91.35
88.13 90.95
87.73 90.55
87.32 90.14
86.9 89.73
86.46 89.3
86.0 88.86
85.53 88.41
85.06 87.98
84.66 87.6
84.4 87.31
84.5 87.24
84.83 87.35
