98.99 103.8
101.26 105.0
105.08 107.07
110.51 109.96
117.28 113.51
124.82 117.42
132.5 121.4
139.88 125.24
146.83 128.86
153.37 132.28
159.48 135.54
165.14 138.67
170.12 141.63
174.12 144.3
176.92 146.61
178.5 148.52
179.0 150.08
178.61 151.36
177.54 152.48
175.94 153.5
173.94 154.43
171.65 155.24
169.13 155.88
166.45 156.3
163.64 156.49
160.71 156.46
157.64 156.21
154.41 155.72
150.99 154.96
147.35 153.91
143.55 152.55
139.71 150.92
135.95 149.12
132.4 147.25
129.21 145.41
126.45 143.66
124.14 142.03
122.31 140.5
120.92 139.04
119.9 137.63
119.2 136.25
118.75 134.88
118.47 133.53
118.3 132.19
118.2 130.85
118.13 129.53
118.06 128.22
117.96 126.94
117.82 125.71
117.6 124.54
117.32 123.43
117.0 122.4
116.63 121.44
116.25 120.56
115.88 119.75
115.5 119.0
115.08 118.29
114.61 117.59
114.06 116.91
113.41 116.22
112.67 115.52
111.85 114.81
110.99 114.1
110.09 113.41
109.19 112.72
108.28 112.04
107.37 111.36
106.46 110.68
105.55 109.98
104.65 109.27
103.75 108.55
102.83 107.81
101.91 107.06
101.0 106.31
100.13 105.58
99.35 104.89
98.74 104.3
98.24 103.89
98.07 103.8
98.11 103.83
