78.0 79.74
79.48 80.5
81.83 81.74
85.04 83.45
89.02 85.57
93.52 87.99
98.29 90.55
103.08 93.11
107.64 95.52
111.72 97.69
115.11 99.53
117.65 101.0
119.27 102.09
120.0 102.84
119.91 103.31
119.17 103.58
117.93 103.73
116.33 103.83
114.5 103.95
112.57 104.08
110.64 104.25
108.76 104.42
106.99 104.56
105.33 104.64
103.79 104.65
102.33 104.56
100.93 104.35
99.51 103.97
98.02 103.43
96.43 102.72
94.76 101.85
93.07 100.88
91.43 99.86
89.95 98.84
88.69 97.88
87.68 97.01
86.95 96.22
86.49 95.53
86.29 94.92
86.33 94.38
86.56 93.92
86.96 93.51
87.48 93.15
88.05 92.82
88.66 92.51
89.24 92.22
89.78 91.94
90.24 91.66
90.61 91.38
90.86 91.12
90.99 90.85
91.0 90.59
90.89 90.33
90.68 90.07
90.38 89.81
90.0 89.54
89.57 89.27
89.07 89.01
88.54 88.74
87.98 88.48
87.43 88.23
86.88 87.98
86.35 87.73
85.85 87.49
85.39 87.25
84.95 87.02
84.55 86.78
84.16 86.52
83.8 86.26
83.43 85.97
83.07 85.67
82.72 85.36
82.38 85.03
82.04 84.69
81.7 84.34
81.36 83.98
81.01 83.62
80.66 83.25
80.3 82.87
79.95 82.5
79.6 82.12
79.23 81.74
78.87 81.35
78.51 80.98
78.17 80.62
77.88 80.3
77.67 80.04
77.62 79.88
77.71 79.86
77.87 79.95
78.23 80.15
