62.0 63.53
63.21 64.19
65.17 65.26
67.89 66.75
71.29 68.59
75.18 70.69
79.34 72.92
83.51 75.16
87.52 77.31
91.21 79.29
94.47 81.1
97.28 82.73
99.65 84.24
101.62 85.66
103.24 87.03
104.56 88.39
105.64 89.75
106.49 91.1
107.15 92.45
107.61 93.76
107.88 95.01
108.0 96.18
107.95 97.23
107.76 98.17
107.41 98.98
106.94 99.66
106.36 100.23
105.68 100.7
104.91 101.07
104.08 101.34
103.19 101.52
102.25 101.59
101.25 101.56
100.18 101.38
98.99 101.04
97.62 100.51
96.04 99.77
94.23 98.84
92.25 97.74
90.19 96.56
88.21 95.36
86.42 94.21
84.9 93.18
83.68 92.27
82.76 91.47
82.08 90.76
81.6 90.11
81.26 89.47
81.01 88.82
80.8 88.15
80.59 87.45
80.36 86.73
80.11 85.98
79.83 85.22
79.53 84.48
79.24 83.76
78.96 83.09
78.69 82.48
78.44 81.92
78.2 81.41
77.97 80.93
77.74 80.48
77.51 80.03
77.27 79.59
76.99 79.15
76.65 78.7
76.25 78.23
75.75 77.75
75.17 77.25
74.53 76.73
73.84 76.21
73.13 75.69
72.45 75.2
71.8 74.73
71.19 74.28
70.62 73.84
70.08 73.4
69.56 72.96
69.05 72.5
68.57 72.04
68.12 71.58
67.7 71.14
67.35 70.72
67.04 70.33
66.79 69.96
66.57 69.61
66.34 69.25
66.11 68.9
65.86 68.53
65.59 68.16
65.3 67.79
65.02 67.42
64.73 67.06
64.46 66.7
64.19 66.36
63.93 66.02
63.66 65.7
63.41 65.4
63.18 65.11
62.97 64.84
62.77 64.58
62.57 64.32
62.37 64.08
62.19 63.85
61.97 63.75
61.72 63.64
61.74 63.6
61.66 63.71
