85.0 86.47
86.46 87.36
88.76 88.77
92.05 90.73
96.26 93.17
101.19 95.95
106.53 98.87
111.9 101.73
116.93 104.36
121.36 106.65
125.03 108.57
127.89 110.15
129.99 111.49
131.45 112.66
132.37 113.74
132.85 114.79
133.0 115.83
132.86 116.88
132.51 117.93
131.98 118.95
131.32 119.92
130.54 120.77
129.62 121.46
128.53 121.91
127.18 122.07
125.46 121.9
123.33 121.39
120.75 120.58
117.8 119.52
114.62 118.3
111.42 117.04
108.4 115.84
105.77 114.76
103.64 113.85
102.05 113.12
100.99 112.52
100.41 112.01
100.18 111.54
100.21 111.06
100.41 110.52
100.68 109.9
100.93 109.21
101.14 108.44
101.28 107.62
101.3 106.76
101.2 105.89
100.98 105.02
100.65 104.17
100.22 103.35
99.7 102.58
99.14 101.87
98.57 101.21
98.01 100.59
97.48 100.02
96.96 99.49
96.46 98.97
95.96 98.47
95.45 97.97
94.92 97.48
94.38 97.0
93.82 96.51
93.24 96.01
92.63 95.5
91.99 94.97
91.31 94.43
90.61 93.86
89.88 93.28
89.14 92.69
88.39 92.08
87.65 91.48
86.92 90.88
86.23 90.29
85.59 89.72
85.03 89.19
84.56 88.7
84.19 88.25
83.91 87.85
83.73 87.49
83.61 87.17
83.57 86.88
83.58 86.62
83.63 86.4
83.73 86.25
83.94 86.17
84.39 85.98
84.63 85.85
