73.0 73.51
74.85 74.46
77.85 76.03
82.03 78.23
87.19 80.99
92.97 84.14
98.96 87.45
104.76 90.68
110.05 93.65
114.56 96.23
118.14 98.37
120.73 100.06
122.32 101.35
123.0 102.31
122.95 103.05
122.39 103.67
121.5 104.28
120.42 104.93
119.24 105.66
118.01 106.45
116.71 107.23
115.35 107.95
113.94 108.55
112.54 109.0
111.19 109.3
109.93 109.47
108.72 109.52
107.54 109.47
106.32 109.29
105.01 108.97
103.56 108.47
101.95 107.78
100.19 106.9
98.33 105.87
96.43 104.73
94.56 103.52
92.84 102.31
91.35 101.13
90.15 100.04
89.27 99.08
88.73 98.26
88.52 97.59
88.59 97.06
88.9 96.64
89.37 96.28
89.94 95.94
90.54 95.6
91.08 95.22
91.51 94.8
91.76 94.32
91.8 93.79
91.63 93.22
91.29 92.61
90.82 92.0
90.24 91.4
89.59 90.83
88.91 90.28
88.19 89.75
87.45 89.25
86.72 88.77
86.0 88.3
85.29 87.83
84.58 87.37
83.88 86.9
83.19 86.43
82.52 85.96
81.88 85.48
81.25 85.0
80.64 84.51
80.05 84.02
79.48 83.53
78.93 83.04
78.42 82.54
77.95 82.05
77.5 81.55
77.06 81.05
76.63 80.55
76.19 80.04
75.76 79.52
75.32 79.01
74.9 78.5
74.53 78.02
74.22 77.57
73.98 77.17
73.82 76.81
73.71 76.5
73.63 76.23
73.58 75.97
73.5 75.72
73.39 75.45
73.26 75.18
73.1 74.88
72.91 74.58
72.7 74.27
72.48 73.98
72.25 73.7
72.03 73.44
71.83 73.21
71.7 73.03
71.7 72.93
71.78 72.96
71.94 73.04
72.25 73.38
