79.0 80.25
80.41 81.01
82.7 82.24
85.9 83.96
89.87 86.11
94.37 88.54
99.1 91.1
103.77 93.62
108.13 95.97
111.96 98.04
115.1 99.78
117.47 101.19
119.03 102.29
119.84 103.12
120.0 103.75
119.63 104.24
118.88 104.68
117.87 105.11
116.69 105.56
115.43 106.03
114.14 106.51
112.86 106.97
111.63 107.39
110.47 107.73
109.38 108.0
108.38 108.19
107.46 108.3
106.59 108.33
105.71 108.25
104.81 108.04
103.8 107.68
102.63 107.15
101.31 106.45
99.86 105.62
98.37 104.69
96.93 103.73
95.62 102.79
94.53 101.91
93.67 101.13
93.06 100.45
92.69 99.87
92.52 99.37
92.54 98.94
92.69 98.56
92.93 98.19
93.21 97.84
93.49 97.48
93.73 97.1
93.92 96.71
94.05 96.31
94.11 95.92
94.11 95.55
94.06 95.2
93.95 94.87
93.78 94.56
93.56 94.26
93.29 93.97
92.96 93.67
92.59 93.36
92.17 93.05
91.71 92.72
91.21 92.39
90.69 92.05
90.14 91.7
89.58 91.35
89.02 90.99
88.47 90.64
87.94 90.28
87.42 89.92
86.91 89.56
86.42 89.19
85.92 88.81
85.42 88.42
84.94 88.01
84.47 87.6
84.02 87.19
83.61 86.79
83.25 86.41
82.94 86.04
82.67 85.7
82.45 85.38
82.26 85.07
82.1 84.77
81.95 84.48
81.81 84.18
81.67 83.89
81.53 83.6
81.37 83.3
81.2 83.02
81.03 82.73
80.84 82.45
80.63 82.17
80.4 81.9
80.15 81.62
79.88 81.35
79.58 81.07
79.27 80.79
78.95 80.51
78.64 80.24
78.37 80.0
78.16 79.83
78.16 79.75
78.27 79.64
78.49 79.55
