79.0 81.05
80.77 81.95
83.72 83.48
87.87 85.66
92.99 88.37
98.68 91.39
104.45 94.48
109.9 97.37
114.64 99.88
118.42 101.88
121.09 103.32
122.59 104.26
123.0 104.75
122.49 104.95
121.3 104.97
119.7 104.95
117.89 104.99
116.02 105.16
114.21 105.47
112.52 105.89
110.97 106.37
109.57 106.85
108.32 107.25
107.2 107.55
106.21 107.74
105.34 107.81
104.57 107.8
103.89 107.71
103.25 107.53
102.59 107.26
101.86 106.86
101.01 106.33
99.99 105.64
98.81 104.8
97.51 103.84
96.13 102.79
94.77 101.71
93.51 100.65
92.41 99.66
91.54 98.77
90.89 98.0
90.47 97.35
90.26 96.81
90.23 96.36
90.33 95.96
90.52 95.59
90.73 95.24
90.91 94.86
91.04 94.46
91.09 94.03
91.04 93.57
90.9 93.09
90.68 92.61
90.38 92.13
90.02 91.67
89.59 91.21
89.12 90.77
88.61 90.33
88.07 89.9
87.51 89.47
86.95 89.05
86.39 88.64
85.86 88.24
85.34 87.85
84.86 87.48
84.4 87.11
83.94 86.74
83.49 86.37
83.04 85.98
82.59 85.59
82.16 85.2
81.75 84.81
81.37 84.43
81.02 84.06
80.7 83.7
80.39 83.34
80.09 82.99
79.78 82.63
79.5 82.28
79.31 81.99
79.25 81.78
79.26 81.66
79.45 81.63
