52.99 57.98
57.26 60.06
64.35 63.7
74.28 68.9
86.5 75.3
99.7 82.31
112.65 89.27
124.51 95.58
134.48 100.78
141.88 104.61
146.36 107.04
147.99 108.24
147.23 108.5
144.69 108.18
140.96 107.63
136.57 107.13
131.89 106.86
127.12 106.89
122.38 107.16
117.76 107.57
113.32 107.95
109.07 108.16
105.03 108.1
101.21 107.7
97.57 106.96
94.03 105.88
90.52 104.52
87.0 102.89
83.49 101.06
80.07 99.07
76.86 97.01
73.95 94.93
71.43 92.9
69.34 90.94
67.66 89.04
66.42 87.22
65.61 85.47
65.19 83.83
65.16 82.33
65.48 80.97
66.04 79.75
66.74 78.65
67.55 77.64
68.35 76.7
69.05 75.78
69.6 74.88
69.97 73.98
70.11 73.1
70.04 72.23
69.77 71.39
69.32 70.58
68.73 69.8
68.04 69.07
67.3 68.38
66.51 67.73
65.68 67.11
64.81 66.53
63.9 65.97
62.96 65.41
62.02 64.85
61.1 64.3
60.23 63.75
59.4 63.2
58.58 62.65
57.78 62.09
56.99 61.5
56.19 60.88
55.36 60.23
54.51 59.54
53.67 58.83
52.72 58.19
51.8 57.4
50.92 56.69
50.26 56.17
49.59 55.39
