79.0 79.5
80.31 80.18
82.36 81.24
85.2 82.72
88.72 84.58
92.72 86.73
96.95 89.05
101.2 91.42
105.3 93.74
109.24 95.99
113.01 98.17
116.61 100.3
119.95 102.38
122.89 104.37
125.25 106.21
126.91 107.82
127.81 109.17
128.0 110.24
127.57 111.07
126.69 111.73
125.49 112.28
124.13 112.78
122.7 113.25
121.28 113.72
119.95 114.17
118.74 114.62
117.67 115.06
116.74 115.49
115.92 115.87
115.2 116.19
114.53 116.41
113.85 116.48
113.11 116.37
112.23 116.06
111.17 115.55
109.93 114.86
108.54 114.03
107.05 113.09
105.56 112.11
104.17 111.12
102.92 110.18
101.87 109.3
101.04 108.51
100.44 107.81
100.05 107.21
99.86 106.68
99.82 106.2
99.91 105.77
100.06 105.36
100.26 104.96
100.45 104.57
100.61 104.17
100.74 103.78
100.85 103.4
100.92 103.02
100.92 102.67
100.86 102.32
100.73 101.97
100.51 101.63
100.24 101.3
99.93 100.97
99.59 100.66
99.23 100.35
98.86 100.06
98.46 99.77
98.04 99.46
97.57 99.13
97.03 98.76
96.42 98.35
95.72 97.9
94.98 97.41
94.21 96.91
93.41 96.4
92.62 95.88
91.87 95.37
91.15 94.87
90.46 94.37
89.82 93.87
89.2 93.36
88.59 92.84
87.99 92.31
87.4 91.77
86.86 91.24
86.4 90.73
86.03 90.26
85.74 89.83
85.52 89.43
85.35 89.06
85.21 88.71
85.07 88.36
84.92 87.99
84.75 87.61
84.54 87.22
84.29 86.8
84.0 86.38
83.68 85.95
83.35 85.53
83.01 85.13
82.66 84.74
82.32 84.37
81.99 84.03
81.68 83.73
81.4 83.45
81.17 83.21
80.98 82.99
80.84 82.79
80.74 82.61
80.69 82.45
80.67 82.31
80.69 82.18
80.71 82.05
80.7 81.92
80.66 81.77
80.58 81.6
80.45 81.42
80.31 81.23
80.17 81.05
80.02 80.89
79.88 80.73
79.75 80.59
79.62 80.46
79.49 80.33
79.38 80.2
79.26 80.09
79.08 80.02
78.93 79.89
78.89 79.82
79.05 79.89
79.45 79.78
