96.0 100.74
101.36 103.49
110.42 108.21
123.19 114.94
139.0 123.25
156.25 132.32
172.8 141.13
186.97 148.74
197.78 154.53
204.81 158.32
208.26 160.38
209.0 161.3
208.07 161.7
206.25 162.13
203.94 162.89
201.35 164.08
198.59 165.65
195.73 167.48
192.84 169.44
189.97 171.42
187.18 173.27
184.49 174.86
181.85 176.03
179.18 176.67
176.34 176.71
173.19 176.16
169.55 175.04
165.27 173.4
160.24 171.28
154.5 168.71
148.22 165.74
141.71 162.44
135.34 158.95
129.49 155.45
124.49 152.12
120.49 149.1
117.55 146.47
115.61 144.2
114.49 142.24
114.03 140.47
114.03 138.79
114.32 137.13
114.74 135.42
115.2 133.67
115.6 131.88
115.86 130.04
115.93 128.19
115.77 126.34
115.37 124.51
114.72 122.73
113.87 121.01
112.87 119.38
111.77 117.83
110.61 116.39
109.45 115.04
108.32 113.78
107.24 112.62
106.22 111.55
105.25 110.56
104.3 109.62
103.34 108.72
102.35 107.84
101.34 106.95
100.31 106.06
99.28 105.17
98.29 104.29
97.35 103.43
96.49 102.6
95.67 101.8
94.89 101.01
94.12 100.22
93.35 99.43
92.6 98.68
92.02 98.15
92.2 98.04
92.43 98.15
