71.99 73.32
75.43 75.13
81.96 78.39
91.33 83.09
102.27 88.82
113.27 94.82
122.71 100.2
129.39 104.27
133.24 106.84
135.22 108.16
136.21 108.78
136.71 109.26
136.97 109.99
137.0 111.06
136.59 112.33
135.49 113.53
133.54 114.45
130.76 114.98
127.35 115.16
123.54 115.09
119.57 114.84
115.64 114.46
111.93 113.92
108.52 113.21
105.45 112.37
102.73 111.47
100.34 110.61
98.19 109.85
96.25 109.16
94.45 108.43
92.72 107.54
91.05 106.39
89.43 104.98
87.97 103.4
86.76 101.78
85.87 100.26
85.33 98.92
85.13 97.78
85.18 96.82
85.4 95.96
85.7 95.16
86.02 94.37
86.32 93.57
86.57 92.76
86.75 91.96
86.85 91.18
86.85 90.42
86.75 89.7
86.55 89.0
86.25 88.34
85.87 87.71
85.42 87.14
84.93 86.61
84.4 86.12
83.84 85.66
83.28 85.23
82.72 84.8
82.16 84.39
81.6 83.98
81.05 83.58
80.51 83.18
79.98 82.79
79.47 82.42
78.98 82.04
78.5 81.65
78.02 81.27
77.57 80.88
77.15 80.49
76.78 80.11
76.44 79.74
76.16 79.4
75.92 79.07
75.73 78.76
75.58 78.47
75.48 78.2
75.38 77.93
75.29 77.67
75.18 77.4
75.03 77.11
74.84 76.81
74.6 76.49
74.33 76.16
74.03 75.83
73.72 75.51
73.43 75.19
73.12 74.89
72.82 74.61
72.52 74.35
72.33 74.19
72.32 74.1
72.34 74.05
72.74 74.22
