76.0 76.89
77.53 77.71
79.97 79.03
83.36 80.87
87.56 83.15
92.32 85.74
97.31 88.46
102.18 91.11
106.61 93.53
110.37 95.61
113.33 97.31
115.48 98.66
116.89 99.72
117.68 100.6
118.0 101.37
117.96 102.12
117.68 102.89
117.23 103.71
116.67 104.56
116.02 105.42
115.32 106.27
114.58 107.06
113.8 107.75
113.0 108.33
112.19 108.78
111.35 109.1
110.5 109.31
109.63 109.41
108.73 109.41
107.79 109.3
106.75 109.07
105.57 108.68
104.22 108.13
102.7 107.41
101.05 106.54
99.34 105.56
97.66 104.52
96.1 103.49
94.72 102.51
93.58 101.61
92.7 100.81
92.06 100.11
91.66 99.49
91.44 98.93
91.33 98.39
91.3 97.88
91.32 97.36
91.37 96.84
91.4 96.3
91.41 95.77
91.38 95.23
91.33 94.7
91.23 94.19
91.08 93.69
90.88 93.22
90.64 92.76
90.35 92.32
90.0 91.88
89.6 91.44
89.16 90.99
88.68 90.55
88.17 90.1
87.64 89.67
87.13 89.26
86.64 88.87
86.17 88.51
85.74 88.16
85.32 87.83
84.91 87.49
84.5 87.14
84.08 86.78
83.64 86.41
83.2 86.03
82.77 85.64
82.36 85.25
81.96 84.87
81.59 84.5
81.25 84.14
80.94 83.79
80.66 83.46
80.4 83.14
80.17 82.82
79.94 82.51
79.71 82.2
79.49 81.9
79.27 81.59
79.06 81.29
78.86 81.0
78.67 80.71
78.48 80.44
78.3 80.17
78.1 79.9
77.89 79.63
77.67 79.36
77.43 79.1
77.2 78.84
76.99 78.61
76.79 78.39
76.61 78.18
76.45 77.99
76.3 77.83
76.23 77.73
76.25 77.68
76.3 77.66
76.49 77.79
