68.0 68.6
69.69 69.53
72.38 71.0
76.19 73.06
81.07 75.7
86.76 78.78
92.85 82.09
98.85 85.36
104.24 88.34
108.62 90.8
111.75 92.63
113.51 93.81
114.0 94.42
113.39 94.59
111.96 94.5
110.01 94.31
107.8 94.16
105.53 94.15
103.37 94.31
101.41 94.64
99.72 95.12
98.3 95.68
97.18 96.26
96.32 96.82
95.7 97.3
95.29 97.69
95.04 97.98
94.92 98.18
94.84 98.28
94.75 98.26
94.53 98.12
94.11 97.8
93.4 97.29
92.39 96.58
91.11 95.68
89.66 94.65
88.18 93.57
86.8 92.53
85.64 91.58
84.76 90.79
84.17 90.17
83.87 89.7
83.83 89.36
83.98 89.12
84.3 88.95
84.74 88.81
85.22 88.69
85.71 88.55
86.15 88.39
86.5 88.19
86.72 87.94
86.8 87.64
86.73 87.29
86.49 86.92
86.1 86.51
85.59 86.09
84.97 85.65
84.28 85.2
83.55 84.74
82.81 84.29
82.08 83.84
81.36 83.41
80.67 83.0
80.01 82.6
79.39 82.21
78.81 81.84
78.3 81.48
77.83 81.12
77.4 80.76
77.0 80.4
76.64 80.04
76.29 79.67
75.96 79.29
75.64 78.91
75.33 78.52
75.03 78.14
74.74 77.75
74.46 77.37
74.18 76.99
73.92 76.62
73.66 76.26
73.41 75.91
73.18 75.57
72.96 75.24
72.75 74.93
72.56 74.63
72.37 74.34
72.17 74.06
71.98 73.79
71.77 73.52
71.57 73.26
71.37 73.01
71.18 72.77
70.99 72.54
70.82 72.33
70.66 72.12
70.51 71.92
70.37 71.73
70.22 71.54
70.06 71.34
69.9 71.15
69.73 70.96
69.55 70.77
69.38 70.58
69.21 70.4
69.04 70.22
68.88 70.05
68.74 69.89
68.63 69.76
68.59 69.67
68.54 69.59
68.49 69.54
68.49 69.41
68.27 69.24
67.92 69.03
67.59 68.81
67.3 68.6
67.07 68.52
66.92 68.42
66.85 68.36
66.97 68.38
