77.0 78.61
78.81 79.64
81.89 81.35
86.34 83.77
91.91 86.79
98.17 90.16
104.48 93.55
110.28 96.67
115.16 99.27
118.87 101.24
121.34 102.59
122.66 103.42
123.0 103.87
122.53 104.12
121.49 104.29
120.15 104.49
118.67 104.81
117.23 105.3
115.91 105.95
114.79 106.76
113.89 107.68
113.21 108.64
112.73 109.57
112.45 110.41
112.34 111.15
112.4 111.78
112.57 112.32
112.79 112.78
113.02 113.18
113.18 113.49
113.22 113.7
113.1 113.78
112.83 113.72
112.41 113.51
111.83 113.16
111.05 112.64
110.03 111.97
108.73 111.13
107.18 110.16
105.49 109.13
103.81 108.11
102.35 107.2
101.23 106.49
100.53 105.99
100.25 105.72
100.32 105.62
100.68 105.63
101.21 105.69
101.82 105.74
102.41 105.74
102.91 105.64
103.25 105.44
103.41 105.13
103.34 104.71
103.08 104.21
102.66 103.65
102.1 103.06
101.44 102.48
100.71 101.92
99.95 101.4
99.17 100.91
98.39 100.43
97.61 99.96
96.87 99.49
96.15 99.02
95.48 98.55
94.84 98.09
94.25 97.63
93.67 97.16
93.06 96.69
92.44 96.19
91.81 95.69
91.24 95.2
90.76 94.73
90.4 94.31
90.13 93.91
89.9 93.53
89.64 93.13
89.31 92.69
88.91 92.22
88.46 91.72
88.02 91.22
87.66 90.75
87.37 90.34
87.15 89.97
87.0 89.66
86.9 89.37
86.78 89.08
86.62 88.78
86.41 88.45
86.13 88.1
85.8 87.74
85.46 87.39
85.14 87.04
84.86 86.73
84.64 86.44
84.45 86.17
84.24 85.91
84.02 85.65
83.76 85.37
83.43 85.07
83.03 84.75
82.6 84.41
82.18 84.08
81.8 83.77
81.5 83.51
81.3 83.28
81.19 83.1
81.12 82.94
81.06 82.78
81.0 82.62
80.89 82.44
80.74 82.23
80.53 81.99
80.28 81.72
80.01 81.43
79.73 81.14
79.44 80.86
79.16 80.59
78.9 80.33
78.64 80.09
78.39 79.85
78.11 79.6
77.78 79.33
77.39 79.03
76.97 78.73
76.57 78.45
76.33 78.24
76.07 78.03
75.96 77.91
76.11 77.81
75.84 77.55
