85.0 86.97
86.84 87.95
89.75 89.55
93.82 91.78
98.94 94.57
104.85 97.76
111.15 101.15
117.43 104.48
123.25 107.54
128.24 110.16
132.15 112.26
134.88 113.83
136.46 114.92
137.0 115.65
136.67 116.12
135.66 116.45
134.14 116.72
132.28 116.99
130.21 117.28
128.01 117.6
125.8 117.91
123.61 118.18
121.49 118.39
119.47 118.49
117.59 118.49
115.84 118.37
114.21 118.12
112.66 117.76
111.15 117.26
109.6 116.6
107.96 115.77
106.21 114.78
104.38 113.63
102.53 112.37
100.76 111.06
99.14 109.76
97.77 108.53
96.7 107.41
95.94 106.41
95.5 105.55
95.35 104.82
95.46 104.2
95.79 103.68
96.29 103.23
96.9 102.83
97.56 102.46
98.21 102.11
98.81 101.75
99.29 101.38
99.65 100.99
99.86 100.59
99.92 100.19
99.82 99.78
99.58 99.36
99.17 98.93
98.62 98.47
97.94 97.99
97.16 97.5
96.3 97.0
95.42 96.51
94.53 96.02
93.65 95.56
92.83 95.13
92.06 94.71
91.35 94.31
90.71 93.93
90.13 93.54
89.59 93.16
89.09 92.76
88.62 92.35
88.17 91.92
87.72 91.48
87.29 91.02
86.87 90.55
86.45 90.07
86.05 89.59
85.65 89.11
85.26 88.63
84.87 88.16
84.49 87.69
84.1 87.22
83.72 86.76
83.36 86.31
83.06 85.91
82.85 85.58
82.82 85.37
83.0 85.3
83.52 85.37
