81.0 84.69
84.43 86.42
90.12 89.36
98.11 93.55
108.05 98.77
119.09 104.61
130.24 110.55
140.57 116.07
149.38 120.74
156.14 124.34
160.6 126.81
162.8 128.26
163.0 128.92
161.57 129.05
158.99 128.92
155.7 128.76
152.02 128.72
148.21 128.9
144.43 129.28
140.77 129.79
137.23 130.31
133.8 130.7
130.45 130.83
127.12 130.61
123.77 130.0
120.34 129.01
116.84 127.7
113.3 126.15
109.79 124.42
106.39 122.6
103.18 120.74
100.29 118.89
97.8 117.1
95.76 115.39
94.25 113.79
93.28 112.32
92.81 110.98
92.78 109.77
93.13 108.68
93.79 107.7
94.65 106.82
95.66 106.01
96.73 105.26
97.77 104.54
98.67 103.83
99.4 103.11
99.86 102.36
100.04 101.6
99.95 100.81
99.59 100.03
99.03 99.25
98.32 98.51
97.51 97.81
96.64 97.17
95.72 96.56
94.78 95.99
93.79 95.44
92.78 94.89
91.77 94.35
90.79 93.81
89.86 93.3
89.01 92.8
88.25 92.33
87.55 91.86
86.89 91.38
86.24 90.87
85.57 90.32
84.88 89.73
84.16 89.1
83.42 88.43
82.68 87.74
81.94 87.03
81.25 86.33
80.61 85.65
80.1 85.05
79.88 84.62
80.06 84.49
80.3 84.3
80.93 84.24
