65.99 66.79
67.68 67.71
70.59 69.24
74.71 71.42
79.74 74.11
85.17 77.06
90.47 79.99
95.25 82.66
99.31 84.92
102.57 86.72
104.97 88.08
106.45 89.05
107.0 89.69
106.7 90.05
105.7 90.2
104.18 90.21
102.31 90.16
100.23 90.12
98.09 90.14
95.98 90.23
94.01 90.39
92.21 90.56
90.62 90.72
89.26 90.81
88.11 90.85
87.15 90.83
86.38 90.77
85.74 90.68
85.22 90.54
84.76 90.34
84.33 90.05
83.86 89.64
83.32 89.1
82.64 88.42
81.82 87.64
80.92 86.78
80.02 85.89
79.22 85.04
78.63 84.29
78.28 83.67
78.19 83.2
78.31 82.86
78.61 82.64
79.03 82.5
79.55 82.4
80.13 82.35
80.72 82.3
81.27 82.26
81.75 82.2
82.12 82.12
82.37 81.99
82.48 81.83
82.46 81.64
82.31 81.44
82.06 81.22
81.7 81.0
81.29 80.78
80.81 80.55
80.29 80.31
79.75 80.07
79.2 79.82
78.64 79.56
78.09 79.3
77.54 79.04
77.01 78.77
76.5 78.5
76.01 78.21
75.53 77.91
75.05 77.6
74.58 77.26
74.1 76.91
73.64 76.54
73.19 76.17
72.77 75.79
72.37 75.42
72.01 75.05
71.68 74.68
71.38 74.33
71.11 73.98
70.85 73.63
70.6 73.29
70.36 72.95
70.12 72.62
69.9 72.29
69.69 71.97
69.49 71.66
69.31 71.37
69.15 71.1
69.0 70.83
68.85 70.58
68.69 70.34
68.53 70.1
68.37 69.86
68.21 69.64
68.07 69.43
67.93 69.22
67.79 69.02
67.64 68.83
67.48 68.64
67.3 68.44
67.12 68.25
66.95 68.06
66.78 67.87
66.61 67.7
66.45 67.53
66.3 67.37
66.16 67.22
66.0 67.06
65.84 66.9
65.69 66.74
65.54 66.58
65.42 66.45
65.3 66.3
65.16 66.15
65.04 65.98
64.83 65.79
64.62 65.58
64.48 65.45
64.5 65.47
64.62 65.55
65.0 65.75
