81.0 82.29
83.18 83.41
87.1 85.39
92.77 88.27
99.67 91.84
106.92 95.69
113.46 99.28
118.49 102.15
121.64 104.03
123.0 104.9
122.93 104.99
121.91 104.63
120.37 104.17
118.69 103.88
117.1 103.88
115.68 104.18
114.36 104.69
113.07 105.32
111.74 105.95
110.32 106.51
108.85 106.93
107.37 107.18
105.92 107.22
104.55 107.07
103.27 106.74
102.1 106.3
101.0 105.8
99.92 105.28
98.78 104.72
97.48 104.08
96.02 103.33
94.48 102.44
92.97 101.45
91.66 100.43
90.69 99.47
90.12 98.65
89.9 97.99
89.95 97.47
90.18 97.05
90.47 96.68
90.76 96.29
91.0 95.88
91.18 95.42
91.3 94.94
91.37 94.44
91.38 93.94
91.34 93.46
91.25 93.0
91.11 92.57
90.93 92.17
90.69 91.81
90.41 91.48
90.09 91.18
89.73 90.88
89.33 90.58
88.92 90.26
88.49 89.92
88.04 89.58
87.59 89.25
87.17 88.94
86.78 88.65
86.43 88.39
86.11 88.15
85.79 87.91
85.46 87.66
85.13 87.39
84.78 87.1
84.42 86.79
84.07 86.48
83.72 86.15
83.39 85.82
83.07 85.5
82.76 85.17
82.46 84.85
82.17 84.54
81.9 84.23
81.63 83.93
81.37 83.63
81.12 83.35
80.89 83.07
80.69 82.84
80.58 82.64
80.61 82.51
80.77 82.62
81.13 82.82
