76.0 78.33
78.51 79.64
82.51 81.77
88.01 84.74
94.85 88.43
102.68 92.66
111.08 97.2
119.57 101.77
127.68 106.14
134.94 110.08
140.98 113.45
145.55 116.17
148.55 118.2
150.0 119.61
149.98 120.49
148.69 120.94
146.33 121.1
143.15 121.06
139.37 120.92
135.23 120.72
130.92 120.48
126.62 120.19
122.44 119.85
118.47 119.43
114.73 118.9
111.21 118.24
107.85 117.4
104.63 116.37
101.54 115.15
98.61 113.76
95.87 112.24
93.37 110.65
91.17 109.03
89.3 107.41
87.74 105.81
86.5 104.25
85.56 102.74
84.89 101.28
84.46 99.88
84.25 98.54
84.23 97.28
84.36 96.09
84.61 94.97
84.91 93.92
85.23 92.92
85.51 91.98
85.71 91.08
85.83 90.22
85.83 89.4
85.72 88.62
85.49 87.88
85.14 87.17
84.7 86.49
84.18 85.84
83.59 85.22
82.96 84.63
82.31 84.08
81.66 83.56
81.01 83.08
80.38 82.64
79.78 82.21
79.21 81.82
78.68 81.44
78.2 81.09
77.78 80.75
77.39 80.41
77.02 80.06
76.64 79.69
76.22 79.29
75.75 78.85
75.26 78.41
74.85 78.05
74.64 77.77
74.5 77.71
74.62 77.75
75.02 77.89
