82.0 82.68
83.44 83.47
85.72 84.73
88.93 86.49
93.01 88.73
97.75 91.32
102.81 94.08
107.8 96.8
112.36 99.28
116.17 101.36
119.04 102.99
120.92 104.14
121.86 104.9
122.0 105.37
121.51 105.67
120.6 105.92
119.44 106.21
118.18 106.58
116.93 107.07
115.74 107.64
114.65 108.28
113.68 108.94
112.84 109.55
112.09 110.1
111.45 110.54
110.9 110.87
110.39 111.07
109.84 111.12
109.15 110.98
108.22 110.64
106.96 110.06
105.37 109.26
103.54 108.29
101.61 107.21
99.77 106.14
98.18 105.15
96.94 104.32
96.1 103.66
95.64 103.17
95.5 102.81
95.6 102.52
95.86 102.26
96.2 101.98
96.53 101.66
96.83 101.28
97.06 100.85
97.17 100.37
97.18 99.84
97.07 99.29
96.84 98.74
96.5 98.19
96.1 97.66
95.63 97.16
95.13 96.7
94.6 96.25
94.04 95.81
93.45 95.36
92.83 94.9
92.19 94.43
91.54 93.95
90.9 93.48
90.28 93.02
89.71 92.59
89.19 92.18
88.73 91.8
88.32 91.45
87.98 91.12
87.69 90.81
87.43 90.49
87.19 90.18
86.93 89.84
86.65 89.48
86.33 89.1
85.99 88.7
85.62 88.28
85.25 87.85
84.86 87.42
84.47 86.99
84.06 86.56
83.66 86.15
83.26 85.75
82.87 85.36
82.5 84.99
82.15 84.63
81.84 84.3
81.56 83.98
81.32 83.68
81.12 83.4
80.95 83.15
80.82 82.92
80.73 82.7
80.66 82.52
80.63 82.35
80.64 82.23
80.75 82.19
81.06 82.29
81.66 82.5
82.36 82.85
