48.99 54.05
55.18 57.3
66.23 62.97
81.42 71.03
99.81 80.82
119.1 91.14
136.53 100.75
150.75 108.68
161.41 114.43
168.23 117.91
170.99 119.37
170.0 119.32
166.08 118.3
160.22 116.82
153.25 115.27
145.71 113.88
137.88 112.77
129.87 111.93
121.77 111.28
113.72 110.65
105.84 109.86
98.24 108.71
91.05 107.12
84.4 105.09
78.41 102.76
73.21 100.33
68.89 98.01
65.48 95.91
62.94 94.04
61.13 92.32
59.9 90.63
59.12 88.91
58.69 87.08
58.52 85.12
58.53 83.06
58.7 80.93
58.98 78.78
59.35 76.67
59.76 74.67
60.16 72.81
60.49 71.09
60.7 69.49
60.79 68.01
60.74 66.63
60.58 65.36
60.34 64.19
60.06 63.15
59.76 62.24
59.45 61.44
59.11 60.75
58.72 60.15
58.26 59.61
57.73 59.11
57.14 58.64
56.49 58.17
55.78 57.7
55.0 57.2
54.13 56.65
53.19 56.06
52.19 55.43
51.17 54.76
50.17 54.08
49.18 53.4
48.18 52.73
47.33 52.25
47.16 52.35
46.97 52.42
