66.0 66.5
67.7 67.41
70.43 68.84
74.22 70.85
78.99 73.4
84.43 76.36
90.21 79.54
95.94 82.73
101.29 85.74
106.0 88.43
109.85 90.71
112.75 92.57
114.69 94.02
115.72 95.13
116.0 95.98
115.65 96.68
114.85 97.29
113.76 97.9
112.5 98.56
111.19 99.28
109.93 100.06
108.77 100.88
107.74 101.69
106.86 102.46
106.1 103.16
105.47 103.77
104.93 104.27
104.43 104.66
103.94 104.94
103.43 105.08
102.83 105.08
102.11 104.92
101.22 104.59
100.14 104.07
98.81 103.35
97.25 102.43
95.47 101.34
93.55 100.12
91.6 98.83
89.72 97.54
88.02 96.31
86.57 95.2
85.42 94.23
84.58 93.4
84.05 92.71
83.82 92.15
83.85 91.7
84.08 91.31
84.46 90.97
84.91 90.65
85.37 90.31
85.76 89.94
86.03 89.52
86.17 89.06
86.16 88.56
86.01 88.03
85.74 87.49
85.36 86.95
84.89 86.41
84.35 85.88
83.73 85.35
83.06 84.83
82.37 84.32
81.67 83.83
80.97 83.35
80.29 82.89
79.63 82.45
78.98 82.01
78.35 81.57
77.73 81.13
77.13 80.69
76.56 80.24
76.01 79.79
75.5 79.34
75.02 78.89
74.58 78.45
74.16 78.01
73.75 77.57
73.35 77.13
72.96 76.68
72.58 76.23
72.23 75.79
71.92 75.37
71.66 74.97
71.43 74.59
71.23 74.23
71.02 73.87
70.8 73.52
70.56 73.16
70.3 72.81
70.03 72.45
69.78 72.11
69.56 71.79
69.37 71.5
69.21 71.23
69.09 70.99
68.98 70.77
68.89 70.58
68.8 70.39
68.72 70.22
68.64 70.05
68.55 69.89
68.45 69.72
68.34 69.55
68.23 69.38
68.11 69.22
67.99 69.05
67.87 68.89
67.73 68.73
67.58 68.57
67.41 68.42
67.25 68.26
67.12 68.12
67.09 68.03
67.18 67.97
67.34 67.96
67.61 68.04
68.05 68.2
68.5 68.53
68.87 68.22
