74.0 73.94
76.24 75.2
79.63 77.09
84.31 79.68
90.28 82.98
97.34 86.85
105.07 91.09
112.87 95.38
120.09 99.41
126.19 102.91
130.86 105.72
134.06 107.83
135.96 109.37
136.84 110.53
137.0 111.51
136.65 112.47
135.97 113.51
135.07 114.66
134.04 115.9
132.95 117.18
131.84 118.47
130.74 119.69
129.66 120.82
128.57 121.8
127.47 122.59
126.35 123.17
125.21 123.55
124.04 123.74
122.86 123.78
121.66 123.71
120.46 123.54
119.25 123.27
118.0 122.88
116.67 122.32
115.18 121.55
113.48 120.56
111.54 119.33
109.41 117.91
107.18 116.37
104.99 114.78
102.92 113.21
101.05 111.72
99.41 110.34
98.04 109.07
96.93 107.91
96.07 106.86
95.43 105.89
94.98 104.99
94.64 104.12
94.38 103.26
94.14 102.4
93.91 101.54
93.67 100.66
93.4 99.79
93.1 98.92
92.75 98.08
92.37 97.27
91.95 96.49
91.49 95.74
90.98 95.01
90.43 94.29
89.85 93.58
89.23 92.88
88.61 92.2
87.96 91.53
87.3 90.88
86.62 90.24
85.94 89.61
85.26 89.01
84.64 88.43
84.07 87.89
83.55 87.38
83.08 86.9
82.64 86.43
82.21 85.97
81.77 85.5
81.33 85.01
80.88 84.52
80.43 84.02
79.99 83.53
79.59 83.06
79.22 82.61
78.89 82.17
78.6 81.76
78.3 81.35
77.98 80.94
77.66 80.54
77.33 80.14
77.02 79.76
76.73 79.39
76.46 79.03
76.19 78.68
75.93 78.33
75.66 77.99
75.4 77.65
75.13 77.32
74.85 76.99
74.58 76.67
74.32 76.38
74.09 76.1
73.89 75.84
73.73 75.61
73.59 75.39
73.46 75.18
73.33 74.97
73.18 74.77
73.04 74.56
72.9 74.36
72.77 74.16
72.65 73.97
72.54 73.79
72.45 73.63
72.39 73.48
72.34 73.36
72.34 73.26
72.39 73.21
72.54 73.22
72.64 73.23
72.78 73.29
73.17 73.52
74.02 73.79
74.28 74.12
