67.0 68.58
68.81 69.57
71.7 71.14
75.73 73.32
80.81 76.06
86.68 79.21
92.91 82.54
99.05 85.82
104.69 88.82
109.48 91.39
113.22 93.47
115.85 95.05
117.4 96.2
118.0 97.01
117.77 97.58
116.87 97.98
115.43 98.28
113.57 98.52
111.4 98.72
109.03 98.88
106.54 98.99
103.97 99.03
101.39 98.96
98.86 98.76
96.42 98.44
94.07 97.98
91.84 97.41
89.73 96.73
87.71 95.96
85.77 95.09
83.9 94.13
82.09 93.06
80.34 91.89
78.66 90.63
77.09 89.3
75.61 87.93
74.27 86.55
73.09 85.18
72.07 83.85
71.22 82.59
70.55 81.4
70.06 80.29
69.72 79.27
69.53 78.33
69.47 77.47
69.51 76.69
69.63 75.99
69.82 75.35
70.06 74.79
70.34 74.3
70.65 73.87
70.96 73.5
71.27 73.18
71.55 72.9
71.78 72.66
71.97 72.44
72.09 72.24
72.14 72.05
72.12 71.86
72.02 71.67
71.84 71.48
71.59 71.28
71.29 71.08
70.95 70.88
70.59 70.69
70.23 70.5
69.88 70.32
69.51 70.14
69.11 69.94
68.69 69.74
68.24 69.52
67.78 69.28
67.32 69.03
66.88 68.77
66.46 68.5
66.07 68.23
65.7 67.96
65.41 67.73
65.22 67.56
65.25 67.53
65.48 67.64
65.92 67.79
