69.99 73.52
73.0 75.13
78.19 77.89
85.56 81.79
94.6 86.58
104.46 91.86
114.3 97.16
123.5 102.09
131.71 106.45
138.76 110.14
144.46 113.17
148.64 115.58
151.15 117.4
151.99 118.67
151.28 119.44
149.25 119.79
146.21 119.85
142.45 119.78
138.25 119.69
133.82 119.63
129.35 119.57
124.92 119.45
120.62 119.17
116.45 118.67
112.39 117.9
108.39 116.87
104.42 115.6
100.48 114.12
96.61 112.44
92.9 110.62
89.49 108.69
86.5 106.75
84.02 104.87
82.12 103.12
80.8 101.54
80.01 100.11
79.65 98.78
79.62 97.52
79.83 96.28
80.18 95.03
80.59 93.78
81.04 92.54
81.48 91.32
81.86 90.14
82.16 88.99
82.34 87.9
82.39 86.85
82.29 85.86
82.04 84.93
81.65 84.04
81.14 83.21
80.52 82.42
79.83 81.67
79.09 80.95
78.3 80.27
77.48 79.62
76.65 79.01
75.85 78.44
75.1 77.92
74.41 77.44
73.79 76.99
73.19 76.54
72.58 76.08
71.93 75.59
71.25 75.06
70.55 74.51
69.89 73.95
69.29 73.41
68.8 72.95
68.47 72.67
68.44 72.6
68.55 72.67
68.86 73.01
