68.0 68.9
70.11 70.03
73.64 71.92
78.63 74.6
84.78 77.92
91.57 81.63
98.45 85.44
104.96 89.06
110.75 92.26
115.51 94.93
119.04 96.98
121.21 98.43
122.0 99.29
121.5 99.65
119.98 99.63
117.68 99.37
114.87 99.02
111.82 98.72
108.72 98.54
105.74 98.54
103.02 98.68
100.61 98.93
98.56 99.2
96.89 99.45
95.57 99.64
94.54 99.77
93.76 99.82
93.19 99.8
92.76 99.7
92.41 99.48
92.05 99.13
91.62 98.63
91.05 97.96
90.3 97.13
89.4 96.19
88.4 95.17
87.43 94.14
86.57 93.16
85.88 92.27
85.41 91.51
85.18 90.9
85.17 90.43
85.41 90.1
85.87 89.9
86.52 89.81
87.32 89.82
88.19 89.88
89.07 89.98
89.89 90.07
90.61 90.12
91.16 90.13
91.55 90.08
91.74 89.98
91.71 89.82
91.44 89.6
90.96 89.33
90.28 88.99
89.45 88.6
88.54 88.19
87.61 87.77
86.7 87.38
85.83 87.03
85.01 86.7
84.24 86.39
83.51 86.07
82.83 85.74
82.18 85.38
81.55 84.99
80.96 84.59
80.42 84.17
79.93 83.75
79.47 83.33
79.02 82.9
78.6 82.46
78.19 82.01
77.77 81.54
77.34 81.07
76.94 80.58
76.55 80.1
76.17 79.62
75.8 79.15
75.43 78.67
75.06 78.2
74.67 77.72
74.26 77.24
73.84 76.75
73.41 76.28
72.99 75.82
72.59 75.39
72.26 75.01
72.01 74.66
71.81 74.35
71.65 74.05
71.49 73.76
71.29 73.46
71.04 73.14
70.77 72.81
70.48 72.47
70.18 72.13
69.88 71.81
69.58 71.49
69.28 71.19
69.01 70.9
68.81 70.65
68.67 70.43
68.59 70.25
68.55 70.09
68.5 69.94
68.43 69.77
68.3 69.58
68.12 69.36
67.92 69.11
67.74 68.88
67.43 68.7
67.04 68.48
66.72 68.16
66.4 67.88
66.05 67.57
65.85 67.23
65.75 66.99
65.77 66.91
65.66 66.73
65.33 66.5
65.12 66.22
