84.0 85.17
85.66 85.98
88.38 87.36
92.17 89.31
96.85 91.77
102.09 94.57
107.44 97.47
112.49 100.24
116.91 102.69
120.5 104.72
123.15 106.29
124.89 107.44
125.79 108.26
126.0 108.85
125.64 109.29
124.86 109.68
123.79 110.05
122.52 110.45
121.14 110.88
119.71 111.35
118.3 111.83
116.94 112.29
115.66 112.69
114.49 113.02
113.4 113.24
112.41 113.35
111.46 113.35
110.51 113.24
109.5 113.0
108.36 112.61
107.08 112.06
105.66 111.36
104.17 110.54
102.67 109.63
101.28 108.7
100.07 107.79
99.07 106.95
98.31 106.19
97.82 105.52
97.56 104.94
97.48 104.42
97.54 103.96
97.69 103.53
97.88 103.11
98.1 102.71
98.31 102.3
98.51 101.89
98.65 101.48
98.73 101.06
98.72 100.63
98.6 100.19
98.37 99.75
98.03 99.31
97.62 98.86
97.14 98.42
96.6 97.98
96.03 97.54
95.44 97.11
94.84 96.68
94.24 96.26
93.66 95.85
93.11 95.46
92.59 95.09
92.09 94.73
91.6 94.38
91.13 94.03
90.66 93.66
90.19 93.28
89.74 92.88
89.31 92.48
88.9 92.09
88.51 91.69
88.13 91.31
87.79 90.93
87.47 90.56
87.19 90.2
86.94 89.85
86.73 89.52
86.55 89.2
86.4 88.9
86.24 88.6
86.09 88.3
85.94 88.01
85.78 87.72
85.6 87.44
85.42 87.16
85.21 86.89
85.0 86.62
84.76 86.35
84.49 86.07
84.18 85.77
83.83 85.46
83.46 85.15
83.14 84.88
82.97 84.72
83.1 84.67
83.47 84.45
