70.0 71.17
72.64 72.55
77.07 74.84
83.21 78.07
90.64 82.05
98.72 86.48
106.87 91.05
114.72 95.49
122.14 99.68
129.11 103.61
135.65 107.35
141.65 110.94
146.94 114.39
151.36 117.66
154.82 120.69
157.31 123.45
158.92 125.95
159.78 128.23
160.0 130.37
159.68 132.38
158.93 134.27
157.83 136.01
156.46 137.54
154.87 138.85
153.09 139.93
151.19 140.81
149.18 141.53
147.11 142.1
145.01 142.52
142.92 142.76
140.85 142.8
138.78 142.61
136.67 142.18
134.43 141.47
131.96 140.46
129.18 139.14
126.08 137.49
122.74 135.55
119.3 133.41
115.94 131.18
112.87 128.98
110.18 126.89
107.93 124.96
106.11 123.22
104.7 121.63
103.61 120.16
102.79 118.77
102.19 117.43
101.78 116.13
101.5 114.86
101.35 113.63
101.29 112.43
101.25 111.26
101.2 110.13
101.12 109.03
100.98 107.98
100.74 106.96
100.4 105.98
99.97 105.03
99.45 104.1
98.84 103.19
98.16 102.29
97.44 101.41
96.69 100.56
95.91 99.75
95.11 98.97
94.28 98.23
93.43 97.5
92.54 96.78
91.63 96.06
90.69 95.32
89.74 94.56
88.78 93.81
87.85 93.06
86.96 92.33
86.14 91.63
85.38 90.94
84.66 90.26
83.96 89.58
83.25 88.9
82.54 88.19
81.84 87.48
81.17 86.76
80.55 86.06
80.0 85.38
79.52 84.74
79.09 84.13
78.69 83.54
78.31 82.96
77.9 82.39
77.48 81.82
77.03 81.24
76.58 80.66
76.16 80.11
75.8 79.6
75.51 79.13
75.28 78.71
75.11 78.33
74.97 77.98
74.82 77.64
74.64 77.3
74.46 76.97
74.26 76.63
74.03 76.29
73.8 75.95
73.55 75.62
73.31 75.31
73.07 75.0
72.83 74.72
72.6 74.44
72.35 74.17
72.08 73.9
71.81 73.66
71.66 73.48
71.61 73.37
71.54 73.29
71.46 73.17
71.44 73.01
