97.0 100.82
99.76 102.25
104.19 104.59
110.34 107.85
117.99 111.92
126.7 116.52
135.84 121.34
144.77 126.02
152.9 130.23
159.71 133.76
164.88 136.49
168.25 138.42
169.88 139.66
170.0 140.36
168.91 140.72
166.92 140.91
164.31 141.06
161.3 141.26
158.04 141.53
154.65 141.82
151.23 142.09
147.82 142.26
144.43 142.24
141.06 141.99
137.67 141.44
134.24 140.61
130.8 139.5
127.36 138.18
124.02 136.71
120.9 135.17
118.09 133.64
115.7 132.18
113.79 130.83
112.38 129.6
111.45 128.47
110.96 127.43
110.85 126.45
111.04 125.5
111.45 124.58
112.0 123.67
112.61 122.77
113.22 121.87
113.77 120.97
114.21 120.08
114.52 119.2
114.69 118.34
114.7 117.5
114.56 116.7
114.25 115.94
113.8 115.19
113.22 114.47
112.52 113.77
111.74 113.09
110.91 112.44
110.07 111.83
109.23 111.25
108.41 110.72
107.62 110.21
106.84 109.72
106.09 109.24
105.35 108.75
104.62 108.26
103.91 107.74
103.18 107.19
102.45 106.62
101.69 106.01
100.91 105.37
100.11 104.7
99.3 104.0
98.5 103.29
97.7 102.58
96.94 101.89
96.24 101.23
95.65 100.64
95.29 100.21
95.35 100.01
95.94 100.04
96.91 100.3
