78.0 80.39
80.55 81.71
84.82 83.94
90.85 87.14
98.39 91.13
106.76 95.59
115.14 100.08
122.75 104.16
129.01 107.5
133.55 109.89
136.19 111.33
137.0 111.94
136.25 111.93
134.39 111.58
131.85 111.15
128.98 110.83
126.1 110.75
123.41 110.97
121.0 111.48
118.9 112.2
117.1 113.01
115.57 113.8
114.25 114.46
113.11 114.94
112.14 115.19
111.28 115.24
110.5 115.13
109.74 114.86
108.91 114.46
107.91 113.89
106.64 113.1
105.02 112.08
103.08 110.82
100.9 109.38
98.67 107.83
96.6 106.3
94.86 104.89
93.58 103.7
92.8 102.73
92.44 101.99
92.42 101.42
92.63 100.96
92.99 100.54
93.41 100.13
93.83 99.69
94.2 99.21
94.48 98.69
94.65 98.13
94.69 97.53
94.6 96.91
94.36 96.28
93.98 95.64
93.47 95.02
92.84 94.4
92.14 93.81
91.39 93.22
90.61 92.65
89.83 92.09
89.07 91.53
88.32 90.99
87.58 90.47
86.88 89.97
86.24 89.51
85.66 89.07
85.15 88.66
84.7 88.27
84.29 87.88
83.91 87.49
83.53 87.08
83.14 86.64
82.74 86.19
82.31 85.71
81.85 85.21
81.36 84.7
80.85 84.17
80.31 83.63
79.75 83.08
79.16 82.52
78.58 81.97
78.01 81.42
77.46 80.89
76.96 80.38
76.53 79.92
76.17 79.52
75.94 79.21
75.92 79.07
76.26 79.11
76.89 79.4
