62.99 64.9
65.12 66.05
68.51 67.87
73.21 70.4
79.1 73.56
85.86 77.19
93.02 81.03
100.09 84.83
106.62 88.35
112.24 91.41
116.74 93.93
120.01 95.9
122.07 97.38
123.0 98.46
122.95 99.24
122.13 99.84
120.72 100.33
118.87 100.76
116.67 101.17
114.22 101.53
111.6 101.83
108.87 102.02
106.1 102.08
103.33 101.98
100.59 101.72
97.95 101.29
95.39 100.72
92.93 100.01
90.55 99.17
88.24 98.21
86.02 97.14
83.86 95.95
81.8 94.67
79.9 93.34
78.2 91.98
76.75 90.64
75.59 89.35
74.75 88.15
74.21 87.03
73.96 86.01
73.93 85.08
74.07 84.23
74.35 83.45
74.74 82.72
75.19 82.06
75.69 81.44
76.2 80.88
76.69 80.38
77.14 79.92
77.54 79.51
77.86 79.14
78.12 78.8
78.26 78.49
78.28 78.19
78.17 77.89
77.96 77.6
77.67 77.31
77.34 77.03
76.95 76.77
76.52 76.51
76.05 76.25
75.53 76.0
74.96 75.74
74.39 75.48
73.82 75.21
73.24 74.93
72.68 74.65
72.14 74.36
71.64 74.06
71.17 73.77
70.75 73.47
70.35 73.16
69.97 72.86
69.62 72.55
69.29 72.23
68.97 71.9
68.66 71.57
68.35 71.22
68.04 70.85
67.71 70.48
67.38 70.11
67.06 69.73
66.73 69.35
66.39 68.97
66.04 68.58
65.69 68.19
65.3 67.79
64.88 67.38
64.42 66.95
63.92 66.51
63.4 66.06
62.91 65.64
62.54 65.3
62.4 65.14
62.7 65.18
63.3 65.39
