87.0 88.55
88.8 89.48
91.82 91.06
95.93 93.24
100.8 95.86
106.02 98.72
111.23 101.61
116.34 104.43
121.36 107.14
126.19 109.7
130.55 112.05
134.04 114.05
136.26 115.54
137.0 116.43
136.29 116.69
134.38 116.43
131.6 115.84
128.28 115.12
124.72 114.44
121.17 113.9
117.76 113.51
114.59 113.21
111.71 112.94
109.15 112.66
106.9 112.36
104.95 112.04
103.3 111.69
101.89 111.28
100.65 110.76
99.52 110.09
98.44 109.25
97.39 108.26
96.39 107.19
95.46 106.11
94.67 105.06
94.05 104.09
93.6 103.18
93.34 102.35
93.27 101.59
93.36 100.9
93.61 100.28
93.99 99.75
94.48 99.3
95.05 98.94
95.64 98.63
96.22 98.37
96.75 98.12
97.18 97.89
97.5 97.64
97.69 97.4
97.74 97.14
97.67 96.89
97.46 96.62
97.14 96.35
96.71 96.07
96.18 95.78
95.6 95.48
94.97 95.18
94.32 94.89
93.68 94.6
93.07 94.33
92.49 94.07
91.95 93.81
91.45 93.55
90.97 93.29
90.52 93.01
90.07 92.71
89.63 92.39
89.21 92.06
88.82 91.72
88.46 91.38
88.14 91.04
87.84 90.71
87.56 90.39
87.3 90.06
87.05 89.74
86.82 89.42
86.62 89.11
86.45 88.81
86.3 88.54
86.19 88.33
86.11 88.14
86.15 88.06
86.23 88.02
