57.0 60.51
60.1 61.98
65.28 64.55
72.43 68.23
81.15 72.77
90.58 77.75
99.81 82.72
108.28 87.27
115.54 91.08
121.11 93.99
124.64 95.91
126.0 96.89
125.34 97.05
123.03 96.6
119.49 95.77
115.18 94.78
110.46 93.82
105.6 93.03
100.78 92.44
96.11 92.0
91.69 91.63
87.57 91.21
83.74 90.65
80.19 89.89
76.9 88.91
73.83 87.73
70.95 86.4
68.28 84.96
65.88 83.45
63.79 81.91
62.05 80.38
60.69 78.93
59.75 77.59
59.24 76.37
59.17 75.29
59.52 74.36
60.27 73.55
61.32 72.86
62.6 72.28
64.01 71.78
65.45 71.36
66.87 70.98
68.22 70.65
69.42 70.34
70.43 70.05
71.24 69.78
71.81 69.51
72.13 69.26
72.21 69.01
72.06 68.75
71.69 68.47
71.14 68.19
70.44 67.91
69.63 67.61
68.73 67.32
67.78 67.02
66.81 66.72
65.83 66.42
64.89 66.13
64.0 65.83
63.16 65.54
62.39 65.25
61.68 64.94
61.03 64.62
60.4 64.26
59.79 63.87
59.21 63.44
58.64 62.97
58.08 62.47
57.54 61.96
57.06 61.45
56.56 61.02
56.07 60.6
55.74 60.14
55.34 59.54
54.97 58.81
