81.0 81.6
82.37 82.33
84.54 83.49
87.52 85.08
91.2 87.08
95.4 89.37
99.88 91.83
104.42 94.33
108.84 96.78
112.95 99.08
116.62 101.19
119.77 103.09
122.34 104.8
124.35 106.32
125.84 107.7
126.88 108.97
127.54 110.17
127.89 111.34
128.0 112.49
127.9 113.62
127.64 114.72
127.23 115.75
126.71 116.69
126.08 117.52
125.35 118.22
124.56 118.81
123.7 119.28
122.82 119.66
121.93 119.95
121.03 120.15
120.15 120.26
119.28 120.3
118.43 120.24
117.58 120.1
116.71 119.85
115.77 119.47
114.73 118.95
113.51 118.25
112.07 117.37
110.44 116.33
108.67 115.16
106.84 113.92
105.08 112.68
103.5 111.51
102.16 110.44
101.09 109.5
100.28 108.68
99.7 107.96
99.3 107.31
99.05 106.71
98.9 106.12
98.82 105.53
98.76 104.94
98.7 104.34
98.63 103.73
98.54 103.11
98.41 102.5
98.26 101.91
98.07 101.33
97.84 100.79
97.57 100.27
97.26 99.77
96.91 99.29
96.53 98.81
96.12 98.34
95.69 97.87
95.24 97.41
94.78 96.97
94.3 96.54
93.83 96.12
93.35 95.71
92.88 95.31
92.42 94.92
91.96 94.54
91.5 94.16
91.06 93.78
90.62 93.4
90.21 93.02
89.82 92.65
89.45 92.28
89.1 91.92
88.77 91.57
88.45 91.22
88.15 90.87
87.86 90.52
87.58 90.18
87.32 89.85
87.06 89.52
86.82 89.2
86.6 88.89
86.38 88.59
86.16 88.3
85.94 88.01
85.74 87.72
85.54 87.45
85.35 87.18
85.16 86.92
84.97 86.67
84.77 86.42
84.57 86.18
84.38 85.93
84.18 85.7
83.99 85.47
83.81 85.26
83.64 85.05
83.48 84.86
83.34 84.68
83.22 84.51
83.1 84.34
82.97 84.18
82.83 84.01
82.68 83.83
82.51 83.65
82.34 83.47
82.18 83.29
82.02 83.12
81.88 82.95
81.73 82.8
81.59 82.64
81.45 82.49
81.3 82.34
81.15 82.19
81.0 82.04
80.86 81.89
80.72 81.75
80.6 81.63
80.55 81.55
80.54 81.47
80.45 81.46
80.33 81.42
80.32 81.33
80.06 81.2
