76.0 76.83
77.47 77.66
79.69 78.91
82.67 80.59
86.38 82.68
90.7 85.1
95.48 87.76
100.5 90.53
105.51 93.29
110.24 95.91
114.45 98.3
117.99 100.39
120.83 102.21
123.0 103.78
124.6 105.19
125.72 106.51
126.45 107.79
126.86 109.05
127.0 110.31
126.88 111.53
126.55 112.68
126.04 113.75
125.38 114.71
124.59 115.55
123.72 116.27
122.78 116.86
121.8 117.34
120.78 117.69
119.73 117.92
118.65 118.04
117.53 118.05
116.4 117.95
115.22 117.72
113.95 117.35
112.55 116.79
110.97 116.03
109.19 115.06
107.23 113.91
105.18 112.63
103.15 111.31
101.24 110.01
99.57 108.79
98.17 107.69
97.07 106.72
96.25 105.86
95.67 105.08
95.27 104.35
95.02 103.64
94.84 102.94
94.71 102.23
94.61 101.52
94.52 100.81
94.4 100.09
94.25 99.37
94.08 98.66
93.85 97.96
93.57 97.29
93.24 96.64
92.85 96.01
92.42 95.41
91.95 94.82
91.46 94.25
90.96 93.69
90.45 93.16
89.95 92.64
89.45 92.15
88.95 91.67
88.45 91.21
87.95 90.77
87.44 90.32
86.93 89.88
86.41 89.44
85.89 88.98
85.37 88.52
84.84 88.05
84.32 87.57
83.8 87.1
83.29 86.62
82.81 86.16
82.35 85.72
81.92 85.29
81.52 84.87
81.16 84.47
80.82 84.07
80.51 83.69
80.22 83.31
79.96 82.94
79.72 82.58
79.5 82.23
79.29 81.9
79.09 81.57
78.88 81.25
78.67 80.94
78.46 80.63
78.25 80.33
78.05 80.04
77.87 79.78
77.71 79.53
77.57 79.29
77.42 79.07
77.27 78.84
77.09 78.61
76.89 78.38
76.68 78.16
76.51 77.98
76.45 77.84
76.43 77.69
76.3 77.55
76.3 77.38
