71.0 72.48
71.96 72.96
73.57 73.78
75.8 74.94
78.49 76.36
81.44 77.93
84.48 79.57
87.52 81.22
90.56 82.86
93.61 84.52
96.68 86.21
99.69 87.92
102.47 89.58
104.83 91.11
106.59 92.41
107.65 93.43
108.0 94.16
107.72 94.64
106.93 94.94
105.79 95.12
104.39 95.25
102.86 95.34
101.27 95.41
99.67 95.46
98.11 95.49
96.62 95.49
95.21 95.48
93.9 95.43
92.66 95.31
91.47 95.1
90.29 94.76
89.08 94.27
87.84 93.64
86.55 92.88
85.25 92.05
83.98 91.16
82.78 90.28
81.7 89.41
80.77 88.57
80.0 87.77
79.36 87.01
78.86 86.28
78.48 85.58
78.19 84.91
77.98 84.27
77.83 83.66
77.75 83.07
77.71 82.52
77.71 82.01
77.75 81.53
77.8 81.1
77.87 80.7
77.93 80.34
77.97 80.02
77.99 79.71
77.98 79.43
77.93 79.15
77.86 78.89
77.75 78.64
77.63 78.4
77.48 78.18
77.32 77.96
77.14 77.76
76.92 77.56
76.68 77.37
76.42 77.17
76.13 76.97
75.82 76.77
75.52 76.57
75.21 76.36
74.92 76.16
74.63 75.96
74.36 75.77
74.11 75.57
73.86 75.37
73.62 75.18
73.39 74.97
73.16 74.76
72.92 74.55
72.69 74.33
72.46 74.11
72.23 73.87
71.98 73.63
71.74 73.4
71.53 73.18
71.3 73.0
71.11 72.67
70.81 72.34
70.58 72.12
70.29 71.67
