74.0 75.45
75.61 76.31
78.16 77.69
81.69 79.6
86.08 81.97
91.13 84.69
96.48 87.56
101.74 90.38
106.55 92.97
110.61 95.17
113.77 96.94
115.95 98.28
117.28 99.27
117.9 100.03
118.0 100.67
117.72 101.31
117.2 101.99
116.55 102.76
115.86 103.61
115.17 104.52
114.53 105.47
113.94 106.4
113.42 107.29
112.93 108.08
112.48 108.77
112.04 109.32
111.59 109.74
111.09 110.04
110.55 110.22
109.92 110.28
109.17 110.21
108.26 109.99
107.14 109.58
105.77 108.98
104.16 108.17
102.37 107.2
100.47 106.1
98.57 104.96
96.82 103.84
95.3 102.81
94.07 101.92
93.15 101.16
92.55 100.53
92.21 100.02
92.09 99.57
92.13 99.16
92.28 98.77
92.48 98.36
92.69 97.94
92.89 97.49
93.06 97.03
93.17 96.55
93.22 96.07
93.18 95.59
93.07 95.12
92.88 94.66
92.62 94.21
92.28 93.77
91.87 93.32
91.41 92.88
90.88 92.43
90.32 91.98
89.73 91.52
89.13 91.07
88.51 90.62
87.87 90.18
87.21 89.73
86.54 89.27
85.85 88.8
85.14 88.3
84.42 87.79
83.7 87.26
82.98 86.72
82.28 86.17
81.62 85.64
81.02 85.12
80.48 84.62
80.0 84.15
79.58 83.7
79.21 83.26
78.88 82.83
78.58 82.4
78.3 81.98
78.03 81.56
77.77 81.13
77.52 80.72
77.27 80.31
77.03 79.91
76.8 79.52
76.57 79.14
76.34 78.77
76.1 78.4
75.84 78.04
75.53 77.67
75.18 77.28
74.8 76.9
74.39 76.52
74.01 76.19
73.77 75.92
73.68 75.69
73.53 75.54
73.55 75.4
