64.0 65.84
71.52 69.45
85.09 76.0
104.51 85.77
128.55 98.13
153.66 111.48
175.11 123.78
190.29 133.24
198.43 138.83
200.0 140.57
196.56 139.33
189.93 136.45
181.61 133.17
172.58 130.36
163.38 128.37
154.28 127.13
145.41 126.43
136.85 126.04
128.69 125.8
121.02 125.64
113.9 125.4
107.37 124.89
101.43 123.87
96.0 122.18
91.03 119.8
86.45 116.91
82.22 113.8
78.36 110.74
74.93 107.93
71.99 105.39
69.64 103.02
67.96 100.73
67.01 98.46
66.83 96.25
67.42 94.2
68.68 92.4
70.5 90.91
72.68 89.67
74.99 88.62
77.19 87.65
79.14 86.69
80.68 85.68
81.75 84.58
82.3 83.42
82.37 82.22
81.99 81.01
81.23 79.83
80.2 78.73
79.01 77.73
77.74 76.86
76.43 76.1
75.1 75.44
73.77 74.86
72.47 74.32
71.24 73.82
70.11 73.34
69.07 72.86
68.11 72.4
67.24 71.93
66.42 71.45
65.66 70.96
65.0 70.47
64.45 69.97
63.93 69.46
63.42 68.92
62.87 68.35
62.29 67.73
61.69 67.08
61.16 66.42
60.74 65.8
60.45 65.24
60.32 64.78
60.42 64.46
60.77 64.34
61.36 64.43
62.3 64.83
63.37 65.43
