96.0 96.42
96.97 96.94
98.58 97.79
100.86 99.0
103.71 100.52
106.89 102.22
110.08 103.96
112.99 105.57
115.37 106.88
117.02 107.82
117.89 108.35
118.0 108.52
117.42 108.39
116.32 108.07
114.86 107.65
113.21 107.22
111.51 106.86
109.9 106.61
108.44 106.49
107.19 106.49
106.17 106.59
105.39 106.76
104.83 106.94
104.46 107.11
104.25 107.23
104.16 107.3
104.16 107.31
104.2 107.28
104.26 107.2
104.3 107.08
104.25 106.89
104.1 106.62
103.81 106.28
103.42 105.87
102.96 105.42
102.51 104.97
102.12 104.54
101.83 104.18
101.68 103.9
101.65 103.69
101.73 103.56
101.89 103.49
102.11 103.45
102.36 103.42
102.59 103.4
102.8 103.36
102.95 103.3
103.02 103.21
103.01 103.09
102.91 102.93
102.74 102.76
102.51 102.57
102.24 102.38
101.95 102.2
101.64 102.03
101.33 101.87
101.03 101.71
100.74 101.56
100.46 101.41
100.19 101.25
99.93 101.09
99.69 100.93
99.46 100.77
99.25 100.61
99.05 100.45
98.86 100.29
98.68 100.12
98.51 99.95
98.34 99.78
98.17 99.6
98.0 99.42
97.83 99.24
97.67 99.06
97.53 98.89
97.4 98.72
97.29 98.56
97.19 98.41
97.1 98.26
97.03 98.13
96.97 98.0
96.91 97.88
96.86 97.76
96.8 97.64
96.73 97.51
96.64 97.39
96.55 97.26
96.44 97.14
96.33 97.01
96.21 96.88
96.09 96.76
95.96 96.64
95.84 96.52
95.72 96.41
95.6 96.31
95.52 96.22
95.49 96.17
95.5 96.17
95.58 96.24
95.74 96.29
95.88 96.36
