77.0 77.98
78.63 78.82
81.24 80.19
84.85 82.09
89.31 84.47
94.34 87.18
99.6 90.04
104.72 92.84
109.37 95.41
113.29 97.61
116.34 99.39
118.43 100.74
119.62 101.71
120.0 102.39
119.72 102.86
118.97 103.24
117.89 103.61
116.63 104.01
115.31 104.49
113.99 105.04
112.74 105.64
111.56 106.23
110.49 106.79
109.52 107.27
108.65 107.66
107.89 107.97
107.23 108.19
106.63 108.33
106.06 108.37
105.44 108.29
104.7 108.07
103.78 107.68
102.66 107.11
101.35 106.37
99.95 105.51
98.52 104.56
97.15 103.61
95.95 102.69
94.96 101.86
94.22 101.14
93.71 100.53
93.44 100.02
93.37 99.6
93.45 99.23
93.63 98.9
93.85 98.58
94.06 98.23
94.23 97.86
94.34 97.46
94.36 97.03
94.29 96.57
94.12 96.11
93.85 95.64
93.49 95.17
93.05 94.7
92.55 94.23
92.01 93.77
91.45 93.32
90.9 92.88
90.33 92.46
89.79 92.05
89.26 91.65
88.71 91.25
88.16 90.84
87.6 90.43
87.04 90.0
86.5 89.58
85.98 89.16
85.52 88.76
85.1 88.37
84.72 88.0
84.38 87.64
84.07 87.29
83.78 86.94
83.5 86.59
83.23 86.24
82.98 85.89
82.74 85.54
82.51 85.2
82.29 84.86
82.09 84.54
81.88 84.22
81.67 83.91
81.48 83.61
81.28 83.32
81.09 83.05
80.9 82.78
80.72 82.53
80.57 82.29
80.44 82.08
80.34 81.88
80.25 81.7
80.18 81.53
80.08 81.36
79.97 81.19
79.83 81.01
79.65 80.82
79.46 80.61
79.25 80.4
79.02 80.19
78.79 79.97
78.54 79.76
78.28 79.54
78.01 79.32
77.73 79.1
77.46 78.9
77.28 78.75
77.26 78.69
77.32 78.69
77.55 78.79
