74.0 75.78
76.66 77.31
80.92 79.72
86.92 83.08
94.5 87.25
103.19 92.01
112.37 96.99
121.33 101.83
129.46 106.2
136.29 109.89
141.6 112.85
145.36 115.12
147.69 116.84
148.83 118.19
149.0 119.31
148.41 120.33
147.24 121.35
145.7 122.41
143.9 123.52
142.01 124.69
140.14 125.88
138.34 127.04
136.65 128.1
135.05 129.02
133.51 129.74
132.02 130.24
130.54 130.52
129.05 130.6
127.5 130.47
125.88 130.13
124.13 129.57
122.2 128.76
120.01 127.67
117.56 126.3
114.84 124.68
111.94 122.86
108.99 120.93
106.18 119.01
103.68 117.19
101.61 115.55
100.04 114.12
98.98 112.91
98.41 111.89
98.23 111.01
98.33 110.22
98.58 109.44
98.87 108.64
99.09 107.77
99.12 106.8
98.93 105.72
98.5 104.56
97.84 103.33
96.99 102.08
96.04 100.86
95.02 99.69
93.96 98.59
92.92 97.57
91.9 96.63
90.92 95.76
90.0 94.93
89.13 94.14
88.29 93.36
87.45 92.58
86.59 91.79
85.7 90.97
84.76 90.12
83.79 89.24
82.79 88.36
81.79 87.48
80.84 86.63
79.97 85.83
79.21 85.08
78.55 84.39
78.0 83.74
77.55 83.13
77.2 82.55
76.89 82.0
76.62 81.46
76.36 80.93
76.09 80.4
75.81 79.86
75.53 79.32
75.23 78.78
74.94 78.25
74.64 77.74
74.33 77.24
74.0 76.75
73.64 76.28
73.23 75.84
72.84 75.47
72.58 75.19
72.62 74.96
72.71 74.92
73.12 74.66
73.01 74.33
