69.0 70.63
69.99 71.15
71.56 71.99
73.71 73.14
76.37 74.57
79.45 76.22
82.81 78.01
86.27 79.83
89.66 81.62
92.82 83.28
95.6 84.78
97.9 86.06
99.67 87.14
100.92 88.03
101.67 88.76
102.0 89.38
101.95 89.92
101.6 90.42
101.01 90.88
100.24 91.31
99.35 91.71
98.36 92.06
97.32 92.35
96.26 92.59
95.19 92.75
94.13 92.85
93.1 92.87
92.09 92.82
91.09 92.69
90.09 92.47
89.06 92.14
87.98 91.7
86.83 91.15
85.63 90.51
84.4 89.77
83.15 88.97
81.93 88.12
80.76 87.26
79.67 86.4
78.69 85.56
77.82 84.74
77.08 83.98
76.47 83.25
75.99 82.58
75.64 81.95
75.4 81.37
75.24 80.81
75.15 80.3
75.13 79.81
75.15 79.35
75.21 78.92
75.27 78.52
75.33 78.14
75.37 77.79
75.38 77.44
75.36 77.11
75.32 76.8
75.24 76.5
75.13 76.21
74.99 75.93
74.8 75.66
74.59 75.39
74.35 75.14
74.09 74.89
73.83 74.66
73.58 74.45
73.32 74.25
73.08 74.06
72.83 73.88
72.59 73.7
72.34 73.51
72.08 73.31
71.79 73.09
71.48 72.85
71.15 72.6
70.82 72.33
70.47 72.06
70.12 71.78
69.76 71.5
69.4 71.21
69.04 70.92
68.69 70.65
68.38 70.41
68.17 70.23
68.17 70.19
68.34 70.15
68.67 70.15
