96.0 98.21
98.94 99.84
103.82 102.52
110.79 106.31
119.61 111.06
129.55 116.4
139.66 121.85
149.04 126.9
156.91 131.13
162.75 134.31
166.4 136.39
168.0 137.51
167.84 137.92
166.34 137.91
163.88 137.73
160.84 137.57
157.53 137.56
154.16 137.76
150.91 138.18
147.89 138.77
145.16 139.45
142.75 140.15
140.67 140.77
138.91 141.24
137.44 141.52
136.19 141.61
135.08 141.51
134.03 141.23
132.93 140.77
131.66 140.11
130.22 139.26
128.61 138.22
126.93 137.03
125.31 135.78
123.89 134.54
122.82 133.41
122.14 132.45
121.86 131.67
121.96 131.06
122.35 130.58
122.9 130.17
123.49 129.77
124.02 129.33
124.41 128.82
124.61 128.23
124.61 127.56
124.4 126.84
123.99 126.07
123.43 125.3
122.74 124.53
121.92 123.78
121.01 123.06
120.05 122.37
119.03 121.7
118.01 121.05
116.99 120.4
115.98 119.74
114.99 119.08
114.01 118.4
113.01 117.69
112.01 116.97
111.02 116.23
110.04 115.49
109.1 114.75
108.23 114.03
107.43 113.33
106.71 112.65
106.04 111.98
105.44 111.32
104.88 110.67
104.36 110.03
103.89 109.39
103.46 108.77
103.08 108.18
102.76 107.61
102.5 107.07
102.28 106.57
102.11 106.1
101.97 105.66
101.84 105.24
101.69 104.82
101.51 104.4
101.25 103.95
100.91 103.47
100.48 102.97
99.98 102.44
99.44 101.92
98.88 101.4
98.31 100.9
97.77 100.44
97.28 100.02
96.87 99.68
96.61 99.48
96.62 99.52
97.08 99.69
97.77 99.86
