73.0 73.7
74.79 74.62
77.94 76.24
82.53 78.6
88.26 81.59
94.45 84.9
100.35 88.17
105.29 91.01
108.95 93.19
111.29 94.64
112.54 95.49
113.0 95.94
112.91 96.23
112.49 96.55
111.92 97.0
111.31 97.62
110.73 98.4
110.19 99.29
109.65 100.25
109.09 101.21
108.47 102.11
107.79 102.88
107.05 103.49
106.29 103.9
105.53 104.12
104.77 104.21
104.05 104.22
103.36 104.22
102.71 104.21
102.06 104.2
101.43 104.14
100.76 103.99
99.99 103.69
99.07 103.21
97.98 102.55
96.69 101.72
95.24 100.74
93.73 99.7
92.3 98.64
91.05 97.66
90.06 96.8
89.37 96.1
88.96 95.56
88.77 95.13
88.77 94.78
88.86 94.47
89.02 94.16
89.2 93.83
89.35 93.47
89.45 93.08
89.51 92.67
89.51 92.25
89.45 91.81
89.35 91.39
89.21 90.99
89.03 90.61
88.82 90.26
88.58 89.94
88.28 89.62
87.94 89.3
87.56 88.96
87.14 88.62
86.68 88.26
86.21 87.89
85.72 87.52
85.22 87.16
84.72 86.81
84.23 86.46
83.74 86.11
83.26 85.77
82.78 85.41
82.3 85.05
81.81 84.68
81.33 84.3
80.86 83.91
80.42 83.52
80.01 83.13
79.63 82.75
79.27 82.38
78.94 82.01
78.62 81.65
78.3 81.28
78.0 80.92
77.7 80.56
77.43 80.2
77.16 79.86
76.92 79.53
76.71 79.21
76.5 78.9
76.29 78.6
76.09 78.3
75.89 78.01
75.68 77.73
75.47 77.45
75.27 77.18
75.08 76.92
74.91 76.68
74.77 76.47
74.72 76.32
74.77 76.2
74.64 76.01
74.54 75.83
74.44 75.65
74.27 75.44
74.03 75.21
73.95 75.07
73.85 74.91
73.72 74.75
73.58 74.59
73.47 74.44
73.39 74.32
73.2 74.17
73.02 74.03
