61.99 63.11
65.43 64.88
71.49 67.92
79.71 72.26
89.6 77.64
100.42 83.55
110.83 89.34
119.83 94.5
127.16 98.68
132.58 101.74
135.82 103.73
137.0 104.87
136.69 105.51
135.61 105.99
134.28 106.6
132.98 107.51
131.79 108.78
130.69 110.35
129.56 112.09
128.33 113.83
126.98 115.43
125.52 116.74
123.98 117.72
122.43 118.37
120.88 118.71
119.3 118.81
117.65 118.72
115.84 118.44
113.8 117.94
111.43 117.18
108.72 116.13
105.7 114.79
102.51 113.22
99.35 111.49
96.44 109.73
93.95 108.03
91.99 106.48
90.54 105.1
89.53 103.9
88.86 102.83
88.41 101.83
88.12 100.85
87.89 99.83
87.67 98.75
87.39 97.61
87.03 96.42
86.55 95.17
85.95 93.89
85.21 92.58
84.37 91.29
83.45 90.04
82.48 88.84
81.53 87.72
80.61 86.67
79.76 85.7
78.97 84.79
78.21 83.92
77.47 83.07
76.71 82.22
75.88 81.36
74.97 80.47
74.0 79.57
73.0 78.66
72.04 77.78
71.18 76.95
70.46 76.21
69.9 75.54
69.47 74.96
69.14 74.43
68.84 73.92
68.52 73.39
68.12 72.81
67.61 72.18
67.01 71.49
66.36 70.77
65.73 70.06
65.17 69.38
64.71 68.78
64.33 68.25
64.01 67.78
63.74 67.36
63.5 66.98
63.29 66.62
63.13 66.28
63.03 65.97
62.96 65.67
62.88 65.38
62.8 65.08
62.67 64.76
62.47 64.43
62.24 64.09
62.01 63.79
61.81 63.57
61.78 63.41
61.71 63.3
61.69 63.19
