65.0 65.81
67.13 66.95
70.49 68.77
75.16 71.3
81.04 74.5
87.8 78.2
95.03 82.17
102.27 86.15
109.03 89.86
114.81 93.07
119.2 95.6
121.96 97.35
123.0 98.32
122.41 98.59
120.44 98.32
117.41 97.68
113.65 96.88
109.51 96.07
105.27 95.37
101.14 94.84
97.27 94.46
93.75 94.2
90.62 93.99
87.9 93.77
85.6 93.51
83.67 93.18
82.1 92.77
80.86 92.29
79.88 91.72
79.09 91.06
78.42 90.31
77.8 89.46
77.17 88.52
76.51 87.48
75.83 86.37
75.15 85.23
74.53 84.07
74.02 82.97
73.66 81.94
73.49 81.03
73.52 80.25
73.76 79.63
74.19 79.16
74.77 78.81
75.45 78.58
76.18 78.42
76.9 78.32
77.6 78.25
78.22 78.19
78.76 78.13
79.18 78.06
79.47 77.99
79.6 77.89
79.55 77.76
79.33 77.59
78.94 77.38
78.39 77.13
77.73 76.85
76.98 76.54
76.17 76.21
75.34 75.87
74.51 75.53
73.69 75.19
72.9 74.84
72.15 74.5
71.43 74.16
70.77 73.81
70.16 73.46
69.61 73.1
69.1 72.73
68.62 72.35
68.18 71.95
67.76 71.55
67.38 71.13
67.03 70.72
66.72 70.32
66.44 69.93
66.2 69.55
65.99 69.18
65.81 68.82
65.65 68.48
65.51 68.14
65.35 67.8
65.18 67.46
64.99 67.12
64.78 66.78
64.55 66.45
64.32 66.13
64.09 65.82
63.86 65.54
63.66 65.3
63.54 65.14
63.49 65.12
63.45 64.93
63.38 64.83
63.17 64.62
