62.0 67.29
65.67 69.24
71.76 72.47
80.28 76.99
90.81 82.57
102.63 88.81
114.82 95.2
126.45 101.23
136.67 106.46
144.82 110.59
150.46 113.51
153.47 115.24
154.0 115.96
152.41 115.92
149.19 115.42
144.81 114.71
139.71 114.01
134.26 113.45
128.68 113.06
123.17 112.8
117.8 112.56
112.61 112.21
107.57 111.63
102.66 110.74
97.91 109.51
93.34 107.98
89.0 106.22
85.01 104.32
81.41 102.37
78.28 100.44
75.67 98.58
73.58 96.8
72.02 95.12
70.99 93.54
70.46 92.06
70.39 90.68
70.73 89.38
71.4 88.16
72.31 87.01
73.36 85.92
74.45 84.87
75.49 83.85
76.39 82.86
77.1 81.89
77.59 80.94
77.83 80.0
77.81 79.09
77.55 78.2
77.05 77.33
76.34 76.48
75.46 75.66
74.46 74.87
73.37 74.12
72.24 73.42
71.09 72.75
69.93 72.11
68.78 71.48
67.64 70.86
66.52 70.24
65.42 69.6
64.33 68.94
63.28 68.27
62.26 67.58
61.25 66.87
60.32 66.17
59.58 65.56
59.22 65.23
59.24 65.07
59.6 65.09
