79.0 81.89
81.1 82.97
84.49 84.76
89.21 87.25
95.02 90.3
101.46 93.7
108.06 97.19
114.42 100.53
120.21 103.54
125.13 106.11
129.04 108.19
131.84 109.8
133.48 110.97
134.0 111.74
133.52 112.21
132.21 112.43
130.25 112.52
127.83 112.54
125.12 112.54
122.26 112.56
119.37 112.57
116.53 112.55
113.81 112.47
111.23 112.28
108.8 111.98
106.54 111.57
104.42 111.05
102.43 110.41
100.51 109.65
98.65 108.76
96.81 107.72
95.0 106.55
93.25 105.27
91.58 103.92
90.04 102.56
88.69 101.21
87.54 99.91
86.63 98.68
85.94 97.52
85.48 96.46
85.25 95.49
85.22 94.62
85.36 93.85
85.68 93.18
86.14 92.61
86.71 92.14
87.38 91.76
88.09 91.45
88.8 91.2
89.47 90.99
90.06 90.8
90.56 90.64
90.94 90.48
91.19 90.32
91.31 90.14
91.27 89.94
91.09 89.72
90.76 89.47
90.32 89.21
89.77 88.93
89.16 88.65
88.51 88.38
87.85 88.11
87.17 87.84
86.5 87.58
85.85 87.31
85.21 87.03
84.59 86.74
83.98 86.43
83.39 86.1
82.79 85.75
82.22 85.36
81.66 84.96
81.11 84.54
80.58 84.1
80.07 83.65
79.58 83.2
79.11 82.76
78.72 82.36
78.48 82.07
78.53 82.0
79.04 82.0
79.89 82.16
