83.0 83.31
85.99 85.07
90.72 87.81
97.51 91.67
106.34 96.62
116.79 102.42
128.08 108.65
139.23 114.78
149.27 120.31
157.5 124.89
163.53 128.35
167.3 130.72
169.0 132.18
168.93 133.0
167.45 133.45
164.97 133.75
161.83 134.03
158.27 134.39
154.44 134.79
150.42 135.2
146.25 135.52
141.97 135.67
137.6 135.54
133.23 135.1
128.92 134.34
124.75 133.28
120.76 131.98
116.99 130.52
113.47 128.97
110.22 127.38
107.25 125.75
104.6 124.11
102.26 122.42
100.23 120.71
98.54 118.96
97.16 117.21
96.08 115.46
95.29 113.74
94.76 112.07
94.45 110.47
94.32 108.96
94.34 107.54
94.45 106.21
94.62 104.98
94.82 103.82
95.01 102.75
95.2 101.76
95.39 100.85
95.53 100.02
95.6 99.24
95.57 98.51
95.4 97.8
95.09 97.11
94.65 96.43
94.12 95.78
93.51 95.16
92.85 94.56
92.14 94.0
91.4 93.47
90.67 92.97
89.96 92.48
89.27 92.02
88.61 91.58
88.01 91.16
87.44 90.75
86.92 90.35
86.43 89.94
85.94 89.51
85.46 89.06
84.96 88.59
84.45 88.11
83.96 87.62
83.5 87.14
83.08 86.69
82.71 86.26
82.4 85.86
82.13 85.48
81.89 85.13
81.69 84.79
81.51 84.46
81.37 84.15
81.23 83.85
81.12 83.57
81.05 83.32
81.06 83.13
81.19 83.05
81.6 83.17
82.52 83.62
83.96 84.46
