98.0 101.22
102.73 103.62
110.91 107.83
122.58 113.86
136.82 121.32
152.05 129.45
166.52 137.34
178.78 144.16
188.07 149.41
194.33 153.01
198.0 155.24
199.69 156.61
200.0 157.61
199.42 158.64
198.32 159.93
196.94 161.55
195.45 163.48
193.93 165.65
192.39 167.96
190.82 170.3
189.22 172.53
187.54 174.48
185.76 176.01
183.82 177.04
181.71 177.56
179.42 177.63
176.96 177.38
174.34 176.92
171.52 176.27
168.45 175.43
165.06 174.29
161.32 172.79
157.27 170.89
153.03 168.63
148.78 166.12
144.69 163.48
140.94 160.85
137.63 158.34
134.86 156.0
132.71 153.89
131.17 152.0
130.15 150.3
129.52 148.73
129.12 147.22
128.77 145.69
128.37 144.09
127.85 142.4
127.19 140.62
126.37 138.77
125.4 136.89
124.31 135.03
123.15 133.23
121.99 131.53
120.88 129.96
119.85 128.52
118.9 127.2
117.99 125.96
117.07 124.77
116.11 123.59
115.09 122.4
114.01 121.19
112.87 119.97
111.67 118.73
110.43 117.51
109.2 116.33
108.01 115.22
106.92 114.18
105.99 113.24
105.22 112.39
104.58 111.61
104.05 110.89
103.56 110.18
103.08 109.46
102.57 108.72
102.0 107.93
101.37 107.11
100.71 106.28
100.08 105.47
99.45 104.77
98.91 104.15
98.5 103.64
98.21 103.35
98.06 103.14
98.1 103.03
98.29 103.07
98.63 103.15
