85.0 86.18
87.07 87.25
90.55 89.05
95.52 91.64
101.7 94.9
108.57 98.58
115.51 102.35
121.89 105.85
127.2 108.82
131.19 111.09
133.77 112.65
134.98 113.56
135.0 113.98
134.08 114.1
132.49 114.07
130.53 114.06
128.45 114.17
126.46 114.48
124.71 115.03
123.28 115.79
122.2 116.72
121.45 117.74
121.0 118.74
120.79 119.66
120.76 120.45
120.84 121.11
121.0 121.63
121.17 122.04
121.31 122.35
121.37 122.55
121.32 122.63
121.06 122.54
120.5 122.25
119.57 121.71
118.23 120.92
116.46 119.87
114.36 118.61
112.09 117.24
109.87 115.86
107.87 114.59
106.3 113.53
105.25 112.74
104.74 112.23
104.72 111.97
105.08 111.89
105.69 111.9
106.4 111.92
107.1 111.88
107.7 111.73
108.11 111.46
108.31 111.07
108.29 110.55
108.07 109.95
107.68 109.3
107.15 108.63
106.52 107.97
105.81 107.35
105.04 106.77
104.25 106.22
103.44 105.69
102.62 105.16
101.82 104.63
101.03 104.1
100.27 103.56
99.53 103.03
98.83 102.51
98.17 101.99
97.52 101.48
96.89 100.97
96.28 100.46
95.72 99.96
95.2 99.46
94.72 98.98
94.29 98.51
93.91 98.05
93.56 97.6
93.24 97.16
92.93 96.71
92.63 96.26
92.33 95.81
92.03 95.36
91.73 94.92
91.45 94.5
91.18 94.08
90.92 93.68
90.66 93.3
90.4 92.92
90.15 92.55
89.9 92.2
89.65 91.85
89.39 91.52
89.13 91.19
88.85 90.87
88.57 90.56
88.3 90.26
88.03 89.96
87.78 89.68
87.55 89.41
87.32 89.15
87.07 88.89
86.8 88.62
86.52 88.35
86.23 88.06
85.94 87.78
85.68 87.5
85.42 87.23
85.18 86.99
84.99 86.79
84.83 86.66
84.54 86.49
84.07 86.35
83.79 86.03
83.33 85.81
