88.0 89.15
89.78 90.12
92.79 91.74
97.01 94.02
102.22 96.83
107.98 99.98
113.81 103.19
119.31 106.22
124.17 108.89
128.21 111.12
131.34 112.87
133.48 114.18
134.65 115.14
135.0 115.83
134.68 116.35
133.84 116.77
132.57 117.14
130.98 117.48
129.13 117.8
127.07 118.09
124.93 118.33
122.82 118.51
120.83 118.63
119.03 118.69
117.44 118.71
116.08 118.7
114.93 118.66
113.95 118.59
113.11 118.46
112.33 118.23
111.55 117.88
110.68 117.37
109.7 116.7
108.61 115.87
107.45 114.93
106.29 113.92
105.23 112.9
104.32 111.94
103.63 111.08
103.16 110.34
102.93 109.74
102.9 109.24
103.04 108.82
103.3 108.47
103.62 108.14
103.98 107.83
104.32 107.52
104.62 107.2
104.84 106.87
104.96 106.53
104.99 106.17
104.91 105.8
104.73 105.43
104.45 105.07
104.09 104.71
103.66 104.35
103.17 103.99
102.64 103.63
102.06 103.26
101.47 102.89
100.85 102.5
100.2 102.11
99.55 101.71
98.9 101.3
98.25 100.88
97.6 100.46
96.95 100.02
96.32 99.57
95.69 99.12
95.09 98.66
94.51 98.19
93.96 97.73
93.45 97.27
92.98 96.82
92.56 96.38
92.19 95.96
91.86 95.55
91.58 95.15
91.33 94.77
91.11 94.39
90.91 94.03
90.71 93.67
90.52 93.31
90.33 92.96
90.14 92.62
89.95 92.28
89.74 91.95
89.54 91.63
89.33 91.32
89.11 91.01
88.9 90.72
88.68 90.44
88.46 90.18
88.29 89.95
88.2 89.82
88.22 89.77
88.37 89.82
88.68 90.01
