68.0 69.15
70.81 70.67
75.46 73.18
82.12 76.76
90.57 81.31
100.15 86.5
109.94 91.86
119.01 96.84
126.5 101.0
131.89 104.06
134.99 105.95
136.0 106.82
135.29 106.97
133.37 106.7
130.64 106.31
127.43 105.99
123.98 105.84
120.45 105.87
116.92 106.03
113.46 106.26
110.08 106.46
106.76 106.52
103.5 106.34
100.25 105.86
97.02 105.05
93.83 103.94
90.73 102.61
87.81 101.15
85.13 99.67
82.78 98.26
80.79 96.94
79.21 95.72
78.04 94.59
77.28 93.53
76.9 92.51
76.85 91.52
77.05 90.57
77.43 89.63
77.9 88.71
78.39 87.8
78.84 86.88
79.22 85.97
79.5 85.06
79.64 84.17
79.66 83.31
79.55 82.49
79.31 81.72
78.98 80.99
78.55 80.31
78.05 79.67
77.52 79.08
76.95 78.53
76.36 78.03
75.76 77.55
75.16 77.11
74.56 76.69
73.97 76.28
73.39 75.88
72.82 75.49
72.29 75.11
71.81 74.75
71.39 74.42
71.04 74.11
70.77 73.83
70.54 73.56
70.36 73.3
70.19 73.03
70.02 72.75
69.82 72.45
69.6 72.13
69.35 71.79
69.07 71.44
68.78 71.07
68.46 70.7
68.14 70.33
67.81 69.97
67.48 69.63
67.19 69.31
66.94 69.05
66.84 68.91
67.08 69.01
67.76 69.33
