78.0 79.21
79.86 80.24
82.81 81.86
86.92 84.11
92.11 86.94
98.08 90.18
104.44 93.62
110.67 96.99
116.31 100.05
121.01 102.63
124.57 104.66
126.99 106.18
128.4 107.28
129.0 108.12
128.97 108.83
128.52 109.52
127.79 110.27
126.89 111.1
125.91 112.01
124.89 112.96
123.86 113.91
122.85 114.82
121.87 115.64
120.92 116.34
120.02 116.91
119.18 117.36
118.39 117.69
117.68 117.93
117.02 118.09
116.41 118.18
115.77 118.17
115.05 118.03
114.13 117.68
112.91 117.09
111.34 116.21
109.39 115.04
107.14 113.65
104.73 112.11
102.36 110.56
100.22 109.09
98.46 107.81
97.17 106.77
96.35 105.96
95.95 105.36
95.9 104.91
96.08 104.52
96.39 104.15
96.71 103.74
96.98 103.25
97.13 102.67
97.13 102.0
96.96 101.24
96.64 100.43
96.16 99.58
95.58 98.74
94.91 97.93
94.18 97.17
93.42 96.45
92.65 95.77
91.87 95.13
91.11 94.5
90.36 93.89
89.64 93.29
88.94 92.69
88.28 92.12
87.67 91.56
87.1 91.03
86.57 90.52
86.07 90.03
85.61 89.55
85.15 89.08
84.72 88.63
84.33 88.18
83.99 87.76
83.7 87.35
83.48 86.97
83.3 86.6
83.17 86.25
83.03 85.91
82.86 85.56
82.67 85.2
82.46 84.85
82.23 84.5
82.04 84.17
81.89 83.88
81.79 83.63
81.73 83.42
81.7 83.24
81.68 83.08
81.66 82.92
81.63 82.77
81.55 82.6
81.43 82.41
81.25 82.2
81.01 81.97
80.74 81.72
80.44 81.46
80.12 81.19
79.78 80.93
79.45 80.68
79.1 80.44
78.74 80.2
78.4 79.97
78.08 79.75
77.81 79.57
77.69 79.47
77.78 79.47
77.74 79.41
77.73 79.42
