67.0 67.99
68.91 69.01
71.9 70.62
76.05 72.86
81.31 75.69
87.39 78.97
93.9 82.48
100.31 85.95
106.1 89.12
110.85 91.76
114.28 93.75
116.32 95.08
117.0 95.79
116.46 96.02
114.94 95.92
112.68 95.64
109.96 95.3
107.0 95.01
104.0 94.81
101.06 94.71
98.28 94.68
95.7 94.7
93.35 94.71
91.28 94.67
89.48 94.56
87.95 94.36
86.68 94.07
85.6 93.7
84.68 93.26
83.86 92.73
83.1 92.12
82.34 91.43
81.56 90.63
80.75 89.75
79.94 88.8
79.15 87.81
78.43 86.81
77.82 85.84
77.35 84.93
77.03 84.11
76.86 83.38
76.84 82.76
76.99 82.26
77.31 81.88
77.78 81.6
78.38 81.43
79.08 81.34
79.82 81.32
80.57 81.33
81.27 81.35
81.84 81.35
82.26 81.32
82.5 81.24
82.54 81.12
82.42 80.96
82.18 80.76
81.83 80.56
81.38 80.34
80.86 80.11
80.28 79.87
79.64 79.63
78.98 79.38
78.32 79.14
77.7 78.89
77.1 78.65
76.53 78.42
76.01 78.18
75.51 77.93
75.04 77.67
74.6 77.39
74.2 77.09
73.82 76.79
73.47 76.48
73.14 76.16
72.81 75.83
72.48 75.49
72.14 75.13
71.8 74.75
71.46 74.36
71.12 73.97
70.79 73.58
70.49 73.22
70.21 72.86
69.95 72.53
69.7 72.2
69.45 71.87
69.2 71.55
68.93 71.22
68.66 70.89
68.38 70.56
68.08 70.22
67.79 69.9
67.5 69.59
67.24 69.32
67.04 69.1
66.99 68.99
67.06 68.89
67.13 68.86
67.17 68.98
67.29 68.97
