77.0 78.28
78.4 79.03
80.56 80.19
83.51 81.79
87.22 83.81
91.54 86.14
96.23 88.67
101.0 91.22
105.55 93.64
109.56 95.79
112.8 97.56
115.13 98.91
116.5 99.86
117.0 100.46
116.73 100.8
115.86 100.97
114.53 101.06
112.89 101.13
111.05 101.2
109.12 101.3
107.18 101.42
105.29 101.53
103.5 101.63
101.85 101.68
100.36 101.68
99.02 101.63
97.84 101.5
96.8 101.29
95.84 101.0
94.93 100.61
93.99 100.1
92.98 99.45
91.87 98.68
90.68 97.79
89.43 96.81
88.19 95.78
87.03 94.75
86.01 93.77
85.17 92.86
84.53 92.04
84.12 91.33
83.9 90.73
83.88 90.22
84.03 89.79
84.31 89.43
84.71 89.12
85.16 88.86
85.65 88.63
86.13 88.41
86.58 88.21
86.97 88.01
87.29 87.81
87.5 87.62
87.62 87.42
87.61 87.21
87.49 86.98
87.26 86.74
86.94 86.48
86.53 86.21
86.07 85.93
85.56 85.66
85.03 85.39
84.49 85.12
83.96 84.87
83.46 84.63
82.99 84.4
82.56 84.19
82.17 83.97
81.8 83.75
81.45 83.53
81.12 83.29
80.79 83.04
80.47 82.77
80.16 82.49
79.86 82.19
79.55 81.89
79.25 81.58
78.93 81.25
78.62 80.92
78.29 80.58
77.97 80.23
77.65 79.89
77.33 79.55
77.02 79.21
76.71 78.88
76.41 78.55
76.11 78.24
75.85 77.94
75.63 77.67
75.48 77.46
75.46 77.33
75.64 77.3
75.93 77.44
76.63 77.83
