75.0 75.77
76.88 76.73
79.78 78.22
83.74 80.29
88.68 82.91
94.38 85.97
100.47 89.27
106.6 92.63
112.37 95.83
117.44 98.7
121.54 101.11
124.52 103.01
126.32 104.41
127.0 105.36
126.73 105.94
125.68 106.29
124.05 106.49
122.04 106.65
119.82 106.82
117.51 107.03
115.2 107.28
112.91 107.53
110.74 107.75
108.74 107.93
106.92 108.04
105.33 108.09
103.99 108.07
102.82 107.97
101.8 107.78
100.85 107.47
99.9 107.04
98.91 106.46
97.84 105.73
96.68 104.87
95.48 103.9
94.28 102.86
93.13 101.79
92.12 100.74
91.27 99.73
90.6 98.8
90.11 97.95
89.82 97.2
89.7 96.54
89.72 95.96
89.86 95.46
90.1 95.02
90.39 94.63
90.7 94.27
91.01 93.92
91.29 93.6
91.51 93.28
91.68 92.98
91.78 92.69
91.78 92.4
91.68 92.11
91.45 91.81
91.11 91.48
90.65 91.12
90.08 90.72
89.44 90.3
88.76 89.88
88.08 89.46
87.41 89.06
86.8 88.7
86.25 88.37
85.74 88.06
85.24 87.74
84.75 87.42
84.25 87.07
83.74 86.7
83.23 86.3
82.74 85.9
82.27 85.49
81.84 85.08
81.44 84.69
81.07 84.31
80.72 83.92
80.37 83.54
80.04 83.15
79.72 82.76
79.41 82.37
79.13 81.99
78.88 81.62
78.63 81.26
78.38 80.9
78.1 80.54
77.8 80.18
77.5 79.82
77.22 79.47
76.96 79.14
76.72 78.84
76.51 78.56
76.31 78.29
76.12 78.03
75.92 77.77
75.73 77.51
75.52 77.24
75.3 76.98
75.06 76.71
74.79 76.44
74.51 76.16
74.21 75.88
73.9 75.6
73.6 75.33
73.36 75.08
73.23 74.91
73.24 74.86
73.36 74.8
73.79 74.89
74.4 75.35
