80.0 81.99
81.58 82.87
84.12 84.3
87.67 86.28
92.15 88.74
97.33 91.57
102.89 94.55
108.46 97.49
113.63 100.19
118.08 102.52
121.65 104.4
124.24 105.86
125.89 106.96
126.76 107.81
127.0 108.53
126.77 109.21
126.23 109.92
125.5 110.68
124.62 111.48
123.64 112.28
122.58 113.05
121.45 113.74
120.29 114.34
119.16 114.83
118.06 115.21
117.0 115.48
115.98 115.64
114.96 115.67
113.89 115.57
112.73 115.32
111.45 114.9
110.01 114.32
108.45 113.59
106.83 112.74
105.19 111.8
103.62 110.82
102.19 109.85
100.94 108.91
99.88 108.03
99.03 107.21
98.38 106.46
97.91 105.77
97.6 105.13
97.41 104.52
97.33 103.93
97.3 103.35
97.31 102.77
97.32 102.2
97.31 101.63
97.24 101.07
97.12 100.51
96.95 99.96
96.73 99.43
96.46 98.92
96.15 98.42
95.81 97.93
95.42 97.45
94.98 96.97
94.5 96.49
93.96 96.01
93.39 95.52
92.8 95.04
92.21 94.57
91.63 94.11
91.06 93.66
90.49 93.22
89.93 92.78
89.38 92.34
88.82 91.89
88.26 91.45
87.72 91.0
87.21 90.55
86.72 90.11
86.27 89.67
85.85 89.23
85.46 88.8
85.08 88.36
84.68 87.92
84.27 87.47
83.84 87.01
83.41 86.55
83.0 86.11
82.62 85.67
82.28 85.26
81.97 84.87
81.68 84.49
81.37 84.11
81.06 83.72
80.72 83.32
80.36 82.93
80.02 82.58
79.82 82.34
79.89 82.26
80.37 82.43
81.34 82.95
