77.99 79.78
80.25 80.92
83.84 82.8
88.84 85.44
95.06 88.74
102.1 92.5
109.46 96.47
116.62 100.33
123.1 103.85
128.55 106.86
132.81 109.3
135.87 111.21
137.82 112.69
138.81 113.85
139.0 114.82
138.52 115.67
137.52 116.48
136.14 117.29
134.55 118.12
132.86 118.97
131.17 119.83
129.55 120.67
128.01 121.44
126.54 122.08
125.11 122.56
123.69 122.85
122.24 122.94
120.72 122.83
119.1 122.52
117.33 122.0
115.34 121.26
113.11 120.28
110.66 119.06
108.08 117.64
105.45 116.08
102.92 114.46
100.61 112.87
98.63 111.36
97.01 109.98
95.76 108.74
94.84 107.61
94.22 106.58
93.83 105.62
93.61 104.7
93.5 103.8
93.47 102.91
93.48 102.03
93.49 101.16
93.48 100.3
93.43 99.45
93.33 98.62
93.15 97.81
92.9 97.03
92.58 96.29
92.2 95.57
91.74 94.87
91.23 94.2
90.66 93.53
90.03 92.88
89.37 92.25
88.7 91.63
88.03 91.04
87.38 90.47
86.75 89.94
86.17 89.44
85.61 88.96
85.07 88.49
84.57 88.03
84.09 87.59
83.62 87.14
83.19 86.71
82.79 86.29
82.39 85.87
82.01 85.45
81.64 85.03
81.27 84.61
80.91 84.18
80.55 83.75
80.21 83.33
79.87 82.91
79.53 82.49
79.19 82.08
78.84 81.66
78.46 81.23
78.08 80.81
77.72 80.42
77.42 80.09
77.38 79.93
77.67 79.97
78.16 80.19
