64.0 66.85
66.54 68.28
70.74 70.62
76.7 73.91
84.2 78.0
92.72 82.62
101.63 87.41
110.29 92.0
118.12 96.08
124.63 99.45
129.5 102.01
132.59 103.78
134.0 104.87
133.91 105.44
132.65 105.68
130.5 105.74
127.75 105.77
124.61 105.86
121.3 106.05
118.02 106.37
114.91 106.78
112.07 107.22
109.54 107.64
107.31 107.96
105.32 108.13
103.52 108.13
101.84 107.94
100.26 107.56
98.71 107.01
97.18 106.28
95.61 105.38
93.96 104.3
92.18 103.02
90.24 101.56
88.19 99.95
86.12 98.26
84.18 96.58
82.52 95.01
81.3 93.64
80.58 92.51
80.38 91.65
80.65 91.03
81.31 90.61
82.26 90.32
83.38 90.1
84.55 89.91
85.67 89.69
86.65 89.43
87.42 89.1
87.95 88.7
88.22 88.24
88.23 87.73
88.01 87.2
87.56 86.65
86.92 86.09
86.1 85.53
85.14 84.96
84.09 84.38
82.95 83.79
81.75 83.18
80.54 82.57
79.36 81.97
78.23 81.39
77.2 80.83
76.26 80.3
75.41 79.79
74.62 79.28
73.87 78.75
73.14 78.19
72.43 77.6
71.72 76.97
70.99 76.29
70.25 75.58
69.52 74.86
68.83 74.14
68.21 73.46
67.69 72.81
67.27 72.22
66.91 71.65
66.57 71.1
66.21 70.54
65.79 69.94
65.3 69.31
64.72 68.63
64.1 67.93
63.48 67.25
62.92 66.63
62.49 66.13
62.32 65.91
62.39 65.82
62.62 65.72
