79.0 79.88
81.13 81.0
84.66 82.85
89.65 85.49
95.89 88.83
102.94 92.64
110.16 96.59
116.9 100.32
122.63 103.53
126.97 106.02
129.75 107.71
131.0 108.68
130.9 109.07
129.76 109.09
127.92 108.94
125.72 108.82
123.44 108.86
121.31 109.15
119.48 109.73
118.06 110.57
117.07 111.63
116.5 112.8
116.3 114.0
116.4 115.14
116.72 116.16
117.18 117.03
117.69 117.75
118.2 118.33
118.61 118.76
118.87 119.05
118.89 119.17
118.6 119.09
117.94 118.77
116.86 118.19
115.3 117.33
113.25 116.18
110.81 114.79
108.09 113.24
105.32 111.63
102.73 110.1
100.51 108.75
98.83 107.66
97.76 106.88
97.27 106.39
97.32 106.15
97.76 106.06
98.46 106.05
99.29 106.04
100.13 105.97
100.88 105.8
101.49 105.51
101.9 105.11
102.09 104.6
102.06 104.01
101.78 103.35
101.27 102.64
100.55 101.9
99.67 101.15
98.68 100.41
97.64 99.69
96.61 99.0
95.6 98.36
94.67 97.75
93.81 97.19
93.05 96.67
92.38 96.19
91.8 95.75
91.28 95.32
90.81 94.91
90.37 94.5
89.94 94.09
89.53 93.66
89.14 93.22
88.77 92.78
88.43 92.33
88.1 91.89
87.8 91.45
87.51 91.01
87.22 90.58
86.92 90.15
86.61 89.71
86.28 89.27
85.93 88.83
85.59 88.4
85.26 87.98
84.93 87.57
84.62 87.19
84.32 86.82
84.02 86.46
83.74 86.13
83.47 85.8
83.21 85.49
82.97 85.19
82.73 84.9
82.5 84.62
82.28 84.35
82.06 84.08
81.84 83.82
81.63 83.56
81.43 83.31
81.25 83.07
81.07 82.84
80.91 82.62
80.77 82.41
80.61 82.2
80.44 81.99
80.26 81.77
80.08 81.55
79.9 81.36
79.7 81.25
79.56 81.08
79.34 80.81
79.16 80.48
78.9 80.21
78.79 79.77
