56.0 59.68
62.07 62.75
72.74 68.25
88.39 76.33
107.86 86.42
128.31 97.35
146.92 107.64
161.49 115.91
170.57 121.25
174.0 123.49
172.63 123.09
167.75 120.95
160.65 118.04
152.38 115.15
143.68 112.75
135.04 111.0
126.74 109.87
118.94 109.24
111.7 108.97
105.07 108.87
99.02 108.77
93.5 108.45
88.46 107.69
83.84 106.35
79.57 104.43
75.65 102.06
72.07 99.46
68.86 96.86
66.05 94.42
63.67 92.19
61.76 90.11
60.31 88.12
59.34 86.14
58.84 84.15
58.8 82.2
59.19 80.37
59.99 78.7
61.14 77.24
62.54 76.0
64.08 74.94
65.64 74.02
67.12 73.2
68.44 72.45
69.5 71.74
70.27 71.05
70.72 70.37
70.84 69.7
70.66 69.04
70.22 68.39
69.57 67.78
68.78 67.21
67.92 66.7
67.01 66.26
66.1 65.88
65.18 65.53
64.25 65.21
63.3 64.88
62.36 64.53
61.43 64.16
60.55 63.77
59.73 63.36
58.97 62.95
58.25 62.53
57.57 62.08
56.91 61.6
56.23 61.08
55.57 60.56
55.04 60.22
55.11 60.26
55.5 60.49
