80.0 81.73
81.45 82.52
83.84 83.82
87.22 85.63
91.45 87.89
96.21 90.43
101.16 93.08
105.97 95.64
110.38 97.99
114.21 100.04
117.37 101.78
119.85 103.25
121.72 104.53
123.08 105.69
124.07 106.82
124.81 107.98
125.38 109.21
125.87 110.52
126.32 111.92
126.74 113.37
127.12 114.84
127.44 116.26
127.72 117.58
127.9 118.78
128.0 119.83
127.99 120.74
127.9 121.52
127.72 122.21
127.44 122.79
127.07 123.28
126.6 123.65
126.0 123.89
125.22 123.96
124.22 123.82
122.93 123.45
121.3 122.83
119.33 121.95
117.07 120.89
114.7 119.7
112.39 118.49
110.31 117.37
108.61 116.4
107.34 115.6
106.47 114.98
105.94 114.49
105.66 114.06
105.55 113.64
105.5 113.18
105.46 112.65
105.37 112.05
105.21 111.36
104.99 110.62
104.69 109.84
104.33 109.04
103.91 108.25
103.46 107.49
102.98 106.77
102.49 106.1
101.99 105.47
101.49 104.87
100.97 104.29
100.42 103.7
99.85 103.1
99.26 102.5
98.66 101.91
98.06 101.33
97.48 100.77
96.91 100.24
96.36 99.73
95.82 99.23
95.3 98.75
94.8 98.28
94.31 97.81
93.84 97.35
93.39 96.89
92.95 96.43
92.51 95.97
92.09 95.51
91.67 95.05
91.27 94.59
90.9 94.14
90.53 93.71
90.17 93.28
89.83 92.87
89.5 92.46
89.18 92.07
88.88 91.68
88.59 91.3
88.3 90.93
88.02 90.57
87.74 90.21
87.44 89.86
87.15 89.5
86.86 89.16
86.59 88.83
86.33 88.52
86.1 88.22
85.88 87.94
85.66 87.67
85.45 87.4
85.23 87.13
84.99 86.85
84.75 86.57
84.52 86.29
84.28 86.02
84.04 85.76
83.79 85.5
83.53 85.23
83.26 84.95
82.96 84.67
82.63 84.37
82.28 84.06
81.9 83.74
81.51 83.41
81.11 83.08
80.72 82.77
80.4 82.51
80.23 82.33
80.13 82.28
80.13 82.29
80.31 82.41
