85.0 85.55
87.19 86.71
90.86 88.64
96.04 91.38
102.44 94.82
109.55 98.69
116.73 102.66
123.44 106.41
129.24 109.68
133.82 112.3
137.0 114.21
138.69 115.45
139.0 116.1
138.1 116.31
136.27 116.22
133.81 115.99
131.0 115.76
128.09 115.64
125.28 115.68
122.69 115.9
120.39 116.27
118.43 116.72
116.83 117.19
115.61 117.63
114.73 118.02
114.16 118.33
113.83 118.58
113.64 118.74
113.49 118.78
113.28 118.67
112.88 118.36
112.23 117.83
111.3 117.09
110.14 116.16
108.85 115.1
107.54 114.0
106.31 112.92
105.23 111.9
104.32 110.99
103.64 110.2
103.17 109.53
102.91 108.97
102.84 108.51
102.94 108.12
103.17 107.8
103.48 107.52
103.84 107.26
104.21 107.02
104.55 106.77
104.82 106.52
105.0 106.25
105.06 105.97
104.98 105.67
104.78 105.35
104.45 105.0
104.02 104.63
103.5 104.23
102.91 103.82
102.28 103.39
101.6 102.95
100.88 102.5
100.12 102.03
99.31 101.55
98.47 101.04
97.6 100.52
96.73 99.98
95.88 99.44
95.09 98.91
94.37 98.4
93.73 97.92
93.19 97.47
92.75 97.04
92.36 96.63
92.0 96.21
91.67 95.78
91.34 95.34
91.0 94.88
90.66 94.41
90.33 93.93
90.02 93.46
89.71 93.0
89.43 92.57
89.17 92.16
88.93 91.77
88.7 91.39
88.47 91.03
88.25 90.68
88.01 90.33
87.77 89.99
87.52 89.64
87.27 89.3
87.01 88.98
86.77 88.66
86.55 88.37
86.35 88.1
86.16 87.86
85.98 87.63
85.81 87.41
85.65 87.2
85.48 86.99
85.33 86.79
85.18 86.6
85.05 86.41
84.92 86.23
84.82 86.06
84.72 85.9
84.61 85.74
84.5 85.58
84.36 85.42
84.2 85.27
84.07 85.12
83.86 84.94
83.62 84.75
83.46 84.65
83.28 84.7
83.08 84.78
