80.0 80.72
81.5 81.53
83.9 82.81
87.23 84.6
91.43 86.87
96.27 89.49
101.43 92.29
106.48 95.05
111.02 97.54
114.68 99.59
117.26 101.11
118.67 102.07
119.0 102.53
118.41 102.64
117.14 102.53
115.45 102.35
113.56 102.22
111.65 102.22
109.84 102.37
108.22 102.67
106.8 103.08
105.6 103.53
104.6 103.98
103.76 104.37
103.05 104.65
102.44 104.82
101.89 104.87
101.37 104.8
100.86 104.62
100.32 104.35
99.7 103.97
98.95 103.49
98.06 102.88
97.02 102.15
95.85 101.31
94.62 100.39
93.42 99.45
92.33 98.54
91.42 97.7
90.75 96.98
90.34 96.39
90.19 95.93
90.25 95.58
90.48 95.32
90.83 95.12
91.25 94.94
91.66 94.78
92.07 94.6
92.43 94.41
92.72 94.2
92.94 93.97
93.07 93.73
93.11 93.48
93.05 93.23
92.89 92.97
92.64 92.7
92.3 92.43
91.88 92.14
91.4 91.83
90.88 91.51
90.32 91.19
89.75 90.86
89.17 90.53
88.58 90.2
87.99 89.87
87.4 89.53
86.83 89.19
86.28 88.84
85.76 88.5
85.27 88.16
84.81 87.81
84.38 87.47
83.99 87.13
83.64 86.79
83.31 86.44
83.0 86.1
82.73 85.76
82.48 85.42
82.26 85.1
82.07 84.78
81.9 84.48
81.75 84.19
81.64 83.92
81.54 83.66
81.45 83.42
81.36 83.18
81.27 82.95
81.17 82.72
81.05 82.48
80.89 82.25
80.71 82.0
80.49 81.74
80.25 81.49
79.98 81.24
79.73 81.0
79.53 80.81
79.45 80.69
79.52 80.74
79.85 80.95
80.62 81.22
