58.0 59.2
59.92 60.23
63.18 61.96
67.87 64.43
73.75 67.56
80.3 71.08
86.87 74.65
92.85 77.94
97.88 80.73
101.84 82.94
104.77 84.64
106.8 85.96
108.13 87.08
108.98 88.16
109.5 89.29
109.83 90.51
110.0 91.82
109.99 93.17
109.79 94.53
109.4 95.85
108.84 97.06
108.12 98.14
107.28 99.04
106.38 99.74
105.41 100.26
104.41 100.62
103.37 100.86
102.3 101.01
101.19 101.08
100.03 101.07
98.82 100.95
97.57 100.69
96.21 100.26
94.72 99.63
93.06 98.78
91.2 97.72
89.17 96.49
87.06 95.13
85.0 93.74
83.08 92.38
81.4 91.11
80.01 89.97
78.94 88.97
78.17 88.11
77.71 87.36
77.49 86.7
77.5 86.11
77.66 85.56
77.91 85.04
78.19 84.52
78.47 84.0
78.72 83.47
78.93 82.94
79.07 82.4
79.14 81.88
79.12 81.37
79.02 80.88
78.83 80.41
78.56 79.95
78.2 79.49
77.78 79.04
77.3 78.59
76.8 78.15
76.26 77.72
75.71 77.31
75.15 76.9
74.56 76.49
73.95 76.08
73.32 75.66
72.68 75.23
72.0 74.78
71.3 74.3
70.58 73.81
69.85 73.3
69.12 72.77
68.42 72.23
67.76 71.7
67.12 71.17
66.53 70.65
65.96 70.14
65.43 69.63
64.93 69.12
64.47 68.62
64.06 68.13
63.69 67.65
63.35 67.19
63.04 66.74
62.74 66.3
62.44 65.87
62.17 65.44
61.91 65.03
61.67 64.63
61.44 64.24
61.23 63.87
61.01 63.51
60.78 63.16
60.51 62.79
60.21 62.43
59.87 62.05
59.52 61.67
59.17 61.29
58.84 60.94
58.54 60.62
58.27 60.32
58.03 60.05
57.86 59.83
57.7 59.64
57.45 59.36
57.36 59.2
57.31 59.07
57.04 58.83
56.94 58.65
