82.0 84.37
83.81 85.34
86.71 86.92
90.74 89.11
95.78 91.83
101.54 94.93
107.67 98.19
113.75 101.38
119.36 104.31
124.18 106.84
128.01 108.9
130.8 110.51
132.63 111.75
133.64 112.73
134.0 113.57
133.85 114.37
133.34 115.17
132.54 116.01
131.53 116.85
130.33 117.67
128.98 118.41
127.49 119.04
125.89 119.51
124.23 119.82
122.53 119.98
120.85 120.0
119.22 119.89
117.61 119.67
115.98 119.3
114.31 118.8
112.53 118.12
110.62 117.28
108.61 116.27
106.57 115.14
104.59 113.93
102.74 112.68
101.09 111.45
99.67 110.26
98.48 109.14
97.55 108.1
96.83 107.14
96.32 106.24
96.01 105.41
95.86 104.63
95.81 103.88
95.83 103.16
95.85 102.44
95.86 101.72
95.82 101.0
95.73 100.29
95.61 99.6
95.45 98.95
95.24 98.33
95.0 97.76
94.72 97.21
94.42 96.7
94.1 96.21
93.77 95.75
93.43 95.32
93.08 94.91
92.7 94.52
92.3 94.14
91.89 93.77
91.48 93.42
91.07 93.07
90.66 92.73
90.26 92.38
89.84 92.03
89.39 91.66
88.91 91.27
88.4 90.86
87.87 90.43
87.33 90.0
86.8 89.56
86.26 89.11
85.72 88.65
85.18 88.2
84.65 87.74
84.13 87.29
83.65 86.85
83.22 86.43
82.82 86.02
82.44 85.62
82.08 85.21
81.74 84.82
81.43 84.44
81.22 84.14
81.24 84.02
81.41 84.0
81.76 84.11
