79.0 79.85
80.42 80.62
82.48 81.75
85.26 83.28
88.72 85.18
92.78 87.4
97.29 89.87
102.06 92.47
106.79 95.05
111.22 97.5
115.11 99.71
118.29 101.59
120.64 103.11
122.17 104.31
122.92 105.21
123.0 105.91
122.55 106.48
121.73 107.0
120.68 107.53
119.55 108.1
118.42 108.73
117.38 109.43
116.49 110.17
115.77 110.93
115.23 111.69
114.86 112.42
114.65 113.1
114.55 113.72
114.54 114.25
114.57 114.68
114.58 114.99
114.5 115.17
114.25 115.18
113.74 114.98
112.91 114.56
111.76 113.93
110.32 113.12
108.69 112.17
107.0 111.17
105.37 110.19
103.9 109.28
102.67 108.49
101.7 107.82
101.0 107.28
100.55 106.83
100.32 106.46
100.26 106.14
100.32 105.83
100.45 105.52
100.58 105.18
100.69 104.8
100.73 104.38
100.69 103.93
100.58 103.44
100.38 102.95
100.11 102.45
99.78 101.96
99.4 101.49
98.97 101.02
98.51 100.55
98.01 100.09
97.48 99.62
96.93 99.16
96.37 98.69
95.8 98.23
95.22 97.77
94.65 97.32
94.09 96.88
93.54 96.44
93.01 96.01
92.5 95.59
92.01 95.18
91.54 94.76
91.08 94.35
90.63 93.94
90.21 93.52
89.79 93.1
89.39 92.68
89.01 92.26
88.64 91.84
88.28 91.43
87.93 91.02
87.59 90.61
87.26 90.21
86.94 89.81
86.62 89.42
86.31 89.04
86.02 88.67
85.74 88.32
85.47 87.97
85.23 87.65
85.0 87.33
84.78 87.03
84.57 86.73
84.34 86.44
84.11 86.15
83.88 85.86
83.64 85.57
83.41 85.29
83.18 85.02
82.97 84.76
82.77 84.51
82.58 84.28
82.4 84.05
82.24 83.84
82.08 83.64
81.94 83.44
81.79 83.25
81.63 83.05
81.46 82.85
81.28 82.64
81.05 82.41
80.81 82.17
80.54 81.92
80.25 81.66
79.94 81.4
79.64 81.15
79.38 80.92
79.16 80.73
79.03 80.59
79.05 80.55
79.2 80.64
79.54 80.83
80.12 81.2
