72.0 73.84
73.84 74.87
77.03 76.63
81.68 79.14
87.57 82.28
94.16 85.78
100.73 89.23
106.5 92.25
110.92 94.56
113.82 96.09
115.37 96.94
115.89 97.37
115.85 97.69
115.67 98.16
115.57 98.91
115.61 99.97
115.75 101.27
115.9 102.69
116.0 104.13
115.97 105.49
115.8 106.73
115.52 107.79
115.14 108.66
114.67 109.32
114.14 109.8
113.56 110.12
112.93 110.34
112.27 110.49
111.56 110.62
110.8 110.71
109.96 110.71
108.95 110.55
107.7 110.14
106.1 109.42
104.11 108.37
101.75 107.04
99.17 105.54
96.58 104.0
94.23 102.57
92.35 101.38
91.05 100.48
90.36 99.87
90.17 99.48
90.33 99.21
90.66 98.97
91.01 98.65
91.29 98.21
91.45 97.65
91.49 96.98
91.39 96.25
91.22 95.48
90.98 94.72
90.7 93.99
90.39 93.32
90.04 92.7
89.66 92.13
89.24 91.62
88.8 91.13
88.33 90.66
87.86 90.2
87.36 89.72
86.87 89.24
86.35 88.75
85.83 88.26
85.3 87.79
84.76 87.33
84.21 86.88
83.65 86.44
83.08 85.99
82.5 85.54
81.91 85.06
81.31 84.57
80.7 84.07
80.09 83.56
79.51 83.06
78.95 82.56
78.42 82.07
77.94 81.6
77.5 81.14
77.09 80.68
76.71 80.24
76.34 79.8
75.98 79.36
75.62 78.91
75.27 78.46
74.9 78.01
74.53 77.56
74.16 77.12
73.79 76.68
73.41 76.24
73.01 75.8
72.62 75.37
72.23 74.95
71.85 74.54
71.51 74.16
71.23 73.82
71.02 73.54
70.95 73.37
71.0 73.35
71.22 73.36
