84.0 85.87
86.09 87.01
89.26 88.77
93.54 91.15
98.9 94.13
105.18 97.58
112.1 101.34
119.22 105.19
126.09 108.89
132.28 112.23
137.44 115.07
141.37 117.34
144.04 119.07
145.52 120.35
146.0 121.3
145.65 122.07
144.66 122.74
143.22 123.39
141.44 124.04
139.46 124.68
137.34 125.29
135.16 125.84
132.96 126.3
130.77 126.61
128.58 126.76
126.38 126.69
124.12 126.4
121.77 125.86
119.32 125.09
116.77 124.11
114.2 122.98
111.67 121.74
109.28 120.46
107.09 119.17
105.18 117.9
103.56 116.67
102.24 115.48
101.21 114.34
100.46 113.25
99.93 112.21
99.6 111.21
99.45 110.26
99.43 109.36
99.52 108.49
99.69 107.67
99.9 106.87
100.08 106.1
100.22 105.35
100.27 104.61
100.21 103.88
100.04 103.16
99.77 102.46
99.41 101.79
98.98 101.15
98.5 100.54
97.98 99.97
97.43 99.43
96.87 98.92
96.3 98.44
95.73 97.98
95.16 97.53
94.59 97.08
94.02 96.64
93.42 96.18
92.81 95.71
92.19 95.22
91.55 94.73
90.92 94.24
90.3 93.75
89.71 93.28
89.17 92.81
88.66 92.35
88.19 91.9
87.75 91.45
87.34 91.0
86.95 90.54
86.58 90.09
86.21 89.62
85.84 89.16
85.45 88.68
85.03 88.2
84.59 87.73
84.16 87.28
83.78 86.89
83.54 86.61
83.35 86.41
83.49 86.41
83.57 86.34
83.91 86.46
