75.0 76.14
75.73 76.53
76.94 77.19
78.67 78.11
80.83 79.25
83.24 80.52
85.7 81.82
88.04 83.05
90.17 84.18
92.1 85.21
93.85 86.18
95.48 87.14
97.02 88.12
98.45 89.11
99.71 90.09
100.74 91.02
101.48 91.86
101.9 92.58
102.0 93.17
101.8 93.65
101.37 94.04
100.76 94.33
100.01 94.56
99.17 94.72
98.29 94.82
97.36 94.88
96.43 94.9
95.47 94.86
94.47 94.76
93.39 94.57
92.24 94.27
91.02 93.85
89.78 93.35
88.57 92.78
87.45 92.19
86.47 91.61
85.62 91.06
84.92 90.55
84.35 90.08
83.92 89.63
83.61 89.2
83.39 88.79
83.27 88.38
83.23 87.99
83.24 87.6
83.29 87.22
83.36 86.85
83.42 86.47
83.45 86.11
83.45 85.74
83.4 85.38
83.29 85.02
83.14 84.68
82.97 84.34
82.77 84.02
82.54 83.72
82.31 83.43
82.07 83.16
81.82 82.9
81.57 82.67
81.31 82.44
81.06 82.22
80.79 82.0
80.53 81.79
80.25 81.57
79.97 81.35
79.69 81.12
79.42 80.9
79.15 80.68
78.89 80.46
78.65 80.24
78.42 80.04
78.21 79.83
78.02 79.64
77.84 79.45
77.67 79.25
77.49 79.05
77.31 78.85
77.11 78.63
76.91 78.41
76.69 78.17
76.47 77.93
76.23 77.69
75.99 77.45
75.75 77.21
75.52 76.99
75.31 76.78
75.15 76.62
75.08 76.5
75.1 76.45
75.08 76.44
75.17 76.41
