85.0 87.04
87.92 88.7
92.69 91.36
99.41 95.06
107.81 99.66
117.35 104.87
127.35 110.29
137.04 115.5
145.69 120.13
152.72 123.91
157.79 126.73
160.82 128.62
162.0 129.74
161.64 130.33
160.16 130.65
158.0 130.92
155.48 131.33
152.85 131.97
150.3 132.84
147.94 133.91
145.8 135.07
143.9 136.24
142.25 137.32
140.83 138.24
139.58 138.95
138.43 139.42
137.29 139.63
136.07 139.58
134.65 139.25
132.97 138.62
130.98 137.73
128.72 136.58
126.28 135.25
123.8 133.79
121.43 132.29
119.29 130.82
117.48 129.43
116.04 128.16
114.96 127.01
114.22 125.98
113.77 125.05
113.53 124.18
113.45 123.35
113.43 122.52
113.41 121.67
113.36 120.8
113.21 119.89
112.98 118.96
112.66 118.03
112.27 117.11
111.8 116.22
111.27 115.37
110.68 114.55
110.04 113.77
109.35 113.01
108.63 112.26
107.89 111.53
107.13 110.82
106.38 110.13
105.66 109.46
104.95 108.82
104.27 108.2
103.62 107.6
102.99 107.01
102.37 106.43
101.76 105.85
101.12 105.26
100.48 104.66
99.82 104.05
99.14 103.42
98.46 102.78
97.79 102.14
97.12 101.5
96.48 100.87
95.86 100.25
95.26 99.63
94.7 99.04
94.17 98.45
93.67 97.88
93.19 97.32
92.73 96.77
92.27 96.23
91.82 95.69
91.39 95.17
90.99 94.66
90.62 94.18
90.28 93.72
89.98 93.29
89.71 92.87
89.46 92.48
89.21 92.09
88.97 91.71
88.74 91.34
88.5 90.98
88.24 90.6
87.94 90.22
87.59 89.83
87.23 89.44
86.86 89.04
86.49 88.65
86.12 88.28
85.75 87.91
85.36 87.54
84.93 87.18
84.5 86.84
84.12 86.57
83.98 86.47
84.31 86.58
84.62 86.7
85.04 87.05
