74.99 78.13
77.96 79.71
82.73 82.33
89.45 85.95
97.71 90.41
106.9 95.44
116.64 100.7
126.33 105.84
135.29 110.52
142.87 114.48
148.51 117.49
151.88 119.47
153.0 120.48
152.1 120.68
149.61 120.32
145.98 119.68
141.66 119.0
136.99 118.43
132.23 118.05
127.54 117.82
123.02 117.66
118.72 117.46
114.65 117.14
110.79 116.62
107.12 115.9
103.64 114.95
100.37 113.81
97.33 112.5
94.59 111.08
92.18 109.6
90.12 108.11
88.42 106.67
87.09 105.28
86.12 103.96
85.48 102.7
85.13 101.47
85.04 100.27
85.15 99.08
85.4 97.91
85.72 96.78
86.09 95.69
86.46 94.64
86.8 93.64
87.08 92.7
87.28 91.81
87.4 90.98
87.4 90.21
87.31 89.5
87.11 88.84
86.83 88.23
86.49 87.67
86.08 87.15
85.62 86.67
85.14 86.22
84.63 85.8
84.08 85.39
83.51 84.99
82.91 84.6
82.32 84.21
81.73 83.84
81.16 83.47
80.6 83.1
80.05 82.72
79.5 82.33
78.93 81.92
78.37 81.5
77.81 81.06
77.26 80.6
76.71 80.13
76.16 79.65
75.6 79.14
75.01 78.63
74.45 78.14
74.08 77.77
73.9 77.56
73.95 77.63
74.23 77.88
