69.0 72.39
72.19 74.09
77.49 76.95
85.06 80.98
94.5 85.98
104.98 91.55
115.58 97.16
125.33 102.3
133.41 106.54
139.37 109.68
143.14 111.73
144.91 112.87
145.0 113.36
143.78 113.5
141.63 113.52
138.87 113.57
135.74 113.75
132.42 114.07
129.03 114.49
125.63 114.95
122.23 115.34
118.85 115.57
115.49 115.53
112.13 115.18
108.77 114.47
105.4 113.45
102.04 112.17
98.7 110.7
95.41 109.1
92.27 107.44
89.32 105.74
86.63 104.04
84.27 102.33
82.27 100.64
80.63 98.98
79.35 97.38
78.45 95.84
77.9 94.4
77.65 93.04
77.66 91.78
77.87 90.61
78.22 89.51
78.64 88.48
79.08 87.49
79.47 86.54
79.76 85.61
79.93 84.69
79.93 83.8
79.78 82.92
79.48 82.07
79.06 81.25
78.53 80.46
77.91 79.71
77.23 79.01
76.5 78.34
75.74 77.71
74.95 77.11
74.17 76.54
73.41 76.0
72.66 75.47
71.93 74.95
71.22 74.44
70.52 73.93
69.83 73.41
69.17 72.89
68.51 72.36
67.86 71.81
67.21 71.27
66.61 70.76
66.21 70.39
66.14 70.29
66.6 70.39
67.61 70.71
