68.99 72.44
71.79 73.93
76.81 76.55
84.12 80.35
93.22 85.07
103.08 90.21
112.43 95.12
120.17 99.22
125.76 102.19
129.23 103.98
130.86 104.8
131.0 104.97
129.98 104.82
128.15 104.61
125.75 104.47
123.01 104.46
120.12 104.57
117.21 104.8
114.36 105.14
111.63 105.54
109.05 105.94
106.61 106.25
104.32 106.37
102.18 106.24
100.19 105.87
98.35 105.29
96.65 104.59
95.01 103.83
93.38 103.0
91.68 102.07
89.87 100.99
88.0 99.74
86.16 98.35
84.51 96.91
83.16 95.53
82.23 94.3
81.72 93.26
81.6 92.42
81.79 91.73
82.22 91.15
82.81 90.65
83.49 90.18
84.18 89.73
84.82 89.27
85.34 88.78
85.69 88.26
85.86 87.7
85.85 87.11
85.7 86.53
85.46 85.97
85.15 85.48
84.78 85.06
84.37 84.69
83.91 84.35
83.4 84.03
82.84 83.69
82.25 83.33
81.66 82.96
81.06 82.6
80.48 82.24
79.92 81.9
79.4 81.58
78.91 81.26
78.44 80.94
77.97 80.62
77.5 80.27
76.98 79.89
76.42 79.47
75.82 79.01
75.2 78.51
74.56 77.97
73.91 77.4
73.27 76.82
72.61 76.24
71.94 75.65
71.24 75.05
70.49 74.44
69.72 73.81
68.95 73.17
68.21 72.54
67.58 71.96
67.15 71.49
67.05 71.23
67.48 71.34
68.43 71.77
