87.0 88.12
88.88 89.17
91.85 90.81
95.94 93.07
101.04 95.89
106.9 99.11
113.17 102.53
119.4 105.91
125.13 109.01
129.95 111.63
133.58 113.66
135.9 115.1
136.99 115.99
137.0 116.47
136.16 116.7
134.74 116.82
132.92 116.93
130.87 117.11
128.73 117.38
126.61 117.72
124.56 118.1
122.62 118.46
120.83 118.79
119.19 119.03
117.71 119.16
116.34 119.15
115.03 118.98
113.68 118.62
112.2 118.04
110.54 117.25
108.69 116.25
106.7 115.09
104.65 113.82
102.68 112.51
100.88 111.23
99.35 110.02
98.13 108.91
97.25 107.92
96.67 107.04
96.34 106.24
96.2 105.49
96.17 104.78
96.2 104.07
96.24 103.35
96.26 102.62
96.24 101.88
96.17 101.14
96.06 100.41
95.91 99.71
95.72 99.05
95.52 98.45
95.29 97.91
95.06 97.42
94.81 96.97
94.53 96.54
94.2 96.12
93.82 95.69
93.38 95.25
92.9 94.8
92.38 94.35
91.86 93.92
91.35 93.5
90.9 93.13
90.52 92.81
90.21 92.53
89.99 92.3
89.82 92.09
89.66 91.88
89.48 91.66
89.26 91.4
88.99 91.12
88.69 90.8
88.4 90.48
88.13 90.17
87.9 89.88
87.7 89.61
87.52 89.36
87.33 89.11
87.12 88.85
86.87 88.58
86.58 88.3
86.28 88.01
86.0 87.76
85.88 87.62
86.12 87.73
86.66 88.0
