78.0 81.34
80.61 82.7
84.73 84.91
90.42 87.95
97.43 91.71
105.38 96.0
113.95 100.62
122.83 105.34
131.54 109.95
139.6 114.26
146.59 118.11
152.25 121.4
156.46 124.1
159.23 126.24
160.69 127.92
161.0 129.25
160.29 130.31
158.66 131.16
156.21 131.8
152.96 132.19
148.99 132.26
144.41 131.99
139.36 131.35
133.95 130.39
128.35 129.15
122.74 127.7
117.29 126.12
112.14 124.47
107.44 122.81
103.3 121.16
99.73 119.56
96.75 118.0
94.31 116.48
92.37 114.96
90.85 113.41
89.67 111.81
88.79 110.14
88.14 108.43
87.69 106.68
87.36 104.93
87.12 103.19
86.92 101.5
86.74 99.88
86.59 98.33
86.49 96.87
86.43 95.52
86.39 94.28
86.35 93.13
86.26 92.06
86.07 91.05
85.77 90.08
85.37 89.16
84.89 88.27
84.34 87.42
83.75 86.64
83.13 85.9
82.49 85.22
81.81 84.57
81.09 83.94
80.32 83.31
79.5 82.69
78.67 82.08
77.84 81.51
77.13 81.06
76.88 80.93
77.57 80.94
78.3 81.17
