77.0 79.75
79.34 80.97
83.22 83.03
88.68 85.92
95.39 89.48
102.8 93.46
110.39 97.52
117.64 101.37
124.12 104.79
129.52 107.66
133.7 109.95
136.61 111.7
138.32 113.01
139.0 114.0
138.86 114.8
138.11 115.52
136.94 116.24
135.48 117.0
133.8 117.8
131.94 118.58
129.93 119.28
127.75 119.81
125.42 120.1
122.89 120.09
120.17 119.77
117.26 119.16
114.18 118.3
111.03 117.26
107.91 116.1
104.95 114.89
102.25 113.68
99.91 112.52
97.95 111.41
96.35 110.36
95.12 109.36
94.21 108.36
93.54 107.35
93.05 106.3
92.67 105.21
92.34 104.07
92.0 102.87
91.6 101.63
91.15 100.37
90.63 99.09
90.03 97.82
89.39 96.59
88.72 95.41
88.03 94.3
87.34 93.26
86.68 92.29
86.05 91.38
85.44 90.54
84.88 89.75
84.34 89.01
83.85 88.32
83.37 87.67
82.92 87.06
82.48 86.47
82.05 85.91
81.6 85.35
81.16 84.81
80.71 84.27
80.25 83.74
79.77 83.22
79.29 82.69
78.79 82.17
78.27 81.65
77.76 81.14
77.27 80.65
76.91 80.24
76.6 79.97
76.34 79.63
76.23 79.39
