70.99 73.31
73.09 74.42
76.43 76.24
81.04 78.75
86.7 81.84
93.05 85.31
99.78 88.96
106.58 92.61
113.13 96.09
119.09 99.25
124.14 101.99
128.08 104.27
130.85 106.08
132.45 107.45
133.0 108.45
132.63 109.19
131.53 109.76
129.84 110.24
127.69 110.65
125.21 110.99
122.48 111.25
119.6 111.38
116.63 111.36
113.62 111.17
110.58 110.79
107.55 110.25
104.53 109.53
101.55 108.64
98.63 107.61
95.84 106.46
93.25 105.24
90.9 103.98
88.85 102.74
87.13 101.52
85.72 100.33
84.6 99.17
83.76 98.04
83.18 96.92
82.81 95.83
82.64 94.78
82.63 93.77
82.75 92.81
82.97 91.9
83.26 91.05
83.57 90.25
83.88 89.51
84.16 88.81
84.39 88.15
84.54 87.53
84.61 86.95
84.58 86.4
84.47 85.87
84.27 85.37
84.0 84.9
83.67 84.45
83.28 84.03
82.84 83.62
82.35 83.24
81.83 82.86
81.27 82.49
80.68 82.11
80.06 81.73
79.43 81.34
78.78 80.94
78.14 80.53
77.49 80.12
76.87 79.7
76.25 79.27
75.67 78.84
75.1 78.41
74.57 77.98
74.07 77.55
73.59 77.12
73.14 76.68
72.71 76.24
72.3 75.8
71.9 75.36
71.53 74.93
71.32 74.55
71.07 74.29
70.74 74.0
70.23 73.42
69.7 72.79
69.16 72.25
68.43 71.18
