67.99 68.65
69.4 69.38
71.54 70.52
74.47 72.1
78.14 74.08
82.39 76.4
87.01 78.91
91.72 81.49
96.24 83.96
100.27 86.2
103.61 88.13
106.12 89.68
107.8 90.89
108.71 91.8
108.99 92.51
108.81 93.11
108.31 93.68
107.62 94.28
106.84 94.94
106.01 95.65
105.16 96.39
104.33 97.12
103.52 97.8
102.73 98.41
101.99 98.92
101.29 99.35
100.65 99.69
100.07 99.96
99.56 100.15
99.1 100.28
98.68 100.35
98.25 100.34
97.76 100.22
97.12 99.97
96.31 99.55
95.27 98.95
94.03 98.19
92.64 97.3
91.17 96.33
89.75 95.34
88.44 94.39
87.33 93.53
86.45 92.78
85.81 92.15
85.37 91.63
85.14 91.19
85.07 90.82
85.11 90.48
85.24 90.17
85.41 89.85
85.6 89.54
85.8 89.22
85.97 88.89
86.12 88.57
86.23 88.25
86.27 87.94
86.22 87.61
86.06 87.26
85.78 86.88
85.39 86.47
84.91 86.04
84.37 85.6
83.79 85.16
83.22 84.75
82.66 84.36
82.13 84.0
81.63 83.66
81.15 83.33
80.7 83.01
80.26 82.69
79.82 82.37
79.38 82.03
78.96 81.68
78.53 81.32
78.11 80.96
77.7 80.58
77.3 80.2
76.89 79.82
76.5 79.43
76.12 79.04
75.74 78.66
75.37 78.28
75.02 77.9
74.67 77.53
74.33 77.15
74.01 76.78
73.71 76.42
73.44 76.08
73.19 75.75
72.98 75.44
72.81 75.15
72.67 74.89
72.55 74.64
72.44 74.39
72.32 74.16
72.19 73.92
72.04 73.69
71.88 73.45
71.72 73.22
71.56 72.99
71.38 72.77
71.2 72.54
71.0 72.32
70.79 72.09
70.56 71.87
70.33 71.65
70.09 71.43
69.86 71.22
69.64 71.02
69.45 70.83
69.27 70.65
69.11 70.47
68.94 70.29
68.77 70.11
68.58 69.92
68.4 69.73
68.26 69.55
68.11 69.4
67.87 69.3
67.68 69.09
67.58 68.93
67.59 68.87
67.77 68.88
