81.0 81.56
84.16 83.23
89.32 85.97
96.67 89.88
105.89 94.8
116.19 100.39
126.6 106.13
136.13 111.46
143.88 115.89
149.31 119.13
152.27 121.11
153.0 121.99
151.98 122.11
149.81 121.85
147.02 121.55
144.04 121.48
141.17 121.77
138.57 122.45
136.32 123.46
134.42 124.7
132.85 126.03
131.54 127.32
130.42 128.43
129.42 129.28
128.47 129.82
127.5 130.04
126.44 129.96
125.24 129.63
123.85 129.09
122.25 128.36
120.39 127.45
118.24 126.32
115.82 124.96
113.12 123.36
110.2 121.52
107.18 119.51
104.2 117.42
101.43 115.34
98.98 113.38
96.98 111.61
95.48 110.07
94.47 108.76
93.9 107.65
93.7 106.71
93.76 105.86
93.96 105.07
94.21 104.27
94.41 103.44
94.52 102.56
94.52 101.64
94.38 100.67
94.13 99.69
93.78 98.72
93.36 97.79
92.88 96.91
92.36 96.08
91.81 95.32
91.24 94.6
90.65 93.92
90.03 93.27
89.41 92.64
88.79 92.04
88.19 91.46
87.6 90.9
87.05 90.38
86.54 89.89
86.07 89.44
85.66 89.02
85.3 88.64
85.0 88.29
84.74 87.96
84.51 87.65
84.31 87.34
84.13 87.03
83.96 86.73
83.82 86.44
83.68 86.14
83.54 85.86
83.41 85.58
83.27 85.3
83.13 85.03
82.99 84.76
82.82 84.5
82.65 84.24
82.47 83.99
82.29 83.75
82.11 83.53
81.94 83.31
81.76 83.11
81.58 82.9
81.41 82.71
81.29 82.54
81.24 82.42
81.08 82.32
80.8 82.28
80.59 82.0
80.3 81.73
80.09 81.45
80.05 81.22
80.12 80.95
