105.0 107.79
107.07 108.87
110.5 110.67
115.46 113.26
121.72 116.52
128.75 120.2
135.91 123.98
142.64 127.53
148.51 130.61
153.25 133.05
156.64 134.82
158.56 135.92
159.0 136.42
158.03 136.43
155.95 136.13
153.21 135.7
150.25 135.32
147.32 135.13
144.56 135.17
142.01 135.42
139.69 135.78
137.51 136.11
135.41 136.27
133.27 136.14
131.0 135.68
128.52 134.86
125.83 133.75
123.04 132.43
120.29 131.0
117.75 129.59
115.61 128.28
113.99 127.15
112.92 126.23
112.39 125.53
112.32 124.99
112.6 124.54
113.11 124.09
113.73 123.6
114.39 123.03
115.02 122.37
115.55 121.65
115.94 120.89
116.17 120.11
116.24 119.34
116.18 118.59
116.0 117.89
115.73 117.24
115.38 116.64
114.96 116.09
114.46 115.56
113.89 115.06
113.26 114.56
112.58 114.05
111.85 113.54
111.09 113.04
110.32 112.54
109.57 112.07
108.88 111.62
108.24 111.2
107.63 110.78
107.01 110.36
106.38 109.91
105.74 109.45
105.12 108.97
104.56 108.51
104.13 108.09
103.84 107.74
103.72 107.51
103.9 107.5
104.62 107.7
