67.0 68.38
69.03 69.51
72.24 71.29
76.67 73.74
82.2 76.78
88.54 80.26
95.35 83.99
102.27 87.74
108.87 91.3
114.71 94.45
119.41 97.06
122.73 99.03
124.57 100.36
125.0 101.1
124.18 101.37
122.36 101.33
119.79 101.1
116.73 100.83
113.42 100.59
110.01 100.41
106.67 100.29
103.49 100.2
100.52 100.1
97.81 99.97
95.38 99.78
93.25 99.51
91.38 99.16
89.79 98.74
88.42 98.22
87.25 97.61
86.2 96.91
85.23 96.1
84.27 95.18
83.27 94.14
82.22 92.99
81.14 91.75
80.09 90.46
79.1 89.16
78.24 87.91
77.54 86.75
77.04 85.7
76.73 84.78
76.62 84.0
76.69 83.34
76.94 82.8
77.34 82.38
77.87 82.06
78.5 81.83
79.2 81.68
79.92 81.58
80.64 81.52
81.29 81.47
81.86 81.43
82.3 81.38
82.6 81.32
82.74 81.23
82.73 81.1
82.57 80.95
82.26 80.76
81.84 80.54
81.31 80.3
80.7 80.04
80.04 79.77
79.35 79.5
78.66 79.24
77.97 78.97
77.3 78.7
76.65 78.43
76.04 78.16
75.47 77.87
74.92 77.58
74.42 77.27
73.94 76.95
73.49 76.61
73.06 76.27
72.67 75.92
72.3 75.56
71.95 75.19
71.62 74.81
71.3 74.44
71.0 74.06
70.72 73.68
70.44 73.31
70.18 72.94
69.94 72.58
69.69 72.23
69.46 71.88
69.24 71.55
69.01 71.22
68.77 70.89
68.53 70.57
68.27 70.24
67.99 69.92
67.7 69.59
67.38 69.26
67.05 68.93
66.72 68.61
66.41 68.31
66.2 68.07
66.08 67.91
66.12 67.87
66.41 67.95
66.8 68.07
