72.0 72.7
73.16 73.33
75.0 74.31
77.53 75.67
80.66 77.37
84.23 79.33
88.05 81.41
91.89 83.52
95.59 85.55
98.99 87.44
101.98 89.14
104.47 90.63
106.46 91.95
107.95 93.1
108.99 94.13
109.63 95.07
109.95 95.95
110.0 96.8
109.83 97.63
109.51 98.44
109.06 99.23
108.53 99.97
107.92 100.64
107.27 101.23
106.57 101.72
105.83 102.12
105.05 102.42
104.24 102.62
103.37 102.71
102.41 102.68
101.36 102.52
100.17 102.19
98.82 101.7
97.28 101.04
95.59 100.23
93.81 99.3
92.02 98.3
90.32 97.29
88.8 96.31
87.51 95.41
86.48 94.59
85.69 93.87
85.14 93.22
84.78 92.63
84.59 92.08
84.51 91.55
84.52 91.04
84.59 90.53
84.71 90.03
84.83 89.54
84.96 89.06
85.07 88.59
85.15 88.14
85.17 87.7
85.14 87.28
85.04 86.87
84.88 86.47
84.66 86.08
84.4 85.7
84.1 85.33
83.78 84.97
83.44 84.62
83.08 84.3
82.71 83.98
82.34 83.69
81.96 83.41
81.6 83.14
81.23 82.87
80.88 82.61
80.54 82.35
80.21 82.09
79.87 81.83
79.54 81.56
79.2 81.28
78.87 80.99
78.53 80.69
78.2 80.4
77.87 80.09
77.55 79.78
77.22 79.47
76.91 79.16
76.61 78.86
76.32 78.56
76.06 78.27
75.81 77.98
75.58 77.71
75.37 77.45
75.18 77.19
74.99 76.94
74.82 76.69
74.64 76.45
74.48 76.21
74.31 75.98
74.14 75.75
73.97 75.52
73.8 75.3
73.63 75.08
73.46 74.87
73.29 74.66
73.12 74.46
72.95 74.26
72.78 74.06
72.6 73.87
72.42 73.67
72.25 73.49
72.08 73.31
71.92 73.15
71.82 73.03
71.75 72.96
71.73 72.91
71.81 72.94
71.9 72.98
72.13 73.1
