67.0 68.63
68.77 69.53
71.98 71.15
76.67 73.52
82.47 76.48
88.58 79.68
94.12 82.66
98.41 85.05
101.19 86.65
102.6 87.48
103.0 87.74
102.75 87.72
102.17 87.69
101.45 87.82
100.74 88.2
100.14 88.81
99.7 89.63
99.43 90.59
99.29 91.65
99.22 92.73
99.13 93.75
98.94 94.63
98.59 95.26
98.06 95.62
97.35 95.69
96.5 95.56
95.54 95.31
94.49 95.0
93.33 94.65
92.0 94.24
90.45 93.69
88.67 92.96
86.72 92.06
84.79 91.06
83.12 90.09
81.9 89.27
81.2 88.67
80.99 88.28
81.1 88.05
81.36 87.86
81.63 87.64
81.81 87.32
81.89 86.89
81.85 86.36
81.69 85.76
81.4 85.1
81.02 84.42
80.57 83.73
80.08 83.05
79.58 82.4
79.08 81.8
78.6 81.26
78.12 80.79
77.66 80.36
77.23 79.96
76.82 79.56
76.43 79.16
76.06 78.76
75.72 78.35
75.38 77.96
75.06 77.59
74.74 77.24
74.41 76.89
74.07 76.55
73.72 76.2
73.35 75.84
72.97 75.47
72.57 75.09
72.17 74.71
71.76 74.32
71.35 73.93
70.93 73.53
70.54 73.15
70.16 72.77
69.82 72.42
69.51 72.08
69.23 71.75
68.95 71.43
68.68 71.11
68.39 70.79
68.08 70.45
67.76 70.1
67.43 69.75
67.1 69.4
66.81 69.07
66.58 68.8
66.41 68.58
66.25 68.39
66.22 68.23
66.17 68.1
