82.0 84.07
85.55 85.97
91.56 89.17
100.22 93.77
111.12 99.55
123.28 106.04
135.44 112.61
146.44 118.62
155.39 123.54
161.79 127.13
165.57 129.4
167.0 130.56
166.5 130.95
164.52 130.88
161.45 130.63
157.66 130.41
153.49 130.31
149.18 130.39
144.88 130.62
140.67 130.95
136.56 131.25
132.54 131.39
128.58 131.24
124.68 130.71
120.81 129.75
116.92 128.4
113.0 126.73
109.1 124.86
105.33 122.87
101.76 120.84
98.49 118.82
95.59 116.82
93.12 114.86
91.07 112.92
89.45 111.04
88.23 109.22
87.39 107.47
86.88 105.79
86.67 104.2
86.69 102.68
86.88 101.24
87.19 99.87
87.52 98.57
87.83 97.32
88.08 96.14
88.26 95.02
88.36 93.96
88.4 92.99
88.39 92.11
88.34 91.32
88.23 90.62
88.06 89.99
87.84 89.41
87.56 88.89
87.24 88.41
86.9 87.97
86.54 87.58
86.16 87.21
85.74 86.85
85.25 86.49
84.68 86.11
84.06 85.71
83.42 85.29
82.76 84.86
82.11 84.44
81.51 84.03
80.96 83.65
80.47 83.29
80.03 82.95
79.63 82.61
79.26 82.31
79.03 82.14
79.32 82.27
79.4 82.45
79.54 82.45
