75.0 76.27
76.83 77.27
79.8 78.88
83.94 81.11
89.11 83.89
94.94 87.05
101.01 90.35
106.93 93.59
112.4 96.57
117.15 99.19
121.04 101.4
124.02 103.22
126.11 104.71
127.39 105.94
127.97 106.99
128.0 107.92
127.58 108.8
126.84 109.67
125.92 110.58
124.93 111.55
123.98 112.57
123.16 113.64
122.55 114.74
122.17 115.84
122.02 116.93
122.07 117.98
122.27 118.98
122.58 119.93
122.96 120.79
123.33 121.56
123.66 122.2
123.85 122.67
123.85 122.94
123.56 122.98
122.9 122.75
121.79 122.22
120.21 121.42
118.2 120.37
115.9 119.16
113.5 117.88
111.2 116.64
109.2 115.54
107.6 114.63
106.46 113.93
105.74 113.42
105.39 113.07
105.32 112.79
105.42 112.54
105.6 112.27
105.8 111.94
105.97 111.55
106.09 111.08
106.13 110.56
106.09 109.99
105.94 109.39
105.67 108.76
105.3 108.13
104.84 107.49
104.28 106.87
103.67 106.25
103.0 105.63
102.3 105.03
101.58 104.42
100.85 103.82
100.12 103.23
99.41 102.66
98.74 102.12
98.1 101.59
97.5 101.1
96.94 100.62
96.41 100.15
95.91 99.69
95.41 99.22
94.91 98.74
94.42 98.25
93.91 97.75
93.42 97.25
92.97 96.77
92.56 96.29
92.18 95.83
91.83 95.39
91.5 94.96
91.17 94.53
90.85 94.1
90.53 93.67
90.22 93.26
89.93 92.85
89.66 92.46
89.39 92.08
89.11 91.72
88.85 91.36
88.58 91.01
88.3 90.67
88.04 90.34
87.8 90.01
87.55 89.7
87.3 89.38
87.02 89.07
86.73 88.75
86.43 88.43
86.13 88.12
85.82 87.81
85.53 87.52
85.28 87.25
85.01 86.97
84.74 86.7
84.46 86.42
84.16 86.12
83.83 85.81
83.5 85.5
83.17 85.19
82.84 84.89
82.53 84.6
82.24 84.32
81.98 84.05
81.74 83.79
81.52 83.54
81.31 83.29
81.1 83.05
80.88 82.79
80.64 82.54
80.41 82.28
80.18 82.02
79.97 81.78
79.79 81.55
79.64 81.34
79.51 81.14
79.4 80.95
79.29 80.77
79.17 80.6
79.06 80.42
78.94 80.25
78.8 80.07
78.66 79.89
78.48 79.7
78.28 79.5
78.04 79.27
77.74 79.02
77.41 78.74
77.04 78.45
76.66 78.15
76.29 77.86
75.96 77.6
75.73 77.41
75.6 77.27
75.53 77.18
75.59 77.17
75.47 77.12
