78.0 79.24
80.15 80.38
83.58 82.17
88.14 84.6
93.57 87.57
99.68 90.97
106.33 94.65
113.33 98.5
120.56 102.42
127.64 106.26
134.07 109.83
139.32 112.93
143.04 115.42
145.19 117.27
146.0 118.56
145.78 119.47
144.85 120.18
143.44 120.87
141.74 121.63
139.86 122.47
137.87 123.32
135.81 124.13
133.72 124.84
131.66 125.42
129.67 125.88
127.75 126.23
125.93 126.45
124.2 126.52
122.51 126.39
120.77 126.03
118.91 125.39
116.86 124.48
114.59 123.33
112.11 121.96
109.51 120.44
106.91 118.81
104.44 117.14
102.22 115.49
100.31 113.92
98.75 112.46
97.54 111.13
96.62 109.9
95.96 108.77
95.51 107.69
95.21 106.64
94.99 105.6
94.81 104.55
94.62 103.5
94.39 102.43
94.1 101.38
93.76 100.35
93.41 99.37
93.06 98.48
92.76 97.67
92.5 96.96
92.28 96.31
92.04 95.72
91.76 95.15
91.41 94.56
90.98 93.96
90.47 93.33
89.88 92.69
89.23 92.05
88.55 91.42
87.84 90.81
87.15 90.23
86.5 89.69
85.89 89.18
85.33 88.71
84.82 88.27
84.35 87.85
83.9 87.43
83.47 87.01
83.03 86.57
82.59 86.12
82.16 85.66
81.76 85.2
81.39 84.75
81.06 84.33
80.76 83.93
80.48 83.54
80.18 83.16
79.88 82.78
79.58 82.4
79.31 82.03
79.05 81.67
78.82 81.32
78.58 80.98
78.32 80.63
78.05 80.3
77.78 79.99
77.56 79.73
77.48 79.55
77.47 79.52
77.66 79.57
77.97 79.72
