77.0 77.77
78.72 78.72
81.55 80.28
85.49 82.45
90.35 85.13
95.87 88.18
101.69 91.37
107.41 94.51
112.66 97.38
117.11 99.86
120.6 101.89
123.13 103.49
124.76 104.71
125.66 105.69
126.0 106.54
125.95 107.36
125.63 108.23
125.14 109.19
124.58 110.23
123.96 111.32
123.3 112.42
122.64 113.46
121.97 114.4
121.29 115.22
120.6 115.88
119.85 116.38
119.01 116.71
118.05 116.86
116.94 116.84
115.67 116.64
114.2 116.25
112.55 115.69
110.72 114.96
108.79 114.09
106.83 113.11
104.94 112.09
103.2 111.06
101.68 110.06
100.37 109.13
99.32 108.27
98.51 107.48
97.94 106.75
97.58 106.09
97.4 105.46
97.35 104.86
97.34 104.25
97.31 103.62
97.22 102.95
97.05 102.25
96.82 101.53
96.56 100.81
96.29 100.14
96.03 99.51
95.75 98.93
95.44 98.39
95.11 97.86
94.73 97.34
94.32 96.83
93.89 96.31
93.45 95.81
92.99 95.32
92.52 94.85
92.02 94.39
91.51 93.94
90.99 93.5
90.47 93.07
89.96 92.65
89.46 92.24
88.99 91.84
88.54 91.45
88.12 91.06
87.71 90.66
87.32 90.26
86.92 89.86
86.53 89.45
86.14 89.05
85.76 88.65
85.37 88.25
84.98 87.85
84.61 87.44
84.24 87.03
83.89 86.63
83.56 86.24
83.23 85.85
82.9 85.48
82.58 85.12
82.27 84.78
82.0 84.46
81.78 84.16
81.61 83.89
81.47 83.62
81.32 83.35
81.14 83.07
80.91 82.77
80.62 82.44
80.31 82.11
80.0 81.79
79.72 81.49
79.47 81.22
79.28 80.99
79.14 80.78
79.02 80.58
78.89 80.39
78.75 80.19
78.59 79.99
78.41 79.78
78.21 79.57
78.02 79.35
77.85 79.15
77.7 78.96
77.59 78.79
77.54 78.65
77.5 78.54
77.48 78.44
77.48 78.36
77.47 78.27
77.45 78.18
77.4 78.07
77.32 77.94
77.21 77.8
77.07 77.65
76.91 77.49
76.76 77.34
76.62 77.2
76.47 77.06
76.28 76.93
76.07 76.78
75.83 76.65
75.62 76.55
75.55 76.45
75.55 76.33
75.58 76.4
75.82 76.42
