66.0 67.22
67.39 67.95
69.68 69.14
72.86 70.82
76.81 72.91
81.23 75.28
85.79 77.74
90.21 80.15
94.27 82.35
97.81 84.29
100.69 85.91
102.85 87.23
104.26 88.26
104.95 89.03
105.0 89.61
104.51 90.04
103.62 90.38
102.47 90.69
101.15 91.02
99.78 91.38
98.41 91.76
97.1 92.16
95.88 92.53
94.79 92.86
93.84 93.14
93.03 93.38
92.35 93.58
91.81 93.75
91.37 93.87
91.01 93.95
90.71 93.95
90.41 93.87
90.11 93.7
89.77 93.44
89.35 93.07
88.82 92.61
88.17 92.05
87.44 91.41
86.62 90.72
85.8 90.0
85.01 89.29
84.3 88.62
83.7 88.02
83.22 87.5
82.88 87.05
82.66 86.67
82.56 86.36
82.57 86.1
82.67 85.88
82.84 85.7
83.05 85.54
83.29 85.4
83.51 85.25
83.7 85.1
83.84 84.94
83.91 84.76
83.9 84.56
83.82 84.34
83.66 84.11
83.42 83.86
83.12 83.6
82.76 83.32
82.35 83.04
81.92 82.76
81.46 82.47
81.0 82.19
80.52 81.91
80.06 81.63
79.61 81.36
79.16 81.08
78.71 80.79
78.26 80.48
77.82 80.17
77.37 79.84
76.92 79.5
76.48 79.15
76.05 78.79
75.62 78.43
75.22 78.07
74.84 77.71
74.48 77.36
74.15 77.01
73.84 76.67
73.56 76.34
73.3 76.02
73.06 75.7
72.83 75.39
72.62 75.08
72.41 74.78
72.2 74.48
72.0 74.18
71.8 73.89
71.62 73.62
71.44 73.35
71.28 73.11
71.14 72.87
71.0 72.65
70.86 72.44
70.72 72.23
70.59 72.03
70.45 71.83
70.3 71.63
70.15 71.43
69.99 71.23
69.81 71.03
69.62 70.83
69.41 70.63
69.2 70.42
68.97 70.22
68.73 70.01
68.5 69.8
68.26 69.6
68.02 69.4
67.8 69.25
67.66 69.08
67.51 68.84
67.2 68.58
66.88 68.33
66.58 68.11
66.26 67.94
66.04 67.85
66.01 67.86
