81.0 82.04
82.67 82.95
85.36 84.41
89.13 86.46
93.88 89.04
99.33 92.0
105.09 95.14
110.74 98.22
115.86 101.02
120.12 103.36
123.28 105.14
125.22 106.35
126.0 107.05
125.74 107.34
124.68 107.38
123.07 107.32
121.17 107.29
119.22 107.4
117.39 107.7
115.81 108.22
114.54 108.91
113.6 109.72
113.0 110.58
112.68 111.43
112.62 112.23
112.74 112.95
113.01 113.57
113.33 114.09
113.67 114.5
113.96 114.8
114.13 114.97
114.11 114.98
113.85 114.82
113.27 114.46
112.34 113.88
111.05 113.09
109.47 112.13
107.73 111.06
105.98 109.99
104.36 108.99
103.02 108.14
102.02 107.47
101.38 107.0
101.07 106.69
101.05 106.51
101.25 106.4
101.59 106.32
102.0 106.23
102.43 106.11
102.83 105.94
103.16 105.71
103.39 105.43
103.49 105.09
103.45 104.71
103.26 104.29
102.92 103.84
102.44 103.37
101.85 102.88
101.16 102.37
100.43 101.85
99.66 101.33
98.89 100.82
98.13 100.32
97.41 99.84
96.74 99.39
96.13 98.97
95.58 98.58
95.09 98.22
94.65 97.88
94.27 97.54
93.95 97.22
93.68 96.9
93.44 96.59
93.23 96.27
93.03 95.95
92.84 95.63
92.64 95.3
92.43 94.97
92.22 94.64
92.02 94.31
91.8 93.98
91.59 93.65
91.36 93.33
91.13 93.01
90.88 92.7
90.65 92.4
90.41 92.11
90.18 91.82
89.94 91.54
89.69 91.27
89.43 90.99
89.16 90.72
88.89 90.45
88.62 90.18
88.34 89.93
88.08 89.68
87.82 89.44
87.58 89.22
87.36 89.0
87.15 88.78
86.95 88.56
86.73 88.33
86.49 88.09
86.26 87.85
86.02 87.6
85.78 87.35
85.56 87.1
85.35 86.87
85.14 86.64
84.91 86.4
84.66 86.16
84.39 85.92
84.11 85.67
83.84 85.42
83.59 85.18
83.36 84.95
83.17 84.74
83.02 84.56
82.93 84.43
82.9 84.37
82.92 84.37
82.98 84.43
83.0 84.44
82.96 84.42
82.84 84.34
82.66 84.17
82.43 83.94
82.2 83.72
81.96 83.51
81.73 83.29
81.5 83.09
81.29 82.9
81.09 82.72
80.89 82.55
80.69 82.4
80.55 82.27
80.44 82.2
