81.0 84.3
86.25 86.96
94.97 91.48
107.37 97.96
122.88 106.08
139.98 115.17
156.87 124.3
171.92 132.53
183.86 139.13
191.94 143.73
196.13 146.37
197.0 147.45
195.38 147.55
192.18 147.28
188.2 147.13
184.03 147.43
180.07 148.32
176.5 149.77
173.33 151.65
170.52 153.75
167.96 155.85
165.56 157.72
163.24 159.16
160.88 160.04
158.4 160.31
155.7 159.99
152.67 159.12
149.17 157.78
145.15 156.03
140.6 153.91
135.63 151.48
130.46 148.79
125.36 145.94
120.61 143.05
116.43 140.22
112.95 137.54
110.19 135.06
108.14 132.8
106.72 130.73
105.83 128.84
105.38 127.09
105.28 125.44
105.41 123.86
105.66 122.31
105.92 120.77
106.1 119.22
106.14 117.63
105.98 116.02
105.58 114.39
104.95 112.77
104.09 111.16
103.04 109.59
101.83 108.06
100.53 106.59
99.2 105.18
97.87 103.84
96.56 102.57
95.29 101.37
94.05 100.24
92.86 99.18
91.72 98.18
90.65 97.22
89.66 96.31
88.75 95.44
87.9 94.59
87.12 93.78
86.37 92.97
85.67 92.18
85.0 91.39
84.36 90.6
83.74 89.82
83.12 89.03
82.49 88.25
81.87 87.46
81.26 86.7
80.75 86.0
80.45 85.46
80.5 85.19
80.68 85.16
80.8 85.03
80.9 84.85
80.69 84.62
80.28 84.27
79.82 83.64
79.51 83.09
