49.0 52.55
53.2 54.69
60.23 58.37
70.13 63.61
82.35 70.09
95.63 77.23
108.66 84.34
120.48 90.78
130.29 96.09
137.56 100.02
142.09 102.6
144.0 103.99
143.62 104.5
141.43 104.42
137.89 104.03
133.38 103.53
128.23 103.07
122.75 102.72
117.15 102.52
111.61 102.41
106.25 102.31
101.16 102.09
96.37 101.65
91.86 100.92
87.59 99.87
83.53 98.53
79.66 96.95
75.99 95.2
72.56 93.36
69.44 91.45
66.69 89.53
64.37 87.61
62.49 85.72
61.02 83.87
59.97 82.05
59.28 80.3
58.92 78.61
58.85 77.01
59.05 75.51
59.48 74.14
60.09 72.89
60.85 71.77
61.71 70.77
62.63 69.89
63.55 69.13
64.43 68.46
65.19 67.87
65.79 67.33
66.2 66.82
66.38 66.32
66.35 65.82
66.09 65.31
65.69 64.82
65.14 64.34
64.5 63.9
63.82 63.5
63.13 63.15
62.45 62.85
61.8 62.59
61.17 62.35
60.57 62.12
59.99 61.88
59.42 61.63
58.84 61.35
58.26 61.04
57.67 60.69
57.09 60.31
56.51 59.9
55.94 59.47
55.4 59.03
54.85 58.58
54.3 58.1
53.72 57.6
53.11 57.06
52.46 56.49
51.76 55.9
51.08 55.35
50.62 54.91
50.38 54.62
50.24 54.48
50.05 54.4
49.98 54.39
