78.0 81.91
82.16 84.19
89.18 88.04
99.43 93.53
112.38 100.36
126.66 107.94
140.8 115.43
153.23 121.96
162.6 126.85
168.19 129.75
170.0 130.73
168.54 130.16
164.63 128.61
159.11 126.66
152.78 124.79
146.23 123.31
139.89 122.34
134.0 121.9
128.63 121.87
123.82 122.1
119.53 122.4
115.71 122.59
112.28 122.51
109.18 122.06
106.33 121.18
103.65 119.92
101.07 118.35
98.56 116.58
96.12 114.72
93.8 112.85
91.64 111.0
89.7 109.18
88.04 107.39
86.67 105.61
85.59 103.86
84.83 102.16
84.39 100.54
84.27 99.06
84.47 97.75
84.95 96.61
85.66 95.64
86.51 94.82
87.4 94.1
88.24 93.44
88.95 92.8
89.49 92.18
89.83 91.55
89.97 90.93
89.92 90.32
89.67 89.73
89.27 89.15
88.76 88.61
88.18 88.11
87.57 87.66
86.94 87.26
86.33 86.91
85.72 86.59
85.08 86.28
84.42 85.94
83.71 85.56
82.93 85.12
82.09 84.62
81.19 84.08
80.27 83.5
79.33 82.91
78.42 82.31
77.56 81.71
76.74 81.13
75.98 80.58
75.31 80.07
74.78 79.73
74.93 79.79
75.68 80.07
