80.0 81.32
81.74 82.23
84.55 83.7
88.48 85.77
93.4 88.37
98.98 91.33
104.77 94.43
110.3 97.42
115.17 100.08
119.11 102.28
122.01 103.97
123.88 105.19
124.83 106.03
125.0 106.61
124.52 107.03
123.55 107.38
122.24 107.71
120.75 108.09
119.22 108.55
117.77 109.08
116.46 109.7
115.33 110.36
114.4 111.02
113.65 111.65
113.05 112.2
112.56 112.64
112.13 112.96
111.67 113.14
111.12 113.16
110.41 113.02
109.49 112.68
108.35 112.16
107.0 111.45
105.54 110.61
104.04 109.69
102.61 108.76
101.36 107.88
100.38 107.11
99.69 106.47
99.3 105.97
99.2 105.59
99.34 105.32
99.69 105.13
100.18 104.97
100.76 104.84
101.33 104.69
101.85 104.51
102.26 104.28
102.51 103.98
102.57 103.63
102.47 103.22
102.22 102.78
101.84 102.33
101.36 101.89
100.85 101.48
100.27 101.08
99.66 100.69
99.01 100.3
98.34 99.91
97.66 99.51
96.97 99.09
96.28 98.67
95.61 98.24
94.94 97.8
94.28 97.37
93.65 96.94
93.06 96.51
92.5 96.09
91.99 95.67
91.5 95.25
91.03 94.82
90.56 94.38
90.09 93.92
89.63 93.44
89.18 92.96
88.76 92.48
88.39 92.02
88.08 91.59
87.8 91.19
87.58 90.81
87.38 90.46
87.2 90.12
87.03 89.78
86.87 89.46
86.72 89.13
86.57 88.82
86.41 88.52
86.22 88.22
86.04 87.93
85.86 87.66
85.69 87.4
85.53 87.15
85.41 86.93
85.31 86.74
85.23 86.57
85.16 86.41
85.08 86.25
84.99 86.09
84.86 85.92
84.71 85.75
84.58 85.59
84.46 85.43
84.38 85.3
84.3 85.18
84.2 85.06
84.07 84.93
83.88 84.77
83.63 84.57
83.33 84.35
82.99 84.1
82.63 83.84
82.28 83.59
81.94 83.34
81.61 83.1
81.32 82.88
81.05 82.67
80.85 82.5
80.69 82.37
80.52 82.32
80.48 82.2
80.35 81.94
80.02 81.77
79.75 81.41
