74.0 77.47
75.97 78.48
79.22 80.21
83.73 82.62
89.31 85.6
95.61 88.94
102.24 92.43
108.81 95.85
114.99 99.03
120.5 101.86
125.13 104.29
128.79 106.35
131.55 108.11
133.54 109.66
134.87 111.07
135.65 112.44
136.0 113.81
135.97 115.17
135.59 116.51
134.91 117.77
133.96 118.91
132.74 119.87
131.26 120.6
129.56 121.09
127.66 121.35
125.57 121.38
123.32 121.19
120.89 120.8
118.28 120.18
115.47 119.33
112.46 118.26
109.33 116.99
106.18 115.57
103.11 114.05
100.24 112.51
97.68 110.98
95.49 109.53
93.68 108.16
92.3 106.91
91.33 105.77
90.74 104.73
90.48 103.77
90.47 102.86
90.64 101.99
90.89 101.12
91.18 100.25
91.44 99.36
91.63 98.47
91.75 97.58
91.79 96.71
91.77 95.88
91.68 95.1
91.53 94.38
91.31 93.69
90.99 93.03
90.54 92.37
89.96 91.7
89.27 91.02
88.47 90.33
87.6 89.65
86.71 88.98
85.83 88.33
84.96 87.72
84.12 87.14
83.3 86.58
82.52 86.04
81.77 85.51
81.05 84.98
80.35 84.43
79.66 83.87
78.97 83.29
78.3 82.7
77.67 82.11
77.08 81.51
76.55 80.93
76.05 80.37
75.57 79.8
75.07 79.23
74.54 78.64
73.95 78.02
73.35 77.38
72.72 76.74
72.16 76.17
71.82 75.79
71.98 75.68
72.16 75.64
