78.0 78.65
79.21 79.3
81.1 80.32
83.68 81.72
86.89 83.47
90.58 85.49
94.56 87.68
98.62 89.9
102.55 92.08
106.19 94.1
109.38 95.93
112.03 97.52
114.1 98.89
115.58 100.04
116.52 101.02
116.96 101.85
117.0 102.59
116.7 103.27
116.15 103.92
115.43 104.56
114.61 105.18
113.73 105.77
112.82 106.33
111.91 106.83
111.02 107.26
110.19 107.63
109.39 107.92
108.64 108.15
107.92 108.28
107.16 108.3
106.32 108.18
105.34 107.9
104.17 107.43
102.8 106.78
101.27 105.98
99.68 105.08
98.12 104.14
96.71 103.23
95.51 102.39
94.56 101.64
93.86 100.99
93.38 100.43
93.07 99.93
92.92 99.46
92.88 99.02
92.9 98.58
92.96 98.14
93.03 97.69
93.11 97.23
93.19 96.77
93.24 96.32
93.24 95.86
93.16 95.42
92.99 94.98
92.76 94.55
92.47 94.14
92.16 93.74
91.84 93.36
91.55 93.0
91.25 92.67
90.94 92.34
90.58 92.01
90.17 91.68
89.74 91.34
89.26 90.99
88.78 90.64
88.3 90.3
87.84 89.95
87.37 89.61
86.91 89.26
86.46 88.91
86.02 88.56
85.6 88.21
85.21 87.87
84.85 87.53
84.51 87.2
84.19 86.87
83.87 86.53
83.56 86.18
83.23 85.83
82.91 85.47
82.6 85.12
82.32 84.79
82.06 84.47
81.83 84.16
81.62 83.86
81.39 83.56
81.14 83.25
80.86 82.93
80.57 82.61
80.29 82.3
80.04 82.0
79.83 81.74
79.68 81.51
79.58 81.31
79.52 81.14
79.48 80.98
79.43 80.81
79.34 80.64
79.22 80.45
79.07 80.26
78.91 80.06
78.77 79.86
78.64 79.68
78.52 79.51
78.4 79.34
78.24 79.18
78.07 79.01
77.87 78.84
77.68 78.68
77.52 78.53
77.45 78.43
77.47 78.39
77.54 78.33
77.52 78.09
77.34 77.85
77.09 77.61
76.63 77.31
76.17 76.95
