68.0 70.53
69.98 71.57
73.16 73.28
77.53 75.64
82.89 78.54
88.89 81.8
95.27 85.29
101.87 88.84
108.47 92.34
114.78 95.65
120.36 98.61
124.77 101.07
127.68 102.9
129.0 104.06
128.81 104.6
127.4 104.69
125.09 104.51
122.24 104.28
119.13 104.12
115.99 104.11
112.98 104.25
110.18 104.49
107.66 104.77
105.41 105.04
103.44 105.24
101.7 105.33
100.11 105.27
98.57 105.0
97.01 104.5
95.37 103.76
93.65 102.79
91.89 101.66
90.15 100.44
88.49 99.2
86.95 97.97
85.58 96.77
84.38 95.6
83.37 94.46
82.54 93.35
81.9 92.29
81.41 91.27
81.08 90.3
80.87 89.38
80.75 88.51
80.7 87.69
80.68 86.91
80.68 86.17
80.66 85.48
80.62 84.82
80.55 84.2
80.42 83.6
80.21 83.02
79.9 82.43
79.51 81.84
79.03 81.24
78.49 80.65
77.9 80.06
77.28 79.5
76.63 78.95
75.96 78.41
75.28 77.89
74.58 77.37
73.89 76.86
73.25 76.38
72.66 75.91
72.13 75.49
71.69 75.09
71.3 74.72
70.95 74.35
70.6 73.97
70.24 73.57
69.86 73.14
69.46 72.69
69.04 72.22
68.61 71.75
68.18 71.27
67.75 70.81
67.36 70.42
67.16 70.19
67.15 69.95
67.24 69.81
