75.0 80.44
77.95 81.92
82.66 84.36
89.12 87.75
97.14 91.97
106.33 96.79
116.17 101.92
126.1 107.05
135.56 111.89
143.95 116.18
150.79 119.75
155.77 122.49
158.8 124.42
160.0 125.65
159.59 126.36
157.93 126.74
155.37 126.98
152.19 127.22
148.65 127.51
144.96 127.88
141.22 128.26
137.53 128.6
133.94 128.83
130.46 128.9
127.1 128.75
123.82 128.35
120.55 127.65
117.23 126.63
113.78 125.29
110.24 123.65
106.65 121.78
103.14 119.76
99.82 117.68
96.83 115.63
94.25 113.66
92.14 111.8
90.53 110.08
89.42 108.49
88.79 107.04
88.59 105.72
88.75 104.51
89.18 103.4
89.79 102.36
90.49 101.37
91.22 100.41
91.92 99.49
92.56 98.61
93.1 97.77
93.51 96.97
93.76 96.21
93.81 95.48
93.67 94.77
93.37 94.08
92.92 93.41
92.34 92.76
91.68 92.14
90.96 91.56
90.16 91.0
89.33 90.46
88.47 89.93
87.57 89.4
86.67 88.88
85.76 88.35
84.84 87.8
83.91 87.24
82.94 86.63
81.93 85.99
80.89 85.29
79.81 84.53
78.69 83.73
77.56 82.9
76.44 82.04
75.35 81.19
74.34 80.38
73.42 79.56
72.55 78.85
71.99 78.24
71.93 77.96
71.93 77.78
