98.0 102.81
102.32 105.16
109.63 109.14
119.87 114.69
132.42 121.47
146.22 128.89
160.08 136.3
172.99 143.13
184.18 148.97
193.1 153.6
199.47 157.03
203.34 159.4
205.0 160.94
204.8 161.91
203.13 162.55
200.39 163.09
196.91 163.67
192.97 164.4
188.81 165.27
184.63 166.25
180.53 167.2
176.54 167.99
172.62 168.46
168.66 168.48
164.55 168.02
160.21 167.05
155.63 165.62
150.87 163.83
146.07 161.76
141.36 159.51
136.87 157.16
132.72 154.79
128.98 152.42
125.7 150.08
122.91 147.79
120.62 145.57
118.84 143.41
117.53 141.34
116.65 139.36
116.12 137.46
115.89 135.64
115.87 133.88
115.99 132.17
116.15 130.51
116.25 128.87
116.22 127.25
116.01 125.64
115.57 124.04
114.92 122.46
114.11 120.91
113.19 119.42
112.22 118.03
111.25 116.75
110.28 115.57
109.33 114.5
108.38 113.51
107.43 112.57
106.5 111.68
105.6 110.83
104.74 110.01
103.91 109.23
103.13 108.47
102.41 107.75
101.77 107.05
101.17 106.36
100.55 105.65
99.8 104.9
98.92 104.15
98.12 103.44
97.46 103.1
97.47 102.65
97.73 102.42
