69.0 74.23
72.92 76.31
79.83 80.02
89.84 85.33
102.31 91.85
115.76 98.87
128.51 105.51
139.11 110.98
146.66 114.78
150.86 116.78
152.0 117.23
150.67 116.58
147.51 115.33
143.04 113.87
137.72 112.48
131.94 111.3
126.05 110.4
120.37 109.82
115.11 109.54
110.44 109.54
106.44 109.73
103.14 109.98
100.51 110.15
98.49 110.14
96.96 109.88
95.77 109.37
94.74 108.64
93.7 107.72
92.51 106.64
91.14 105.4
89.67 104.02
88.21 102.53
86.94 101.01
85.95 99.55
85.31 98.21
85.05 97.05
85.12 96.08
85.47 95.28
86.08 94.63
86.89 94.09
87.82 93.65
88.8 93.26
89.73 92.9
90.51 92.52
91.07 92.1
91.33 91.6
91.29 91.04
90.97 90.42
90.39 89.77
89.6 89.12
88.64 88.48
87.57 87.85
86.4 87.22
85.19 86.6
83.95 85.97
82.72 85.35
81.52 84.72
80.34 84.1
79.19 83.47
78.09 82.83
77.08 82.2
76.14 81.57
75.3 80.94
74.55 80.32
73.84 79.69
73.17 79.04
72.5 78.36
71.79 77.64
71.04 76.88
70.26 76.1
69.59 75.42
69.23 74.92
69.07 74.46
68.82 74.04
68.86 73.76
