68.0 69.18
69.29 69.83
71.28 70.87
74.01 72.31
77.44 74.14
81.41 76.26
85.68 78.56
89.97 80.87
94.01 83.05
97.55 84.99
100.45 86.63
102.66 87.96
104.22 89.04
105.22 89.94
105.77 90.73
106.0 91.48
105.99 92.26
105.82 93.06
105.54 93.91
105.17 94.77
104.74 95.63
104.26 96.45
103.74 97.2
103.2 97.86
102.63 98.41
102.03 98.84
101.38 99.15
100.69 99.35
99.95 99.45
99.17 99.45
98.34 99.37
97.47 99.2
96.54 98.93
95.52 98.54
94.39 98.03
93.13 97.37
91.74 96.58
90.26 95.67
88.72 94.68
87.17 93.64
85.67 92.58
84.26 91.55
82.99 90.56
81.87 89.62
80.92 88.75
80.12 87.93
79.46 87.15
78.91 86.42
78.46 85.71
78.08 85.01
77.76 84.33
77.48 83.65
77.23 82.98
76.98 82.32
76.72 81.66
76.45 81.02
76.16 80.39
75.86 79.77
75.53 79.19
75.21 78.63
74.9 78.11
74.62 77.62
74.36 77.18
74.14 76.77
73.92 76.39
73.69 76.03
73.44 75.67
73.17 75.32
72.88 74.97
72.58 74.61
72.24 74.25
71.87 73.89
71.48 73.53
71.09 73.17
70.71 72.83
70.37 72.5
70.06 72.2
69.76 71.91
69.48 71.64
69.2 71.37
68.93 71.1
68.66 70.83
68.4 70.55
68.16 70.28
67.95 70.03
67.81 69.83
67.8 69.71
67.98 69.72
68.42 69.87
69.08 70.24
