85.0 85.97
86.3 86.65
88.34 87.75
91.13 89.26
94.61 91.15
98.61 93.33
102.92 95.67
107.3 98.05
111.51 100.34
115.36 102.45
118.66 104.3
121.31 105.87
123.24 107.15
124.45 108.17
125.0 108.97
124.96 109.59
124.45 110.09
123.57 110.53
122.46 110.94
121.21 111.35
119.92 111.77
118.63 112.18
117.4 112.57
116.22 112.93
115.09 113.21
114.01 113.41
112.96 113.51
111.95 113.51
110.94 113.39
109.9 113.15
108.82 112.78
107.67 112.28
106.43 111.65
105.12 110.91
103.8 110.09
102.52 109.23
101.35 108.37
100.32 107.54
99.49 106.78
98.86 106.08
98.42 105.46
98.15 104.9
98.04 104.38
98.02 103.9
98.07 103.43
98.15 102.97
98.23 102.52
98.3 102.07
98.34 101.62
98.34 101.17
98.31 100.74
98.24 100.33
98.14 99.94
98.01 99.57
97.85 99.23
97.65 98.9
97.4 98.58
97.1 98.25
96.73 97.91
96.29 97.55
95.79 97.18
95.26 96.79
94.7 96.4
94.15 96.02
93.63 95.65
93.13 95.3
92.67 94.97
92.24 94.65
91.82 94.33
91.4 94.01
90.97 93.67
90.54 93.31
90.11 92.94
89.7 92.56
89.31 92.18
88.97 91.82
88.67 91.47
88.4 91.14
88.16 90.83
87.93 90.52
87.7 90.22
87.46 89.9
87.21 89.58
86.94 89.25
86.65 88.9
86.35 88.55
86.06 88.21
85.78 87.88
85.55 87.58
85.35 87.32
85.19 87.07
85.05 86.85
84.91 86.64
84.77 86.44
84.66 86.25
84.69 86.13
84.83 86.16
84.99 86.27
85.38 86.43
