75.0 75.61
76.31 76.33
78.43 77.5
81.43 79.13
85.18 81.17
89.45 83.52
93.99 86.03
98.53 88.54
102.86 90.94
106.82 93.17
110.32 95.17
113.27 96.95
115.64 98.52
117.44 99.91
118.71 101.15
119.5 102.28
119.89 103.33
120.0 104.36
119.89 105.39
119.65 106.43
119.33 107.49
119.0 108.53
118.65 109.54
118.28 110.47
117.89 111.31
117.47 112.05
117.05 112.69
116.62 113.24
116.19 113.7
115.72 114.08
115.22 114.35
114.65 114.51
114.0 114.53
113.21 114.41
112.29 114.11
111.17 113.65
109.82 113.0
108.29 112.21
106.67 111.3
105.03 110.35
103.51 109.42
102.21 108.56
101.17 107.81
100.41 107.18
99.88 106.64
99.54 106.18
99.32 105.74
99.16 105.29
99.01 104.81
98.86 104.29
98.7 103.75
98.54 103.18
98.34 102.6
98.13 102.01
97.86 101.43
97.54 100.85
97.18 100.29
96.81 99.76
96.43 99.26
96.06 98.79
95.71 98.34
95.33 97.9
94.94 97.45
94.51 97.0
94.07 96.54
93.6 96.07
93.12 95.61
92.6 95.16
92.07 94.7
91.53 94.26
90.99 93.82
90.48 93.39
90.01 92.99
89.6 92.61
89.25 92.25
88.94 91.91
88.65 91.58
88.38 91.25
88.09 90.9
87.77 90.54
87.43 90.16
87.1 89.77
86.75 89.38
86.4 88.99
86.06 88.61
85.75 88.25
85.47 87.9
85.21 87.58
84.99 87.28
84.78 86.99
84.56 86.72
84.35 86.45
84.14 86.19
83.94 85.93
83.75 85.66
83.56 85.4
83.36 85.13
83.15 84.87
82.94 84.61
82.74 84.37
82.54 84.13
82.37 83.91
82.2 83.69
82.02 83.48
81.83 83.27
81.58 83.04
81.3 82.79
81.01 82.53
80.73 82.27
80.49 82.03
80.29 81.81
80.13 81.61
79.99 81.44
79.84 81.26
79.66 81.08
79.46 80.88
79.23 80.67
79.0 80.45
78.77 80.23
78.55 80.02
78.37 79.82
78.2 79.62
78.03 79.44
77.89 79.26
77.74 79.09
77.59 78.91
77.45 78.75
77.35 78.59
77.23 78.43
77.1 78.27
76.95 78.09
76.78 77.91
76.58 77.71
76.38 77.52
76.2 77.35
76.07 77.2
75.97 77.06
75.86 76.94
75.77 76.82
75.66 76.69
75.52 76.56
75.39 76.42
75.3 76.29
75.27 76.21
75.25 76.14
75.28 76.11
75.47 76.19
75.83 76.33
