93.0 96.21
94.95 97.24
98.16 98.98
102.73 101.45
108.52 104.54
115.12 108.02
121.98 111.57
128.46 114.85
133.99 117.58
138.2 119.59
140.86 120.84
142.0 121.42
141.78 121.48
140.51 121.22
138.5 120.85
136.09 120.52
133.55 120.35
131.05 120.39
128.73 120.62
126.64 121.02
124.79 121.48
123.14 121.93
121.66 122.27
120.29 122.42
118.93 122.32
117.5 121.94
115.92 121.3
114.13 120.4
112.14 119.31
110.01 118.09
107.86 116.82
105.84 115.58
104.11 114.44
102.78 113.47
101.93 112.69
101.59 112.09
101.71 111.65
102.19 111.32
102.91 111.06
103.78 110.81
104.69 110.53
105.52 110.2
106.21 109.79
106.71 109.32
107.01 108.79
107.11 108.22
107.05 107.65
106.83 107.09
106.5 106.58
106.1 106.12
105.64 105.71
105.13 105.34
104.58 104.98
103.98 104.61
103.29 104.2
102.52 103.76
101.66 103.27
100.75 102.75
99.83 102.22
98.95 101.71
98.14 101.22
97.41 100.76
96.74 100.32
96.1 99.87
95.46 99.41
94.81 98.91
94.15 98.38
93.52 97.85
92.97 97.33
92.5 96.84
92.13 96.4
91.88 96.05
91.83 95.84
92.17 95.87
93.1 96.07
