69.0 69.98
70.41 70.76
72.65 72.0
75.74 73.69
79.6 75.8
84.05 78.23
88.84 80.85
93.75 83.54
98.58 86.17
103.11 88.65
107.17 90.93
110.63 92.96
113.41 94.73
115.48 96.27
116.88 97.59
117.68 98.75
118.0 99.79
117.92 100.78
117.54 101.72
116.94 102.65
116.18 103.54
115.3 104.39
114.33 105.16
113.32 105.84
112.27 106.42
111.21 106.89
110.15 107.26
109.07 107.51
107.97 107.64
106.84 107.64
105.66 107.49
104.41 107.19
103.04 106.72
101.53 106.07
99.85 105.25
98.02 104.26
96.08 103.14
94.12 101.93
92.22 100.69
90.48 99.47
88.95 98.31
87.67 97.24
86.64 96.27
85.86 95.38
85.31 94.58
84.97 93.84
84.8 93.16
84.78 92.53
84.87 91.94
85.04 91.37
85.24 90.83
85.44 90.29
85.6 89.75
85.69 89.22
85.7 88.68
85.62 88.14
85.45 87.6
85.18 87.08
84.83 86.55
84.41 86.04
83.94 85.53
83.43 85.04
82.9 84.56
82.34 84.11
81.78 83.67
81.23 83.26
80.69 82.86
80.18 82.48
79.69 82.11
79.23 81.75
78.78 81.4
78.35 81.04
77.92 80.68
77.49 80.31
77.06 79.93
76.63 79.54
76.22 79.15
75.82 78.76
75.45 78.37
75.1 78.0
74.78 77.63
74.46 77.26
74.16 76.89
73.86 76.53
73.57 76.16
73.27 75.8
72.98 75.44
72.7 75.1
72.43 74.76
72.19 74.45
71.97 74.15
71.77 73.86
71.59 73.59
71.42 73.33
71.25 73.07
71.07 72.82
70.89 72.57
70.7 72.32
70.52 72.08
70.34 71.85
70.17 71.62
70.01 71.4
69.84 71.19
69.66 70.98
69.47 70.76
69.26 70.53
69.02 70.3
68.77 70.07
68.52 69.83
68.27 69.61
68.05 69.41
67.89 69.27
67.82 69.19
67.83 69.16
67.86 69.21
67.93 69.33
