70.99 72.91
72.42 73.71
74.7 74.98
77.87 76.75
81.85 78.92
86.39 81.39
91.22 83.98
96.05 86.57
100.66 89.01
104.85 91.21
108.43 93.11
111.29 94.7
113.34 95.96
114.57 96.91
115.0 97.61
114.73 98.1
113.88 98.44
112.59 98.71
110.96 98.93
109.12 99.13
107.18 99.31
105.21 99.47
103.29 99.59
101.46 99.66
99.76 99.68
98.21 99.64
96.82 99.56
95.59 99.42
94.49 99.21
93.48 98.92
92.52 98.51
91.55 97.97
90.53 97.31
89.47 96.54
88.39 95.68
87.34 94.79
86.37 93.88
85.52 93.01
84.82 92.18
84.26 91.41
83.85 90.7
83.58 90.06
83.46 89.49
83.49 89.01
83.66 88.61
83.96 88.29
84.36 88.03
84.83 87.83
85.32 87.66
85.81 87.51
86.26 87.36
86.65 87.23
86.98 87.09
87.21 86.95
87.33 86.8
87.32 86.62
87.16 86.39
86.84 86.13
86.39 85.83
85.85 85.51
85.26 85.21
84.67 84.92
84.11 84.66
83.56 84.41
83.02 84.17
82.46 83.9
81.86 83.59
81.22 83.25
80.56 82.87
79.91 82.47
79.28 82.07
78.67 81.66
78.09 81.25
77.53 80.83
77.01 80.41
76.53 80.0
76.07 79.58
75.65 79.16
75.27 78.75
74.91 78.33
74.55 77.91
74.19 77.47
73.83 77.02
73.47 76.56
73.08 76.09
72.7 75.64
72.34 75.2
72.0 74.79
71.68 74.4
71.4 74.05
71.14 73.73
70.94 73.47
70.83 73.25
70.79 73.05
70.9 73.03
71.21 73.02
