82.99 83.57
84.75 84.58
87.51 86.15
91.4 88.33
96.37 91.1
102.2 94.29
108.44 97.69
114.55 101.01
120.01 103.97
124.37 106.38
127.45 108.15
129.26 109.33
130.0 110.04
129.91 110.48
129.28 110.83
128.33 111.23
127.23 111.76
126.13 112.46
125.09 113.3
124.15 114.23
123.29 115.2
122.49 116.11
121.68 116.89
120.8 117.48
119.8 117.82
118.63 117.88
117.23 117.66
115.59 117.18
113.68 116.48
111.56 115.6
109.31 114.61
107.07 113.58
104.96 112.56
103.12 111.59
101.61 110.72
100.48 109.96
99.72 109.29
99.3 108.72
99.15 108.2
99.2 107.7
99.37 107.2
99.57 106.66
99.75 106.09
99.88 105.46
99.92 104.8
99.87 104.11
99.73 103.41
99.48 102.7
99.14 102.01
98.71 101.33
98.19 100.67
97.61 100.02
96.99 99.4
96.33 98.78
95.63 98.17
94.9 97.57
94.16 96.97
93.42 96.38
92.68 95.81
91.98 95.26
91.33 94.73
90.71 94.23
90.14 93.76
89.62 93.3
89.15 92.86
88.7 92.42
88.29 91.98
87.9 91.54
87.52 91.1
87.15 90.65
86.78 90.2
86.43 89.75
86.08 89.3
85.73 88.85
85.39 88.41
85.06 87.97
84.73 87.55
84.41 87.15
84.13 86.76
83.88 86.41
83.65 86.07
83.46 85.76
83.3 85.47
83.16 85.2
83.04 84.95
82.94 84.72
82.84 84.49
82.73 84.26
82.6 84.02
82.41 83.77
82.2 83.51
81.94 83.23
81.66 82.95
81.38 82.68
81.13 82.44
80.91 82.21
80.71 82.01
80.55 81.85
80.45 81.74
80.49 81.74
80.85 81.92
81.52 82.23
