83.0 84.24
85.16 85.35
88.77 87.24
93.85 89.91
100.07 93.22
106.9 96.9
113.66 100.61
119.83 104.02
125.08 106.94
129.26 109.28
132.32 111.08
134.38 112.46
135.56 113.53
136.0 114.41
135.83 115.19
135.21 115.94
134.3 116.71
133.24 117.54
132.14 118.45
131.02 119.41
129.9 120.38
128.77 121.27
127.61 122.02
126.43 122.59
125.25 122.95
124.05 123.14
122.85 123.19
121.64 123.13
120.4 122.97
119.1 122.69
117.7 122.25
116.12 121.6
114.29 120.7
112.2 119.57
109.91 118.23
107.54 116.76
105.24 115.24
103.2 113.79
101.53 112.47
100.29 111.32
99.44 110.36
98.94 109.54
98.67 108.81
98.54 108.11
98.47 107.41
98.4 106.67
98.33 105.91
98.27 105.13
98.19 104.35
98.08 103.58
97.93 102.81
97.69 102.04
97.36 101.29
96.94 100.54
96.45 99.82
95.89 99.13
95.3 98.46
94.7 97.82
94.07 97.19
93.43 96.57
92.78 95.97
92.13 95.38
91.5 94.81
90.87 94.27
90.28 93.75
89.72 93.25
89.19 92.78
88.69 92.32
88.23 91.86
87.79 91.42
87.39 90.98
87.02 90.56
86.68 90.15
86.37 89.76
86.1 89.38
85.85 89.02
85.63 88.67
85.41 88.31
85.21 87.96
85.02 87.61
84.79 87.25
84.55 86.9
84.3 86.55
84.04 86.21
83.78 85.88
83.54 85.57
83.31 85.27
83.09 84.99
82.89 84.73
82.81 84.57
82.74 84.39
82.6 84.16
82.63 84.05
