83.0 85.1
86.55 87.07
92.61 90.41
101.35 95.16
112.31 101.08
124.46 107.63
136.51 114.11
147.14 119.81
155.34 124.2
160.62 127.04
163.0 128.41
162.89 128.65
160.97 128.21
157.9 127.55
154.25 127.01
150.4 126.78
146.6 126.92
142.97 127.39
139.54 128.08
136.31 128.85
133.25 129.55
130.29 130.02
127.38 130.15
124.42 129.83
121.35 129.03
118.11 127.78
114.7 126.18
111.21 124.37
107.74 122.46
104.45 120.59
101.48 118.81
98.97 117.16
96.97 115.65
95.55 114.28
94.73 113.05
94.46 111.94
94.69 110.94
95.3 110.06
96.18 109.24
97.18 108.45
98.18 107.66
99.06 106.82
99.73 105.93
100.14 104.97
100.27 103.97
100.11 102.94
99.7 101.92
99.06 100.91
98.26 99.95
97.34 99.03
96.34 98.17
95.3 97.37
94.24 96.63
93.2 95.92
92.17 95.26
91.19 94.63
90.27 94.03
89.41 93.45
88.6 92.88
87.83 92.33
87.11 91.78
86.44 91.23
85.82 90.7
85.27 90.18
84.78 89.66
84.34 89.16
83.94 88.66
83.58 88.17
83.25 87.68
82.96 87.2
82.72 86.75
82.57 86.37
82.49 86.11
82.59 85.9
82.76 85.73
82.9 85.63
83.01 85.37
83.07 85.13
