55.0 59.83
59.79 62.34
68.0 66.69
79.72 72.88
94.17 80.48
109.68 88.77
124.79 96.92
138.39 104.21
149.61 110.14
157.88 114.49
162.98 117.28
165.0 118.74
164.31 119.18
161.51 118.97
157.2 118.42
151.95 117.84
146.26 117.42
140.46 117.29
134.74 117.45
129.24 117.81
123.98 118.2
118.93 118.4
114.08 118.25
109.36 117.63
104.74 116.53
100.22 115.03
95.82 113.23
91.6 111.24
87.63 109.15
83.97 107.01
80.69 104.84
77.83 102.67
75.38 100.49
73.35 98.34
71.75 96.22
70.54 94.14
69.71 92.12
69.23 90.17
69.04 88.3
69.09 86.52
69.31 84.85
69.62 83.28
69.98 81.81
70.35 80.44
70.66 79.16
70.92 77.98
71.09 76.87
71.11 75.84
71.01 74.85
70.77 73.91
70.36 72.99
69.81 72.1
69.15 71.26
68.43 70.46
67.69 69.74
66.96 69.08
66.26 68.5
65.6 67.98
64.94 67.49
64.26 67.01
63.54 66.52
62.78 65.99
61.95 65.41
61.05 64.78
60.12 64.11
59.15 63.4
58.16 62.68
57.21 61.95
56.29 61.24
55.42 60.62
54.77 60.07
53.93 59.48
52.82 58.8
52.15 58.18
50.91 57.31
