79.0 79.9
80.35 80.66
82.37 81.79
85.1 83.32
88.52 85.22
92.54 87.46
97.03 89.93
101.76 92.51
106.48 95.08
110.91 97.51
114.82 99.68
118.01 101.53
120.39 103.04
121.96 104.23
122.79 105.15
123.0 105.89
122.69 106.52
121.99 107.08
121.01 107.62
119.81 108.13
118.47 108.62
117.04 109.07
115.57 109.46
114.1 109.77
112.64 110.0
111.23 110.15
109.88 110.19
108.6 110.14
107.38 109.99
106.2 109.74
105.05 109.37
103.85 108.89
102.59 108.27
101.22 107.5
99.77 106.61
98.27 105.62
96.79 104.56
95.4 103.5
94.17 102.47
93.15 101.52
92.35 100.65
91.79 99.89
91.44 99.21
91.28 98.61
91.26 98.07
91.36 97.57
91.52 97.08
91.7 96.61
91.87 96.14
92.01 95.67
92.09 95.19
92.12 94.71
92.08 94.25
91.97 93.8
91.81 93.37
91.59 92.96
91.33 92.58
91.02 92.2
90.67 91.83
90.27 91.47
89.84 91.1
89.37 90.72
88.87 90.35
88.33 89.96
87.78 89.57
87.22 89.19
86.65 88.8
86.09 88.41
85.55 88.03
85.02 87.65
84.51 87.28
84.04 86.91
83.6 86.54
83.19 86.18
82.82 85.83
82.49 85.49
82.18 85.14
81.9 84.8
81.63 84.45
81.37 84.11
81.12 83.76
80.88 83.42
80.65 83.09
80.42 82.76
80.19 82.44
79.97 82.12
79.74 81.81
79.5 81.5
79.27 81.2
79.04 80.9
78.81 80.62
78.58 80.34
78.37 80.09
78.19 79.86
78.07 79.68
78.06 79.57
78.11 79.5
78.36 79.57
78.86 79.81
79.35 80.12
