86.99 91.44
91.08 93.61
98.41 97.48
109.0 103.02
121.92 109.8
135.52 117.04
148.2 123.89
158.85 129.69
167.04 134.12
172.92 137.26
177.0 139.46
179.72 141.15
181.34 142.67
182.0 144.19
181.78 145.73
180.77 147.26
179.07 148.71
176.81 150.08
174.18 151.4
171.33 152.68
168.42 153.89
165.57 154.94
162.79 155.74
160.11 156.21
157.5 156.35
154.92 156.21
152.3 155.85
149.57 155.32
146.69 154.6
143.59 153.61
140.24 152.28
136.66 150.56
132.94 148.46
129.14 146.08
125.38 143.54
121.83 140.96
118.59 138.44
115.75 136.04
113.36 133.79
111.4 131.69
109.84 129.72
108.6 127.86
107.65 126.08
106.94 124.37
106.44 122.73
106.13 121.16
105.96 119.67
105.92 118.27
105.93 116.94
105.94 115.69
105.91 114.5
105.85 113.37
105.71 112.29
105.5 111.26
105.2 110.26
104.79 109.29
104.27 108.35
103.68 107.44
103.06 106.57
102.42 105.75
101.81 105.01
101.22 104.33
100.62 103.7
99.97 103.09
99.27 102.49
98.53 101.88
97.74 101.25
96.94 100.62
96.17 100.0
95.44 99.39
94.74 98.8
94.06 98.21
93.39 97.63
92.69 97.03
91.97 96.4
91.22 95.74
90.42 95.05
89.59 94.32
88.74 93.59
87.93 92.88
87.25 92.29
86.79 91.92
86.53 91.63
86.23 91.36
86.1 91.23
