91.99 94.44
93.49 95.26
95.88 96.59
99.23 98.45
103.46 100.76
108.35 103.4
113.59 106.18
118.84 108.91
123.75 111.41
128.02 113.54
131.38 115.21
133.68 116.38
134.85 117.09
135.0 117.43
134.28 117.51
132.92 117.45
131.16 117.39
129.18 117.4
127.17 117.52
125.2 117.75
123.36 118.04
121.64 118.35
120.06 118.6
118.58 118.74
117.16 118.71
115.7 118.47
114.15 118.0
112.42 117.31
110.53 116.41
108.55 115.39
106.62 114.34
104.9 113.35
103.54 112.51
102.59 111.83
102.07 111.33
101.92 110.95
102.08 110.64
102.45 110.36
102.96 110.06
103.54 109.73
104.12 109.36
104.66 108.94
105.12 108.49
105.46 108.01
105.68 107.51
105.75 107.01
105.7 106.52
105.54 106.06
105.29 105.64
104.97 105.26
104.59 104.9
104.16 104.55
103.68 104.2
103.14 103.84
102.54 103.45
101.91 103.06
101.24 102.65
100.57 102.24
99.88 101.84
99.22 101.44
98.57 101.03
97.92 100.62
97.26 100.18
96.6 99.72
95.93 99.24
95.25 98.74
94.58 98.22
93.93 97.7
93.33 97.19
92.78 96.7
92.31 96.23
91.92 95.8
91.61 95.39
91.35 95.01
91.15 94.67
91.03 94.38
91.03 94.21
91.31 94.15
91.79 94.15
