82.0 83.99
84.45 85.31
88.54 87.53
94.27 90.64
101.37 94.48
109.27 98.77
117.32 103.13
124.92 107.23
131.57 110.77
136.87 113.59
140.58 115.62
142.59 116.88
143.0 117.48
142.03 117.59
140.01 117.39
137.23 117.04
133.98 116.7
130.53 116.46
127.06 116.37
123.71 116.41
120.58 116.55
117.72 116.7
115.18 116.81
112.98 116.85
111.12 116.79
109.59 116.63
108.31 116.37
107.19 115.99
106.11 115.46
104.96 114.75
103.7 113.84
102.34 112.76
100.91 111.55
99.5 110.27
98.21 108.98
97.1 107.74
96.21 106.58
95.55 105.51
95.12 104.55
94.9 103.7
94.87 102.94
95.0 102.28
95.25 101.69
95.59 101.16
95.96 100.67
96.3 100.2
96.57 99.72
96.72 99.23
96.75 98.72
96.63 98.2
96.37 97.68
95.98 97.15
95.49 96.64
94.92 96.13
94.28 95.62
93.6 95.12
92.89 94.62
92.14 94.12
91.38 93.62
90.6 93.12
89.83 92.62
89.07 92.13
88.35 91.65
87.68 91.18
87.05 90.73
86.49 90.29
85.99 89.86
85.54 89.43
85.13 89.02
84.76 88.6
84.42 88.19
84.11 87.78
83.82 87.37
83.55 86.97
83.3 86.57
83.06 86.17
82.8 85.77
82.5 85.35
82.16 84.92
81.8 84.5
81.51 84.16
81.44 84.07
81.73 84.19
82.28 84.5
