83.0 84.49
84.84 85.46
87.88 87.07
92.16 89.35
97.51 92.19
103.52 95.41
109.7 98.74
115.58 101.93
120.81 104.77
125.16 107.17
128.56 109.1
131.02 110.64
132.66 111.87
133.6 112.92
134.0 113.87
133.99 114.81
133.7 115.77
133.22 116.78
132.58 117.83
131.87 118.92
131.09 119.98
130.26 120.98
129.4 121.86
128.52 122.59
127.58 123.14
126.58 123.52
125.51 123.73
124.33 123.76
122.98 123.62
121.43 123.28
119.64 122.73
117.61 121.96
115.37 121.0
113.03 119.87
110.71 118.65
108.52 117.42
106.58 116.22
104.95 115.11
103.65 114.1
102.68 113.2
102.01 112.39
101.58 111.64
101.33 110.92
101.22 110.22
101.17 109.49
101.11 108.74
101.01 107.94
100.84 107.12
100.6 106.28
100.29 105.43
99.94 104.61
99.55 103.82
99.14 103.07
98.72 102.38
98.29 101.73
97.84 101.11
97.38 100.52
96.9 99.94
96.4 99.37
95.88 98.82
95.37 98.28
94.87 97.77
94.39 97.28
93.96 96.82
93.55 96.4
93.16 96.0
92.79 95.62
92.42 95.24
92.03 94.86
91.65 94.47
91.25 94.07
90.85 93.67
90.46 93.26
90.07 92.86
89.7 92.45
89.36 92.06
89.03 91.68
88.72 91.3
88.42 90.94
88.1 90.58
87.78 90.23
87.47 89.88
87.17 89.54
86.91 89.22
86.69 88.92
86.52 88.65
86.37 88.39
86.24 88.16
86.1 87.92
85.95 87.68
85.78 87.42
85.57 87.15
85.3 86.86
84.99 86.55
84.65 86.24
84.28 85.91
83.92 85.6
83.59 85.29
83.28 85.0
82.99 84.73
82.7 84.47
82.42 84.22
82.13 83.98
81.87 83.76
81.7 83.6
81.78 83.58
82.08 83.64
82.58 83.77
