75.0 76.08
76.12 76.7
77.78 77.62
80.02 78.86
82.8 80.39
86.01 82.16
89.57 84.11
93.35 86.15
97.16 88.21
100.84 90.22
104.24 92.1
107.2 93.82
109.63 95.33
111.53 96.65
112.93 97.81
113.89 98.86
114.52 99.85
114.87 100.81
115.0 101.74
114.91 102.66
114.65 103.52
114.21 104.33
113.65 105.06
112.99 105.7
112.27 106.24
111.5 106.7
110.68 107.06
109.85 107.33
108.99 107.49
108.08 107.54
107.11 107.47
106.02 107.25
104.79 106.88
103.41 106.36
101.91 105.7
100.34 104.93
98.74 104.08
97.18 103.19
95.72 102.29
94.41 101.42
93.26 100.59
92.29 99.81
91.49 99.07
90.86 98.37
90.36 97.7
89.98 97.04
89.68 96.39
89.42 95.75
89.2 95.11
89.03 94.49
88.89 93.89
88.79 93.3
88.67 92.75
88.53 92.21
88.36 91.69
88.18 91.19
87.96 90.69
87.7 90.2
87.38 89.7
86.99 89.21
86.57 88.73
86.13 88.26
85.7 87.81
85.28 87.39
84.88 86.98
84.44 86.57
83.96 86.15
83.45 85.72
82.91 85.29
82.34 84.84
81.79 84.41
81.28 83.99
80.81 83.59
80.37 83.21
79.97 82.83
79.58 82.46
79.22 82.1
78.9 81.75
78.61 81.41
78.34 81.07
78.07 80.73
77.8 80.39
77.54 80.05
77.28 79.71
77.03 79.37
76.8 79.05
76.58 78.74
76.37 78.43
76.16 78.13
75.93 77.83
75.69 77.52
75.42 77.21
75.14 76.91
74.86 76.61
74.6 76.33
74.36 76.06
74.15 75.83
73.99 75.64
73.92 75.52
74.0 75.53
74.29 75.54
74.7 75.51
