72.0 75.22
76.25 77.53
84.4 81.71
95.95 87.73
109.68 94.99
123.56 102.45
135.39 109.07
144.23 114.2
150.41 117.7
154.64 119.89
157.44 121.27
158.92 122.25
159.0 123.07
157.65 123.75
155.04 124.21
151.51 124.44
147.4 124.49
142.98 124.5
138.45 124.59
133.91 124.78
129.44 124.95
125.04 124.93
120.76 124.53
116.6 123.67
112.55 122.41
108.6 120.89
104.81 119.29
101.23 117.73
97.94 116.24
95.07 114.76
92.69 113.27
90.85 111.73
89.55 110.21
88.74 108.75
88.34 107.39
88.29 106.14
88.48 104.95
88.83 103.77
89.26 102.57
89.7 101.34
90.09 100.11
90.37 98.88
90.53 97.67
90.56 96.49
90.44 95.36
90.2 94.29
89.85 93.29
89.39 92.36
88.86 91.51
88.28 90.73
87.65 90.01
87.0 89.34
86.34 88.71
85.67 88.13
85.02 87.58
84.38 87.07
83.75 86.58
83.15 86.12
82.57 85.67
81.99 85.22
81.43 84.78
80.89 84.34
80.35 83.89
79.83 83.44
79.31 82.98
78.81 82.5
78.31 82.02
77.81 81.53
77.33 81.03
76.86 80.54
76.41 80.04
75.96 79.55
75.52 79.06
75.09 78.58
74.66 78.09
74.26 77.64
73.97 77.25
73.67 76.87
73.31 76.42
72.93 76.02
72.5 75.57
71.96 74.99
71.43 74.63
70.9 74.2
