58.0 60.58
60.76 62.09
65.4 64.61
72.03 68.17
80.39 72.62
89.78 77.64
99.35 82.78
108.31 87.59
116.03 91.75
122.14 95.07
126.61 97.57
129.58 99.41
131.29 100.81
132.0 101.96
131.96 103.04
131.36 104.14
130.35 105.3
129.0 106.5
127.34 107.68
125.39 108.79
123.15 109.73
120.64 110.42
117.87 110.8
114.9 110.84
111.73 110.51
108.42 109.86
104.95 108.93
101.32 107.74
97.52 106.34
93.58 104.72
89.56 102.9
85.55 100.92
81.68 98.81
78.08 96.64
74.84 94.47
72.04 92.34
69.7 90.31
67.83 88.38
66.39 86.56
65.34 84.84
64.63 83.21
64.22 81.66
64.03 80.2
64.03 78.8
64.14 77.45
64.31 76.16
64.48 74.9
64.63 73.68
64.7 72.51
64.71 71.39
64.66 70.34
64.54 69.36
64.34 68.45
64.08 67.6
63.75 66.81
63.35 66.06
62.9 65.35
62.41 64.69
61.9 64.07
61.36 63.5
60.82 62.96
60.26 62.46
59.68 61.99
59.11 61.52
58.51 61.07
57.92 60.62
57.35 60.18
56.82 59.78
56.4 59.45
56.22 59.3
56.56 59.4
57.32 59.66
