85.0 85.56
86.86 86.58
89.76 88.17
93.74 90.33
98.64 93.02
104.25 96.1
110.27 99.41
116.38 102.76
122.22 105.98
127.5 108.94
131.97 111.52
135.47 113.68
137.95 115.43
139.43 116.78
140.0 117.83
139.8 118.64
138.96 119.29
137.64 119.85
135.94 120.35
133.98 120.81
131.85 121.21
129.65 121.56
127.45 121.83
125.33 122.02
123.33 122.15
121.48 122.19
119.8 122.17
118.28 122.06
116.88 121.86
115.53 121.52
114.16 121.02
112.68 120.32
111.02 119.41
109.18 118.28
107.22 116.97
105.22 115.55
103.29 114.07
101.55 112.63
100.1 111.28
98.95 110.07
98.13 109.01
97.62 108.09
97.4 107.29
97.41 106.6
97.62 106.0
98.0 105.46
98.5 104.99
99.08 104.56
99.71 104.17
100.33 103.81
100.91 103.48
101.42 103.17
101.83 102.88
102.13 102.59
102.3 102.31
102.34 102.04
102.25 101.76
102.04 101.46
101.71 101.16
101.3 100.85
100.83 100.55
100.31 100.25
99.78 99.97
99.24 99.71
98.69 99.45
98.15 99.21
97.61 98.96
97.06 98.7
96.51 98.43
95.96 98.13
95.4 97.8
94.83 97.45
94.26 97.08
93.72 96.69
93.19 96.29
92.7 95.9
92.25 95.51
91.84 95.13
91.46 94.76
91.1 94.38
90.75 94.0
90.42 93.61
90.08 93.21
89.75 92.81
89.43 92.4
89.12 92.0
88.84 91.61
88.57 91.23
88.31 90.87
88.07 90.52
87.82 90.19
87.59 89.87
87.36 89.56
87.16 89.28
86.97 89.0
86.81 88.74
86.66 88.49
86.52 88.25
86.39 88.02
86.25 87.79
86.11 87.57
85.95 87.35
85.78 87.14
85.61 86.93
85.45 86.73
85.3 86.55
85.16 86.37
85.05 86.21
84.95 86.05
84.85 85.91
84.76 85.77
84.65 85.62
84.5 85.46
84.31 85.28
84.09 85.09
83.85 84.9
83.7 84.77
83.68 84.72
83.56 84.56
83.6 84.43
