65.0 66.32
67.12 67.42
70.64 69.26
75.57 71.85
81.7 75.12
88.56 78.81
95.56 82.63
102.16 86.27
107.93 89.46
112.55 92.03
115.8 93.92
117.61 95.14
118.0 95.76
117.11 95.89
115.2 95.67
112.52 95.24
109.36 94.74
106.01 94.3
102.7 94.01
99.6 93.91
96.86 93.99
94.55 94.23
92.72 94.55
91.37 94.91
90.5 95.29
90.09 95.67
90.08 96.05
90.39 96.42
90.9 96.74
91.47 96.97
91.94 97.04
92.15 96.87
91.97 96.43
91.37 95.71
90.38 94.75
89.13 93.64
87.78 92.46
86.47 91.32
85.33 90.3
84.43 89.45
83.8 88.79
83.45 88.3
83.36 87.97
83.5 87.77
83.84 87.66
84.32 87.62
84.89 87.62
85.48 87.62
86.04 87.6
86.51 87.53
86.84 87.41
87.0 87.21
86.97 86.95
86.74 86.64
86.31 86.27
85.71 85.85
84.97 85.38
84.1 84.88
83.16 84.34
82.17 83.79
81.17 83.24
80.19 82.69
79.25 82.17
78.34 81.65
77.5 81.15
76.71 80.65
75.96 80.16
75.28 79.67
74.65 79.18
74.09 78.69
73.58 78.21
73.14 77.73
72.74 77.27
72.4 76.81
72.09 76.37
71.83 75.93
71.61 75.5
71.41 75.08
71.23 74.68
71.07 74.28
70.92 73.9
70.78 73.54
70.66 73.19
70.55 72.86
70.44 72.55
70.32 72.25
70.2 71.96
70.06 71.68
69.91 71.42
69.74 71.16
69.58 70.91
69.4 70.68
69.22 70.46
69.04 70.24
68.86 70.04
68.68 69.85
68.51 69.66
68.34 69.49
68.18 69.32
68.01 69.15
67.86 68.99
67.69 68.83
67.52 68.66
67.33 68.48
67.12 68.29
66.88 68.09
66.62 67.86
66.32 67.62
65.99 67.36
65.64 67.09
65.34 66.85
65.07 66.62
64.74 66.37
64.46 66.15
64.28 66.0
64.28 65.96
64.47 66.0
