77.0 79.04
78.37 79.74
80.53 80.89
83.48 82.48
87.13 84.44
91.28 86.67
95.71 89.03
100.2 91.39
104.51 93.63
108.44 95.67
111.8 97.44
114.46 98.92
116.37 100.11
117.53 101.03
118.0 101.74
117.86 102.28
117.25 102.72
116.29 103.12
115.09 103.5
113.74 103.88
112.32 104.25
110.88 104.6
109.46 104.89
108.09 105.12
106.76 105.27
105.49 105.34
104.24 105.3
102.99 105.14
101.71 104.84
100.36 104.37
98.88 103.72
97.26 102.89
95.53 101.92
93.73 100.84
91.96 99.71
90.29 98.59
88.82 97.52
87.59 96.53
86.6 95.64
85.89 94.85
85.45 94.15
85.24 93.53
85.25 92.98
85.45 92.5
85.79 92.07
86.23 91.68
86.73 91.33
87.25 90.99
87.73 90.67
88.15 90.35
88.48 90.03
88.71 89.7
88.83 89.38
88.83 89.05
88.73 88.72
88.52 88.38
88.2 88.02
87.78 87.66
87.25 87.28
86.65 86.9
86.0 86.52
85.33 86.16
84.68 85.82
84.08 85.51
83.53 85.23
83.02 84.95
82.54 84.67
82.07 84.37
81.58 84.03
81.05 83.66
80.5 83.25
79.93 82.82
79.38 82.39
78.84 81.95
78.36 81.53
77.92 81.12
77.52 80.72
77.15 80.33
76.79 79.93
76.45 79.54
76.11 79.16
75.84 78.81
75.6 78.5
75.45 78.24
75.43 78.07
75.36 77.87
75.37 77.71
