51.0 53.34
55.31 55.69
62.62 59.67
73.16 65.37
86.49 72.53
101.33 80.54
116.07 88.56
129.25 95.79
139.86 101.64
147.45 105.88
152.15 108.64
154.46 110.32
155.0 111.37
154.27 112.21
152.62 113.08
150.29 114.1
147.48 115.27
144.34 116.56
141.01 117.9
137.6 119.24
134.19 120.51
130.84 121.6
127.56 122.4
124.34 122.81
121.14 122.8
117.95 122.38
114.73 121.62
111.44 120.58
108.02 119.32
104.45 117.84
100.68 116.09
96.78 114.06
92.81 111.74
88.88 109.18
85.13 106.48
81.67 103.73
78.57 101.03
75.83 98.43
73.48 95.94
71.5 93.58
69.88 91.34
68.58 89.2
67.58 87.17
66.85 85.25
66.33 83.43
65.97 81.71
65.73 80.08
65.58 78.53
65.46 77.06
65.35 75.67
65.22 74.35
65.04 73.11
64.81 71.93
64.52 70.81
64.16 69.75
63.74 68.74
63.3 67.78
62.81 66.89
62.3 66.06
61.78 65.29
61.24 64.57
60.7 63.91
60.14 63.29
59.58 62.7
59.01 62.13
58.43 61.57
57.84 61.02
57.22 60.48
56.6 59.93
55.97 59.39
55.36 58.85
54.75 58.33
54.17 57.81
53.63 57.31
53.11 56.83
52.62 56.35
52.16 55.87
51.7 55.38
51.24 54.89
50.77 54.39
50.29 53.87
49.81 53.36
49.33 52.85
48.9 52.39
48.61 52.07
48.67 52.04
49.2 52.21
50.16 52.52
