77.99 81.16
82.68 83.68
90.55 87.94
101.82 94.02
116.03 101.64
131.87 110.17
147.81 118.81
162.49 126.77
174.8 133.43
184.01 138.44
189.9 141.8
192.72 143.77
193.0 144.76
191.41 145.21
188.58 145.51
184.93 145.89
180.78 146.47
176.29 147.25
171.57 148.15
166.71 149.06
161.76 149.82
156.79 150.3
151.82 150.38
146.86 149.97
141.89 149.06
136.9 147.68
131.87 145.89
126.81 143.78
121.75 141.43
116.78 138.91
111.98 136.27
107.45 133.54
103.3 130.74
99.59 127.9
96.36 125.06
93.64 122.25
91.41 119.49
89.66 116.83
88.35 114.3
87.43 111.9
86.85 109.64
86.58 107.51
86.54 105.52
86.7 103.66
86.97 101.93
87.31 100.32
87.66 98.81
87.95 97.4
88.13 96.06
88.18 94.79
88.08 93.58
87.83 92.42
87.45 91.33
86.99 90.32
86.45 89.37
85.85 88.5
85.2 87.68
84.48 86.92
83.72 86.19
82.92 85.5
82.1 84.83
81.27 84.2
80.46 83.59
79.66 83.0
78.88 82.43
78.14 81.89
77.45 81.36
76.81 80.84
76.19 80.32
75.59 79.8
75.01 79.29
74.52 78.84
74.33 78.63
74.77 78.98
75.64 79.82
