93.0 94.56
96.12 96.28
101.14 99.03
108.13 102.85
116.8 107.61
126.64 113.04
137.07 118.8
147.51 124.55
157.42 129.99
166.37 134.9
173.93 139.13
179.76 142.61
183.74 145.37
186.03 147.56
186.97 149.34
187.0 150.95
186.44 152.58
185.56 154.33
184.48 156.26
183.3 158.3
182.02 160.36
180.66 162.3
179.17 164.02
177.55 165.43
175.77 166.5
173.79 167.22
171.56 167.56
169.03 167.52
166.08 167.02
162.59 166.03
158.43 164.48
153.55 162.38
148.01 159.77
142.05 156.78
135.98 153.59
130.18 150.38
125.02 147.34
120.72 144.59
117.37 142.19
114.97 140.13
113.37 138.34
112.4 136.72
111.91 135.17
111.73 133.61
111.71 132.0
111.75 130.32
111.8 128.58
111.77 126.78
111.62 124.95
111.33 123.1
110.88 121.28
110.28 119.52
109.55 117.84
108.72 116.27
107.84 114.81
106.93 113.44
106.01 112.17
105.09 110.95
104.16 109.79
103.24 108.69
102.34 107.64
101.46 106.66
100.6 105.74
99.75 104.87
98.91 104.05
98.09 103.25
97.29 102.48
96.53 101.74
95.83 101.04
95.22 100.37
94.67 99.76
94.2 99.18
93.8 98.64
93.44 98.11
93.11 97.58
92.77 97.03
92.41 96.48
92.03 95.91
91.63 95.33
91.22 94.77
90.85 94.25
90.56 93.79
90.44 93.45
90.47 93.3
90.48 93.3
90.85 93.51
91.43 93.85
92.11 94.19
