67.0 68.68
69.61 70.04
73.86 72.27
79.79 75.41
87.1 79.32
95.26 83.73
103.67 88.31
111.81 92.76
119.26 96.83
125.67 100.35
130.78 103.27
134.49 105.6
136.82 107.39
137.92 108.75
138.0 109.83
137.3 110.75
136.07 111.62
134.48 112.53
132.68 113.5
130.77 114.52
128.81 115.53
126.81 116.45
124.78 117.2
122.71 117.73
120.62 118.03
118.48 118.09
116.32 117.97
114.17 117.67
112.07 117.24
110.05 116.69
108.1 116.01
106.21 115.2
104.32 114.23
102.36 113.09
100.31 111.77
98.15 110.26
95.92 108.58
93.67 106.78
91.47 104.92
89.42 103.07
87.59 101.29
86.04 99.64
84.8 98.13
83.89 96.78
83.28 95.58
82.91 94.5
82.74 93.52
82.7 92.59
82.71 91.7
82.72 90.81
82.7 89.93
82.65 89.06
82.58 88.22
82.51 87.43
82.47 86.73
82.48 86.12
82.55 85.61
82.65 85.18
82.76 84.82
82.82 84.48
82.82 84.15
82.71 83.81
82.5 83.46
82.19 83.07
81.75 82.66
81.21 82.22
80.6 81.76
79.96 81.31
79.31 80.87
78.7 80.46
78.13 80.08
77.59 79.74
77.08 79.41
76.55 79.08
76.03 78.74
75.54 78.38
75.07 78.02
74.63 77.66
74.25 77.3
73.9 76.95
73.56 76.59
73.2 76.22
72.8 75.8
72.35 75.35
71.83 74.87
71.27 74.35
70.7 73.84
70.15 73.33
69.65 72.85
69.22 72.41
68.84 71.99
68.5 71.61
68.18 71.23
67.84 70.84
67.47 70.44
67.09 70.02
66.7 69.58
66.33 69.15
66.0 68.73
65.69 68.34
65.43 68.0
65.25 67.78
65.33 67.78
66.02 68.17
66.97 68.84
