77.0 77.67
79.09 78.74
82.31 80.41
86.71 82.73
92.21 85.67
98.59 89.1
105.43 92.81
112.22 96.54
118.44 100.01
123.63 102.98
127.48 105.32
129.9 106.98
131.0 108.05
130.98 108.65
130.12 108.97
128.64 109.16
126.76 109.36
124.69 109.64
122.56 110.03
120.5 110.53
118.6 111.13
116.91 111.77
115.44 112.4
114.19 113.0
113.15 113.49
112.26 113.87
111.49 114.1
110.79 114.19
110.12 114.14
109.44 113.96
108.67 113.65
107.77 113.19
106.69 112.58
105.43 111.79
104.04 110.84
102.57 109.78
101.12 108.66
99.8 107.55
98.66 106.51
97.73 105.57
97.04 104.74
96.58 104.02
96.31 103.4
96.22 102.86
96.26 102.38
96.4 101.94
96.6 101.54
96.83 101.16
97.05 100.79
97.22 100.41
97.34 100.03
97.38 99.63
97.32 99.22
97.18 98.81
96.95 98.39
96.63 97.97
96.23 97.55
95.77 97.12
95.24 96.68
94.65 96.24
94.04 95.8
93.42 95.36
92.78 94.93
92.15 94.51
91.51 94.08
90.87 93.65
90.2 93.2
89.53 92.74
88.87 92.26
88.21 91.77
87.58 91.28
87.0 90.81
86.48 90.35
86.0 89.91
85.57 89.48
85.16 89.05
84.76 88.61
84.37 88.16
83.99 87.7
83.63 87.25
83.31 86.82
83.02 86.4
82.77 86.0
82.54 85.62
82.32 85.26
82.11 84.9
81.9 84.55
81.69 84.2
81.47 83.86
81.24 83.53
81.01 83.21
80.8 82.9
80.58 82.6
80.36 82.31
80.14 82.02
79.93 81.75
79.72 81.49
79.51 81.24
79.3 80.99
79.09 80.74
78.87 80.5
78.65 80.26
78.41 80.02
78.15 79.77
77.86 79.51
77.55 79.24
77.28 78.98
77.03 78.75
76.76 78.6
76.56 78.38
76.46 78.19
76.53 78.12
76.76 78.08
77.14 78.04
