68.0 68.76
69.36 69.49
71.54 70.66
74.6 72.3
78.43 74.35
82.78 76.71
87.37 79.21
91.88 81.68
96.03 83.97
99.61 85.96
102.49 87.62
104.61 88.94
106.0 89.97
106.75 90.78
107.0 91.46
106.85 92.08
106.45 92.7
105.91 93.36
105.29 94.08
104.63 94.86
103.99 95.66
103.4 96.46
102.86 97.23
102.41 97.94
102.04 98.59
101.75 99.16
101.5 99.66
101.29 100.09
101.08 100.45
100.87 100.73
100.63 100.93
100.38 101.05
100.07 101.07
99.69 100.99
99.2 100.79
98.54 100.45
97.67 99.95
96.55 99.29
95.21 98.49
93.74 97.6
92.27 96.69
90.93 95.82
89.83 95.07
89.05 94.47
88.57 94.04
88.38 93.74
88.41 93.54
88.6 93.39
88.86 93.24
89.14 93.07
89.38 92.86
89.56 92.59
89.68 92.29
89.76 91.97
89.81 91.63
89.81 91.3
89.75 90.97
89.6 90.64
89.33 90.28
88.93 89.89
88.39 89.46
87.72 88.99
87.0 88.5
86.24 87.99
85.5 87.5
84.79 87.03
84.12 86.59
83.5 86.17
82.91 85.77
82.33 85.38
81.77 84.98
81.22 84.56
80.67 84.13
80.13 83.69
79.62 83.25
79.17 82.81
78.76 82.39
78.43 81.99
78.14 81.61
77.9 81.25
77.69 80.91
77.48 80.57
77.27 80.23
77.05 79.87
76.81 79.5
76.56 79.11
76.3 78.73
76.05 78.37
75.82 78.03
75.62 77.72
75.45 77.44
75.3 77.19
75.16 76.95
75.01 76.72
74.85 76.48
74.67 76.25
74.48 76.0
74.28 75.76
74.09 75.52
73.9 75.29
73.73 75.08
73.56 74.88
73.4 74.69
73.24 74.5
73.08 74.32
72.9 74.14
72.69 73.95
72.46 73.73
72.19 73.51
71.91 73.27
71.61 73.02
71.32 72.77
71.05 72.53
70.79 72.3
70.56 72.1
70.36 71.9
70.18 71.73
70.03 71.56
69.9 71.4
69.78 71.24
69.67 71.09
69.55 70.92
69.42 70.75
69.25 70.56
69.06 70.35
68.86 70.13
68.64 69.91
68.44 69.73
68.2 69.56
67.98 69.35
67.82 69.18
67.74 69.04
67.56 68.86
67.54 68.74
67.53 68.68
