71.0 73.05
72.41 73.74
74.65 74.89
77.73 76.49
81.51 78.48
85.78 80.75
90.3 83.15
94.83 85.54
99.16 87.82
103.07 89.89
106.4 91.7
109.05 93.23
110.98 94.5
112.23 95.53
112.87 96.38
113.0 97.1
112.71 97.75
112.1 98.37
111.26 98.97
110.23 99.55
109.1 100.11
107.91 100.61
106.69 101.05
105.49 101.41
104.32 101.68
103.17 101.87
102.04 101.96
100.92 101.95
99.78 101.82
98.59 101.56
97.35 101.17
96.04 100.66
94.69 100.03
93.35 99.33
92.08 98.58
90.92 97.82
89.92 97.08
89.11 96.37
88.47 95.71
87.98 95.07
87.61 94.47
87.36 93.89
87.18 93.33
87.05 92.78
86.98 92.24
86.93 91.72
86.88 91.2
86.83 90.7
86.76 90.2
86.67 89.72
86.56 89.26
86.43 88.83
86.29 88.43
86.13 88.06
85.93 87.7
85.69 87.34
85.4 86.98
85.06 86.61
84.66 86.23
84.23 85.84
83.76 85.45
83.27 85.07
82.77 84.69
82.27 84.31
81.77 83.94
81.27 83.56
80.76 83.18
80.25 82.8
79.73 82.4
79.19 81.99
78.66 81.58
78.16 81.16
77.67 80.75
77.23 80.35
76.81 79.95
76.41 79.56
76.03 79.17
75.64 78.77
75.26 78.36
74.89 77.96
74.51 77.54
74.13 77.11
73.72 76.68
73.32 76.25
72.9 75.81
72.5 75.38
72.12 74.96
71.76 74.57
71.43 74.21
71.19 73.92
71.05 73.7
71.0 73.6
71.04 73.58
