77.0 77.85
78.08 78.44
79.78 79.37
82.12 80.65
85.01 82.22
88.32 84.03
91.87 85.96
95.47 87.9
98.91 89.77
102.02 91.46
104.65 92.93
106.73 94.17
108.25 95.19
109.24 96.02
109.79 96.72
110.0 97.36
109.94 97.98
109.7 98.6
109.33 99.23
108.87 99.88
108.34 100.52
107.78 101.12
107.18 101.68
106.58 102.17
105.98 102.59
105.41 102.95
104.86 103.25
104.35 103.49
103.88 103.67
103.43 103.81
103.02 103.89
102.64 103.93
102.28 103.93
101.94 103.86
101.59 103.73
101.18 103.51
100.67 103.18
100.02 102.74
99.21 102.19
98.27 101.54
97.28 100.83
96.29 100.12
95.38 99.44
94.59 98.82
93.94 98.27
93.44 97.81
93.08 97.4
92.82 97.05
92.65 96.72
92.54 96.4
92.45 96.07
92.36 95.73
92.25 95.38
92.12 95.0
91.96 94.62
91.78 94.23
91.58 93.83
91.34 93.45
91.06 93.06
90.73 92.67
90.36 92.28
89.96 91.89
89.53 91.49
89.08 91.09
88.62 90.69
88.15 90.29
87.68 89.89
87.19 89.49
86.7 89.08
86.21 88.68
85.74 88.29
85.28 87.9
84.83 87.52
84.41 87.15
83.99 86.77
83.57 86.39
83.15 86.0
82.75 85.61
82.36 85.22
81.99 84.83
81.64 84.46
81.32 84.09
81.01 83.73
80.71 83.38
80.42 83.03
80.14 82.69
79.89 82.36
79.66 82.04
79.44 81.74
79.24 81.44
79.04 81.16
78.86 80.88
78.7 80.62
78.54 80.36
78.4 80.13
78.28 79.91
78.18 79.7
78.08 79.51
77.99 79.33
77.91 79.16
77.83 78.99
77.73 78.82
77.6 78.64
77.43 78.44
77.22 78.22
76.97 78.0
76.7 77.78
76.47 77.59
76.35 77.46
76.29 77.33
76.32 77.33
76.59 77.42
