75.0 76.23
76.32 76.97
78.47 78.16
81.46 79.8
85.17 81.83
89.39 84.14
93.87 86.57
98.33 88.98
102.53 91.23
106.27 93.25
109.41 95.0
111.89 96.46
113.71 97.68
114.94 98.72
115.66 99.62
115.98 100.45
116.0 101.27
115.78 102.09
115.39 102.92
114.86 103.75
114.22 104.54
113.48 105.27
112.68 105.92
111.85 106.47
111.02 106.93
110.21 107.31
109.45 107.63
108.75 107.88
108.08 108.07
107.45 108.2
106.8 108.23
106.12 108.15
105.35 107.94
104.46 107.59
103.43 107.09
102.31 106.46
101.13 105.75
99.97 105.0
98.92 104.26
98.04 103.58
97.33 102.97
96.81 102.44
96.45 101.97
96.22 101.54
96.08 101.15
96.01 100.76
95.97 100.36
95.92 99.95
95.85 99.52
95.74 99.07
95.58 98.61
95.39 98.14
95.16 97.67
94.9 97.22
94.62 96.78
94.3 96.36
93.95 95.96
93.57 95.56
93.16 95.15
92.7 94.73
92.21 94.3
91.69 93.86
91.16 93.42
90.61 92.99
90.08 92.56
89.56 92.14
89.05 91.73
88.55 91.33
88.07 90.94
87.61 90.54
87.16 90.15
86.74 89.75
86.33 89.36
85.93 88.96
85.55 88.57
85.17 88.17
84.81 87.78
84.45 87.38
84.1 86.99
83.76 86.6
83.42 86.21
83.08 85.83
82.74 85.45
82.42 85.07
82.11 84.71
81.81 84.35
81.54 84.01
81.29 83.68
81.07 83.37
80.86 83.08
80.67 82.8
80.47 82.52
80.27 82.24
80.08 81.97
79.88 81.71
79.69 81.45
79.5 81.2
79.32 80.95
79.15 80.72
78.99 80.5
78.83 80.29
78.68 80.09
78.53 79.9
78.37 79.7
78.22 79.52
78.08 79.33
77.92 79.15
77.76 78.96
77.59 78.76
77.4 78.56
77.18 78.34
76.93 78.12
76.67 77.89
76.38 77.66
76.09 77.43
75.81 77.2
75.6 77.0
75.35 76.77
74.99 76.49
74.68 76.27
74.43 75.97
74.01 75.63
