56.0 61.04
61.18 63.85
69.91 68.69
82.5 75.57
98.29 84.04
115.55 93.34
132.65 102.56
148.22 110.83
160.96 117.51
170.09 122.32
175.61 125.37
178.0 127.04
177.97 127.83
176.23 128.22
173.32 128.57
169.56 129.06
165.18 129.74
160.34 130.57
155.17 131.47
149.8 132.31
144.37 132.96
138.96 133.31
133.61 133.23
128.35 132.67
123.16 131.6
117.97 130.08
112.78 128.18
107.63 126.0
102.57 123.65
97.73 121.22
93.28 118.77
89.34 116.34
86.0 113.94
83.28 111.58
81.17 109.26
79.61 106.98
78.51 104.73
77.78 102.53
77.32 100.38
77.06 98.27
76.94 96.23
76.97 94.27
77.11 92.43
77.33 90.71
77.58 89.11
77.77 87.62
77.82 86.2
77.68 84.82
77.3 83.46
76.68 82.1
75.88 80.76
74.92 79.45
73.86 78.19
72.78 77.02
71.74 75.96
70.74 74.99
69.78 74.12
68.85 73.32
67.92 72.56
66.99 71.81
66.06 71.08
65.16 70.36
64.31 69.65
63.53 68.96
62.8 68.29
62.14 67.63
61.52 66.98
60.91 66.31
60.24 65.61
59.48 64.86
58.6 64.04
57.61 63.22
56.79 62.42
56.08 61.91
55.18 61.36
54.62 60.84
