69.0 72.35
72.72 74.41
79.29 77.95
88.57 82.92
99.8 88.94
111.76 95.44
123.36 101.84
134.1 107.74
143.81 112.95
152.38 117.46
159.57 121.3
165.04 124.5
168.5 127.06
170.0 129.0
169.81 130.41
168.36 131.42
165.98 132.21
162.91 132.94
159.31 133.67
155.28 134.36
150.9 134.91
146.26 135.18
141.43 135.07
136.46 134.52
131.4 133.59
126.27 132.34
121.11 130.84
115.97 129.14
110.94 127.25
106.14 125.18
101.68 122.97
97.65 120.67
94.11 118.37
91.08 116.11
88.54 113.92
86.49 111.78
84.87 109.67
83.64 107.57
82.74 105.48
82.11 103.42
81.66 101.4
81.35 99.43
81.12 97.52
80.94 95.67
80.8 93.91
80.69 92.25
80.59 90.71
80.5 89.29
80.38 87.99
80.23 86.79
80.01 85.66
79.7 84.6
79.32 83.59
78.87 82.62
78.36 81.72
77.83 80.89
77.28 80.13
76.71 79.43
76.13 78.79
75.53 78.19
74.92 77.62
74.3 77.08
73.68 76.55
73.08 76.04
72.5 75.55
71.94 75.07
71.39 74.6
70.86 74.12
70.34 73.64
69.82 73.14
69.27 72.61
68.67 72.06
68.02 71.48
67.32 70.88
66.61 70.27
65.91 69.7
65.46 69.38
65.52 69.44
65.72 69.62
