73.0 73.55
74.99 74.59
78.29 76.32
83.02 78.81
88.99 81.98
95.72 85.59
102.51 89.29
108.62 92.7
113.42 95.46
116.56 97.36
118.0 98.38
117.91 98.63
116.62 98.33
114.5 97.74
111.85 97.09
108.96 96.52
106.06 96.13
103.33 95.96
100.88 96.02
98.79 96.27
97.12 96.69
95.88 97.2
95.07 97.75
94.63 98.27
94.51 98.72
94.62 99.06
94.9 99.31
95.24 99.46
95.59 99.53
95.86 99.53
96.01 99.45
96.0 99.25
95.81 98.91
95.41 98.43
94.81 97.8
94.03 97.05
93.1 96.23
92.11 95.38
91.16 94.57
90.3 93.82
89.57 93.18
89.0 92.65
88.6 92.23
88.35 91.9
88.24 91.67
88.28 91.5
88.45 91.39
88.72 91.32
89.04 91.26
89.35 91.21
89.62 91.12
89.79 90.99
89.85 90.8
89.76 90.55
89.53 90.24
89.17 89.89
88.71 89.52
88.16 89.12
87.57 88.71
86.97 88.31
86.38 87.92
85.78 87.54
85.2 87.17
84.64 86.81
84.08 86.45
83.53 86.09
82.99 85.73
82.45 85.35
81.94 84.96
81.44 84.56
80.97 84.16
80.54 83.77
80.16 83.4
79.82 83.03
79.51 82.68
79.24 82.34
78.99 82.01
78.75 81.68
78.54 81.35
78.33 81.03
78.15 80.72
77.98 80.42
77.83 80.13
77.7 79.85
77.59 79.58
77.47 79.33
77.37 79.08
77.27 78.85
77.18 78.64
77.08 78.43
76.98 78.24
76.85 78.05
76.7 77.85
76.5 77.63
76.28 77.4
76.04 77.16
75.78 76.92
75.53 76.68
75.27 76.46
75.01 76.25
74.74 76.05
74.48 75.87
74.25 75.71
74.09 75.6
73.99 75.37
73.66 75.13
73.39 74.92
72.96 74.74
72.5 74.39
72.08 74.18
72.08 74.06
72.09 73.95
72.05 73.64
72.04 73.46
72.0 73.3
71.83 73.12
