74.0 75.01
75.06 75.56
76.73 76.45
79.05 77.68
81.96 79.24
85.3 81.03
88.85 82.94
92.39 84.84
95.69 86.62
98.53 88.18
100.82 89.47
102.53 90.52
103.7 91.34
104.43 92.03
104.83 92.65
105.0 93.26
104.99 93.89
104.85 94.56
104.61 95.25
104.27 95.93
103.84 96.58
103.33 97.17
102.75 97.67
102.11 98.07
101.42 98.38
100.72 98.59
100.01 98.74
99.3 98.82
98.62 98.85
97.94 98.83
97.26 98.75
96.53 98.59
95.72 98.33
94.79 97.93
93.73 97.4
92.55 96.73
91.29 95.96
90.0 95.12
88.77 94.27
87.66 93.45
86.69 92.69
85.92 92.02
85.33 91.44
84.94 90.93
84.71 90.49
84.63 90.11
84.64 89.75
84.72 89.41
84.85 89.07
84.99 88.74
85.14 88.4
85.28 88.07
85.42 87.76
85.55 87.47
85.66 87.2
85.74 86.96
85.78 86.73
85.77 86.51
85.7 86.29
85.57 86.06
85.36 85.81
85.07 85.54
84.73 85.26
84.35 84.98
83.95 84.7
83.55 84.43
83.14 84.18
82.75 83.94
82.36 83.7
81.95 83.45
81.52 83.19
81.09 82.93
80.66 82.66
80.26 82.38
79.88 82.1
79.52 81.81
79.16 81.51
78.81 81.2
78.45 80.88
78.11 80.56
77.79 80.25
77.5 79.94
77.23 79.65
76.98 79.37
76.75 79.08
76.53 78.8
76.31 78.52
76.1 78.23
75.89 77.95
75.68 77.67
75.47 77.4
75.27 77.14
75.08 76.88
74.9 76.63
74.72 76.39
74.57 76.17
74.44 75.97
74.34 75.81
74.25 75.7
74.24 75.58
74.14 75.41
73.87 75.1
73.63 74.79
