94.0 98.89
97.8 100.82
104.39 104.2
113.83 109.06
125.57 115.13
138.34 121.82
150.67 128.35
161.23 133.97
169.06 138.12
173.65 140.53
175.0 141.27
173.52 140.68
169.91 139.23
164.94 137.42
159.31 135.67
153.53 134.25
147.93 133.26
142.64 132.69
137.67 132.44
132.96 132.3
128.4 132.09
123.9 131.59
119.44 130.69
115.03 129.32
110.75 127.54
106.74 125.49
103.15 123.35
100.15 121.33
97.86 119.56
96.35 118.12
95.64 117.03
95.69 116.22
96.41 115.62
97.64 115.12
99.22 114.65
100.97 114.12
102.72 113.51
104.35 112.8
105.73 111.97
106.79 111.06
107.47 110.08
107.78 109.05
107.7 108.01
107.26 106.95
106.5 105.92
105.48 104.92
104.27 103.96
102.94 103.06
101.55 102.22
100.15 101.44
98.78 100.73
97.47 100.07
96.22 99.44
95.05 98.84
93.93 98.25
92.88 97.67
91.93 97.13
91.22 96.74
91.35 96.79
91.73 97.09
