92.0 97.54
98.37 100.54
109.46 106.04
124.77 114.04
143.51 123.79
162.75 134.01
179.55 143.41
192.99 150.98
202.66 156.23
208.29 159.14
210.0 160.1
208.24 159.64
203.81 158.35
197.55 156.7
190.26 155.05
182.57 153.65
174.93 152.65
167.62 152.14
160.78 152.06
154.44 152.25
148.55 152.45
143.03 152.33
137.79 151.68
132.8 150.4
128.07 148.58
123.69 146.42
119.77 144.18
116.42 142.06
113.74 140.16
111.77 138.48
110.53 137.0
110.01 135.66
110.15 134.44
110.84 133.3
111.95 132.21
113.3 131.13
114.67 129.99
115.9 128.73
116.86 127.36
117.45 125.87
117.65 124.29
117.44 122.65
116.86 121.01
115.96 119.41
114.84 117.89
113.54 116.46
112.11 115.13
110.61 113.9
109.06 112.75
107.48 111.66
105.9 110.64
104.39 109.66
102.99 108.76
101.74 107.92
100.66 107.16
99.76 106.46
99.02 105.83
98.41 105.25
97.91 104.68
97.46 104.11
97.02 103.51
96.54 102.86
96.01 102.15
95.41 101.38
94.72 100.55
93.97 99.75
93.13 99.13
92.37 98.56
91.49 98.09
