64.99 67.32
67.88 68.93
72.26 71.38
78.25 74.72
85.81 78.91
94.69 83.79
104.47 89.13
114.59 94.62
124.45 99.95
133.45 104.84
141.12 109.09
147.16 112.59
151.45 115.34
154.0 117.43
154.99 118.99
154.69 120.19
153.37 121.19
151.34 122.11
148.84 123.06
146.11 124.06
143.31 125.11
140.57 126.2
137.98 127.26
135.59 128.25
133.44 129.12
131.51 129.84
129.78 130.37
128.19 130.7
126.68 130.78
125.11 130.58
123.35 130.05
121.28 129.16
118.81 127.89
115.96 126.28
112.84 124.39
109.64 122.35
106.55 120.28
103.75 118.29
101.39 116.48
99.56 114.9
98.3 113.56
97.58 112.44
97.36 111.51
97.54 110.72
97.99 109.99
98.57 109.29
99.16 108.55
99.69 107.76
100.08 106.9
100.28 105.99
100.31 105.03
100.15 104.06
99.79 103.1
99.26 102.16
98.57 101.24
97.75 100.35
96.83 99.48
95.81 98.62
94.74 97.76
93.59 96.91
92.42 96.05
91.21 95.19
89.99 94.33
88.77 93.47
87.54 92.61
86.32 91.74
85.12 90.88
83.97 90.03
82.87 89.19
81.83 88.36
80.85 87.54
79.95 86.73
79.11 85.93
78.32 85.13
77.61 84.36
76.97 83.59
76.39 82.83
75.85 82.09
75.36 81.35
74.89 80.62
74.43 79.91
73.99 79.2
73.55 78.51
73.1 77.82
72.63 77.13
72.13 76.45
71.61 75.77
71.08 75.11
70.55 74.46
70.03 73.84
69.52 73.24
69.01 72.67
68.51 72.1
67.97 71.54
67.42 70.98
66.85 70.43
66.3 69.9
65.8 69.43
65.39 69.04
65.2 68.8
64.93 68.46
64.88 68.26
64.96 68.17
64.98 67.96
65.01 67.73
