74.0 76.15
76.34 77.34
80.16 79.34
85.45 82.16
92.0 85.62
99.15 89.42
106.16 93.2
112.58 96.63
117.99 99.49
122.08 101.65
124.72 103.11
125.98 103.95
126.0 104.32
124.99 104.37
123.22 104.23
120.92 104.03
118.31 103.88
115.57 103.82
112.83 103.88
110.17 104.03
107.68 104.22
105.36 104.39
103.25 104.48
101.37 104.46
99.74 104.32
98.34 104.09
97.14 103.77
96.06 103.37
95.02 102.87
93.94 102.25
92.8 101.49
91.6 100.6
90.4 99.61
89.29 98.58
88.32 97.56
87.57 96.6
87.08 95.74
86.86 95.01
86.93 94.41
87.25 93.95
87.78 93.6
88.48 93.34
89.27 93.15
90.07 92.98
90.81 92.81
91.45 92.62
91.92 92.39
92.23 92.12
92.36 91.82
92.31 91.49
92.08 91.14
91.67 90.76
91.11 90.36
90.39 89.93
89.55 89.48
88.63 89.0
87.66 88.52
86.67 88.04
85.71 87.58
84.8 87.13
83.94 86.7
83.17 86.29
82.46 85.89
81.8 85.48
81.19 85.06
80.63 84.64
80.1 84.21
79.61 83.76
79.15 83.3
78.71 82.84
78.3 82.36
77.89 81.87
77.48 81.37
77.07 80.86
76.65 80.33
76.21 79.8
75.78 79.27
75.34 78.74
74.91 78.23
74.5 77.73
74.11 77.25
73.75 76.79
73.4 76.35
73.07 75.92
72.74 75.51
72.42 75.12
72.19 74.82
72.09 74.64
72.25 74.67
72.54 74.86
