91.0 92.8
97.21 95.99
109.56 101.91
127.29 110.62
147.92 121.25
167.97 132.12
183.36 141.2
191.55 146.97
193.0 148.97
189.88 147.85
184.48 144.95
178.33 141.71
172.14 139.18
166.14 137.78
160.43 137.39
155.04 137.64
149.98 138.17
145.27 138.76
140.92 139.36
136.89 139.95
133.11 140.42
129.5 140.52
125.99 139.99
122.49 138.67
118.96 136.61
115.42 134.09
111.96 131.51
108.81 129.22
106.17 127.42
104.16 126.04
102.88 124.91
102.27 123.82
102.2 122.66
102.56 121.42
103.25 120.17
104.14 119.0
105.17 117.92
106.2 116.91
107.12 115.9
107.83 114.86
108.28 113.78
108.42 112.66
108.28 111.51
107.88 110.36
107.24 109.25
106.41 108.19
105.41 107.19
104.28 106.25
103.09 105.36
101.89 104.53
100.74 103.76
99.68 103.06
98.74 102.42
97.92 101.87
97.2 101.37
96.56 100.92
95.97 100.46
95.37 99.99
94.78 99.49
94.18 98.94
93.56 98.37
92.96 97.78
92.42 97.21
91.94 96.65
91.54 96.13
91.2 95.63
90.93 95.16
90.67 94.71
90.43 94.26
90.16 93.81
89.85 93.33
89.53 92.86
89.31 92.48
89.22 92.19
89.12 91.95
89.22 91.99
89.45 92.12
