72.0 73.19
74.32 74.39
78.22 76.42
83.7 79.32
90.51 82.94
98.02 87.0
105.5 91.11
112.37 94.93
118.25 98.22
122.91 100.84
126.22 102.79
128.21 104.16
129.0 105.05
128.75 105.62
127.69 105.98
126.04 106.24
124.04 106.52
121.9 106.88
119.78 107.39
117.8 108.03
116.03 108.79
114.49 109.58
113.18 110.33
112.1 110.98
111.18 111.48
110.39 111.84
109.69 112.05
109.02 112.14
108.3 112.09
107.5 111.88
106.55 111.49
105.42 110.91
104.1 110.14
102.66 109.21
101.17 108.18
99.69 107.1
98.28 106.01
97.01 104.95
95.9 103.95
94.95 103.01
94.18 102.13
93.6 101.34
93.23 100.63
93.05 100.01
93.06 99.47
93.21 99.02
93.47 98.62
93.78 98.27
94.09 97.92
94.33 97.57
94.49 97.18
94.5 96.76
94.36 96.29
94.08 95.78
93.64 95.23
93.07 94.65
92.38 94.04
91.62 93.43
90.8 92.81
89.97 92.22
89.14 91.65
88.34 91.12
87.56 90.61
86.81 90.11
86.09 89.62
85.4 89.12
84.73 88.62
84.09 88.11
83.49 87.6
82.92 87.09
82.41 86.6
81.94 86.12
81.52 85.65
81.11 85.18
80.72 84.72
80.32 84.24
79.92 83.76
79.51 83.26
79.11 82.77
78.74 82.27
78.38 81.8
78.04 81.33
77.7 80.88
77.37 80.44
77.04 80.0
76.7 79.58
76.35 79.16
76.0 78.74
75.66 78.34
75.34 77.96
75.05 77.59
74.78 77.25
74.53 76.92
74.3 76.61
74.07 76.31
73.85 76.02
73.64 75.74
73.43 75.47
73.23 75.2
73.04 74.94
72.85 74.68
72.66 74.43
72.5 74.2
72.45 74.02
72.43 73.86
72.32 73.6
72.2 73.34
72.05 73.09
71.8 72.83
71.54 72.61
71.4 72.56
71.29 72.6
