94.0 94.41
95.48 95.19
97.75 96.42
100.84 98.11
104.71 100.22
109.16 102.67
113.95 105.31
118.82 108.0
123.51 110.6
127.78 113.0
131.49 115.15
134.54 117.0
136.88 118.58
138.53 119.92
139.55 121.05
140.0 122.03
139.94 122.89
139.47 123.67
138.67 124.4
137.63 125.08
136.46 125.73
135.22 126.33
133.97 126.89
132.77 127.39
131.62 127.82
130.52 128.16
129.45 128.39
128.37 128.49
127.21 128.42
125.9 128.16
124.38 127.69
122.65 127.01
120.75 126.15
118.74 125.14
116.74 124.05
114.86 122.94
113.19 121.87
111.8 120.89
110.75 120.04
110.06 119.32
109.71 118.71
109.65 118.21
109.81 117.77
110.12 117.36
110.5 116.95
110.9 116.53
111.28 116.07
111.59 115.59
111.8 115.08
111.89 114.55
111.86 114.0
111.68 113.43
111.35 112.85
110.88 112.26
110.3 111.66
109.62 111.06
108.88 110.47
108.1 109.89
107.28 109.32
106.46 108.76
105.64 108.21
104.82 107.67
104.01 107.13
103.23 106.6
102.48 106.07
101.75 105.54
101.06 105.01
100.38 104.48
99.72 103.94
99.09 103.39
98.49 102.84
97.92 102.3
97.39 101.76
96.91 101.24
96.46 100.72
96.07 100.22
95.7 99.73
95.36 99.24
95.03 98.75
94.7 98.27
94.36 97.78
94.02 97.29
93.67 96.82
93.33 96.36
93.02 95.92
92.73 95.52
92.49 95.14
92.29 94.8
92.12 94.49
92.0 94.22
91.92 93.97
91.87 93.75
91.84 93.55
91.82 93.37
91.83 93.21
91.88 93.1
92.06 93.08
92.48 93.23
93.14 93.5
