74.0 75.22
75.48 76.02
77.93 77.34
81.34 79.17
85.49 81.41
90.07 83.91
94.78 86.5
99.43 89.06
103.91 91.53
108.2 93.88
112.16 96.07
115.61 98.07
118.33 99.81
120.14 101.21
121.0 102.23
120.94 102.9
120.1 103.27
118.62 103.43
116.7 103.49
114.48 103.5
112.1 103.5
109.69 103.49
107.32 103.45
105.07 103.37
102.97 103.26
101.04 103.11
99.3 102.93
97.73 102.71
96.33 102.43
95.08 102.06
93.93 101.56
92.82 100.92
91.72 100.15
90.6 99.26
89.45 98.28
88.29 97.24
87.19 96.17
86.16 95.1
85.25 94.06
84.48 93.06
83.86 92.12
83.41 91.26
83.1 90.49
82.94 89.78
82.92 89.16
82.99 88.6
83.14 88.1
83.35 87.65
83.58 87.24
83.82 86.87
84.04 86.52
84.22 86.18
84.35 85.86
84.41 85.55
84.39 85.25
84.28 84.94
84.08 84.62
83.8 84.3
83.43 83.96
83.0 83.61
82.5 83.25
81.95 82.89
81.38 82.53
80.81 82.18
80.24 81.84
79.7 81.52
79.2 81.22
78.74 80.93
78.33 80.66
77.96 80.4
77.64 80.14
77.35 79.88
77.09 79.62
76.84 79.34
76.58 79.05
76.32 78.74
76.04 78.42
75.75 78.09
75.46 77.76
75.17 77.43
74.88 77.1
74.6 76.78
74.33 76.47
74.09 76.18
73.85 75.9
73.65 75.64
73.49 75.4
73.4 75.22
73.37 75.07
73.4 74.96
73.38 74.88
73.3 74.8
