71.0 72.98
72.29 73.65
74.51 74.82
77.7 76.48
81.67 78.56
86.08 80.88
90.52 83.23
94.68 85.45
98.42 87.45
101.74 89.22
104.7 90.82
107.31 92.32
109.57 93.75
111.42 95.13
112.82 96.4
113.69 97.53
114.0 98.48
113.72 99.22
112.94 99.77
111.71 100.17
110.18 100.45
108.51 100.66
106.79 100.8
105.1 100.88
103.48 100.93
101.95 100.95
100.52 100.94
99.19 100.89
97.94 100.81
96.77 100.64
95.62 100.35
94.46 99.92
93.24 99.32
91.97 98.56
90.64 97.68
89.29 96.71
87.97 95.7
86.74 94.7
85.65 93.73
84.71 92.81
83.93 91.96
83.3 91.16
82.85 90.41
82.54 89.73
82.37 89.1
82.35 88.54
82.44 88.03
82.62 87.59
82.89 87.2
83.19 86.84
83.5 86.52
83.79 86.21
84.02 85.9
84.15 85.6
84.19 85.28
84.12 84.94
83.94 84.6
83.68 84.24
83.33 83.87
82.91 83.51
82.46 83.15
81.97 82.79
81.45 82.45
80.93 82.13
80.42 81.82
79.94 81.53
79.48 81.26
79.04 80.99
78.63 80.73
78.25 80.46
77.87 80.18
77.51 79.89
77.15 79.58
76.78 79.25
76.41 78.91
76.02 78.55
75.61 78.18
75.21 77.81
74.82 77.44
74.43 77.07
74.06 76.71
73.7 76.36
73.36 76.0
73.01 75.64
72.67 75.26
72.31 74.88
71.95 74.48
71.58 74.08
71.22 73.69
70.9 73.34
70.68 73.06
70.59 72.87
70.5 72.73
70.55 72.63
