65.99 70.85
73.57 74.74
88.58 81.93
109.59 92.36
133.85 105.01
157.93 118.0
177.52 129.22
190.28 137.32
197.43 142.09
201.28 144.29
203.25 145.18
204.0 145.9
203.77 147.12
202.54 148.92
200.16 150.98
196.61 152.92
192.04 154.48
186.64 155.65
180.58 156.54
173.99 157.19
166.96 157.5
159.57 157.23
151.87 156.09
143.93 153.98
135.81 151.02
127.62 147.52
119.52 143.89
111.71 140.42
104.44 137.21
97.95 134.19
92.44 131.2
88.04 128.17
84.78 125.12
82.58 122.15
81.27 119.34
80.62 116.7
80.4 114.16
80.38 111.62
80.45 109.0
80.51 106.29
80.53 103.55
80.46 100.82
80.3 98.17
80.02 95.64
79.62 93.24
79.14 91.02
78.59 88.97
78.03 87.13
77.48 85.47
76.94 84.0
76.39 82.68
75.81 81.48
75.16 80.35
74.43 79.26
73.59 78.2
72.66 77.17
71.67 76.18
70.68 75.25
69.73 74.4
68.86 73.63
68.07 72.94
67.35 72.3
66.68 71.7
66.01 71.11
65.47 70.69
65.87 71.04
66.43 71.54
