66.0 68.53
70.04 70.51
76.89 73.94
86.51 78.88
98.27 85.04
110.94 91.87
123.3 98.69
134.41 104.89
143.59 110.04
150.44 113.94
154.83 116.6
156.9 118.23
157.0 119.11
155.62 119.52
153.21 119.72
150.08 119.9
146.42 120.13
142.36 120.46
138.0 120.84
133.48 121.2
128.89 121.46
124.37 121.52
119.98 121.31
115.76 120.79
111.72 119.96
107.84 118.86
104.06 117.52
100.33 115.96
96.61 114.21
92.9 112.27
89.29 110.17
85.86 107.94
82.71 105.63
79.97 103.32
77.68 101.05
75.86 98.87
74.49 96.78
73.5 94.81
72.86 92.95
72.52 91.2
72.42 89.57
72.53 88.04
72.79 86.62
73.14 85.28
73.54 84.03
73.93 82.85
74.27 81.75
74.51 80.7
74.64 79.71
74.63 78.77
74.47 77.88
74.19 77.04
73.81 76.25
73.36 75.52
72.87 74.84
72.35 74.21
71.81 73.63
71.25 73.1
70.66 72.6
70.05 72.13
69.44 71.68
68.84 71.25
68.26 70.84
67.73 70.45
67.23 70.08
66.76 69.72
66.27 69.35
65.78 68.98
65.39 68.69
64.99 68.6
64.7 68.56
64.54 68.58
