62.0 63.44
63.28 64.14
65.35 65.28
68.3 66.88
72.06 68.91
76.41 71.24
81.01 73.68
85.47 76.03
89.46 78.14
92.76 79.89
95.29 81.27
97.07 82.32
98.21 83.13
98.81 83.81
99.0 84.43
98.87 85.03
98.52 85.66
97.99 86.31
97.32 86.96
96.54 87.59
95.66 88.18
94.69 88.69
93.65 89.09
92.56 89.37
91.44 89.52
90.32 89.55
89.21 89.49
88.12 89.35
87.04 89.14
85.95 88.85
84.82 88.48
83.63 87.99
82.37 87.39
81.06 86.67
79.72 85.85
78.4 84.96
77.15 84.06
76.01 83.16
75.01 82.3
74.18 81.5
73.52 80.76
73.02 80.08
72.66 79.45
72.42 78.86
72.29 78.31
72.23 77.79
72.24 77.3
72.3 76.83
72.38 76.38
72.47 75.96
72.55 75.55
72.61 75.17
72.62 74.8
72.59 74.43
72.49 74.07
72.34 73.71
72.14 73.37
71.91 73.03
71.65 72.71
71.39 72.41
71.1 72.12
70.81 71.85
70.5 71.59
70.19 71.33
69.85 71.08
69.5 70.81
69.11 70.54
68.7 70.24
68.26 69.93
67.81 69.61
67.37 69.29
66.93 68.96
66.5 68.64
66.09 68.33
65.71 68.03
65.36 67.73
65.03 67.43
64.72 67.13
64.42 66.83
64.11 66.51
63.8 66.18
63.48 65.84
63.17 65.51
62.87 65.17
62.59 64.85
62.3 64.53
62.03 64.21
61.76 63.92
61.52 63.65
61.38 63.43
61.25 63.29
61.27 63.15
61.52 63.2
61.98 63.35
