78.0 79.01
80.26 80.18
84.59 82.34
91.07 85.55
98.96 89.55
106.94 93.82
113.7 97.68
118.47 100.62
121.11 102.38
122.0 103.08
121.83 103.09
121.15 102.82
120.03 102.56
118.51 102.47
116.74 102.58
114.92 102.83
113.2 103.21
111.63 103.69
110.25 104.28
109.06 104.98
108.06 105.72
107.2 106.42
106.43 106.93
105.7 107.19
104.98 107.18
104.25 106.96
103.5 106.66
102.76 106.35
102.04 106.09
101.33 105.83
100.57 105.5
99.7 104.99
98.62 104.26
97.27 103.29
95.65 102.13
93.92 100.88
92.32 99.66
91.09 98.6
90.41 97.79
90.32 97.27
90.7 97.02
91.33 96.95
92.05 96.94
92.71 96.9
93.24 96.77
93.65 96.54
93.92 96.21
94.05 95.82
94.04 95.39
93.89 94.93
93.62 94.45
93.27 93.98
92.89 93.55
92.52 93.17
92.16 92.86
91.81 92.61
91.47 92.41
91.12 92.21
90.76 91.99
90.37 91.73
89.96 91.43
89.55 91.11
89.13 90.8
88.7 90.5
88.28 90.21
87.87 89.93
87.46 89.64
87.03 89.33
86.59 89.0
86.14 88.65
85.66 88.27
85.17 87.88
84.67 87.47
84.16 87.05
83.65 86.62
83.15 86.18
82.69 85.75
82.27 85.34
81.89 84.95
81.55 84.57
81.22 84.21
80.9 83.84
80.59 83.48
80.3 83.12
80.02 82.77
79.78 82.42
79.56 82.09
79.37 81.79
79.22 81.51
79.09 81.25
78.99 81.01
78.9 80.79
78.81 80.56
78.71 80.34
78.58 80.1
78.41 79.86
78.21 79.6
77.97 79.33
77.71 79.06
77.46 78.79
77.22 78.54
76.98 78.3
76.73 78.07
76.48 77.86
76.3 77.73
76.42 77.7
76.68 77.69
