67.0 68.1
68.85 69.14
71.75 70.77
75.72 72.99
80.68 75.73
86.4 78.88
92.58 82.28
98.92 85.74
105.15 89.13
110.97 92.32
116.17 95.23
120.61 97.83
124.21 100.12
126.96 102.13
128.89 103.91
130.11 105.52
130.76 107.05
131.0 108.54
130.96 110.05
130.77 111.59
130.48 113.16
130.15 114.71
129.78 116.2
129.38 117.58
128.94 118.84
128.44 119.94
127.85 120.88
127.17 121.65
126.38 122.24
125.48 122.66
124.46 122.89
123.29 122.93
121.94 122.77
120.36 122.39
118.52 121.75
116.4 120.86
114.02 119.71
111.43 118.34
108.76 116.84
106.16 115.29
103.75 113.76
101.62 112.33
99.85 111.04
98.43 109.88
97.32 108.84
96.51 107.89
95.96 107.02
95.59 106.19
95.34 105.38
95.15 104.56
94.98 103.72
94.75 102.82
94.47 101.88
94.14 100.89
93.74 99.88
93.27 98.88
92.79 97.92
92.3 97.03
91.79 96.21
91.29 95.46
90.78 94.76
90.24 94.08
89.66 93.4
89.0 92.7
88.27 91.97
87.47 91.22
86.63 90.45
85.8 89.7
85.02 88.98
84.3 88.31
83.67 87.71
83.09 87.16
82.56 86.65
82.06 86.17
81.59 85.7
81.11 85.22
80.59 84.69
80.01 84.12
79.37 83.48
78.67 82.8
78.0 82.11
77.42 81.46
76.96 80.89
76.63 80.41
76.42 80.03
76.29 79.72
76.16 79.42
76.0 79.11
75.79 78.75
75.52 78.34
75.2 77.89
74.88 77.44
74.56 77.0
74.29 76.6
74.08 76.24
73.91 75.93
73.76 75.65
73.61 75.38
73.43 75.12
73.2 74.84
72.88 74.53
72.49 74.18
72.05 73.81
71.61 73.43
71.2 73.06
70.86 72.74
70.63 72.48
70.49 72.27
70.4 72.1
70.31 71.95
70.19 71.8
70.03 71.61
69.8 71.38
69.52 71.1
69.18 70.78
68.8 70.44
68.38 70.09
68.0 69.75
67.68 69.46
67.46 69.22
67.34 69.05
67.3 68.92
67.31 68.83
67.31 68.74
67.27 68.62
67.14 68.43
66.89 68.17
66.52 67.84
66.04 67.45
65.56 67.06
65.22 66.72
65.02 66.64
65.0 66.82
65.55 66.96
66.19 67.52
