66.99 67.9
72.01 70.37
81.79 75.05
95.97 81.99
112.46 90.56
128.69 99.59
142.2 107.67
151.34 113.69
156.22 117.32
158.36 118.96
159.0 119.39
158.64 119.47
157.56 119.79
156.01 120.59
154.12 121.82
151.96 123.26
149.58 124.75
147.03 126.22
144.36 127.67
141.64 129.11
138.93 130.47
136.25 131.58
133.64 132.26
131.09 132.4
128.59 132.02
126.04 131.27
123.32 130.29
120.25 129.17
116.64 127.85
112.38 126.18
107.55 124.01
102.4 121.32
97.33 118.28
92.77 115.18
89.11 112.31
86.53 109.89
85.01 108.01
84.42 106.59
84.52 105.48
85.06 104.53
85.83 103.6
86.65 102.61
87.38 101.5
87.93 100.25
88.24 98.89
88.28 97.43
88.09 95.93
87.71 94.43
87.17 92.98
86.51 91.62
85.72 90.37
84.84 89.23
83.87 88.18
82.83 87.18
81.73 86.19
80.61 85.22
79.48 84.24
78.37 83.29
77.29 82.37
76.26 81.51
75.28 80.7
74.36 79.95
73.52 79.25
72.77 78.59
72.12 77.98
71.57 77.39
71.07 76.82
70.62 76.26
70.21 75.7
69.82 75.13
69.46 74.57
69.17 74.02
68.94 73.49
68.76 73.01
68.64 72.56
68.57 72.16
68.55 71.81
68.57 71.48
68.59 71.18
68.61 70.89
68.58 70.59
68.47 70.28
68.28 69.95
68.04 69.6
67.75 69.25
67.45 68.95
67.1 68.75
66.65 68.42
66.21 67.97
65.93 67.77
65.77 67.68
