72.0 74.48
74.48 75.81
78.53 78.0
84.23 81.07
91.4 84.9
99.48 89.22
107.79 93.64
115.62 97.77
122.31 101.29
127.4 104.0
130.76 105.86
132.52 107.01
133.0 107.64
132.52 108.01
131.41 108.32
129.89 108.7
128.11 109.22
126.19 109.86
124.15 110.57
122.04 111.28
119.88 111.91
117.67 112.39
115.45 112.69
113.23 112.75
111.03 112.58
108.86 112.19
106.7 111.62
104.55 110.88
102.36 110.0
100.1 108.98
97.77 107.82
95.38 106.54
93.02 105.13
90.74 103.62
88.62 102.06
86.74 100.5
85.15 98.99
83.84 97.55
82.83 96.21
82.1 94.98
81.61 93.83
81.31 92.77
81.16 91.76
81.12 90.81
81.14 89.89
81.19 89.0
81.24 88.14
81.27 87.3
81.26 86.5
81.21 85.73
81.1 85.01
80.94 84.32
80.73 83.69
80.48 83.09
80.17 82.52
79.83 81.99
79.46 81.48
79.08 81.01
78.7 80.56
78.3 80.14
77.9 79.75
77.49 79.37
77.06 79.0
76.61 78.63
76.16 78.26
75.68 77.88
75.2 77.5
74.69 77.1
74.17 76.69
73.64 76.28
73.13 75.87
72.62 75.46
72.12 75.04
71.63 74.62
71.15 74.21
70.74 73.86
70.57 73.69
70.74 73.63
71.13 73.67
