78.0 79.42
79.72 80.39
82.4 81.91
86.13 84.02
90.87 86.67
96.43 89.74
102.47 93.04
108.59 96.35
114.38 99.45
119.45 102.15
123.51 104.36
126.45 106.03
128.25 107.22
129.0 108.02
128.85 108.54
128.01 108.9
126.63 109.19
124.89 109.48
122.96 109.82
120.94 110.2
118.95 110.62
117.02 111.03
115.19 111.4
113.46 111.68
111.83 111.83
110.27 111.85
108.77 111.7
107.29 111.4
105.79 110.92
104.22 110.25
102.5 109.4
100.64 108.38
98.69 107.2
96.7 105.9
94.72 104.53
92.85 103.13
91.09 101.75
89.49 100.4
88.09 99.12
86.95 97.93
86.09 96.85
85.5 95.86
85.14 94.97
84.95 94.15
84.89 93.38
84.94 92.65
85.06 91.96
85.24 91.3
85.44 90.67
85.62 90.08
85.75 89.52
85.82 88.97
85.81 88.44
85.72 87.91
85.53 87.39
85.24 86.88
84.88 86.38
84.49 85.91
84.08 85.47
83.68 85.08
83.29 84.72
82.93 84.39
82.59 84.09
82.28 83.81
81.99 83.55
81.69 83.29
81.36 83.02
81.01 82.74
80.65 82.45
80.27 82.14
79.88 81.82
79.48 81.49
79.06 81.15
78.62 80.81
78.2 80.47
77.8 80.13
77.45 79.81
77.13 79.51
76.85 79.23
76.63 78.98
76.46 78.76
76.36 78.59
76.4 78.52
76.71 78.64
77.46 79.06
