72.0 75.39
75.12 77.03
80.12 79.72
87.1 83.45
95.78 88.1
105.6 93.35
115.89 98.82
125.82 104.05
134.6 108.66
141.62 112.36
146.55 115.03
149.29 116.69
150.0 117.48
148.95 117.64
146.52 117.41
143.11 117.0
139.04 116.59
134.63 116.26
130.09 116.06
125.57 115.95
121.17 115.86
116.97 115.72
112.99 115.44
109.23 114.96
105.67 114.25
102.3 113.3
99.07 112.1
95.97 110.71
93.01 109.16
90.22 107.51
87.67 105.81
85.39 104.1
83.47 102.42
81.93 100.79
80.74 99.22
79.9 97.71
79.37 96.26
79.11 94.88
79.09 93.58
79.29 92.36
79.67 91.25
80.18 90.23
80.78 89.31
81.44 88.49
82.11 87.75
82.75 87.08
83.32 86.46
83.77 85.89
84.06 85.34
84.15 84.81
84.07 84.29
83.83 83.79
83.47 83.31
83.05 82.87
82.6 82.48
82.14 82.15
81.68 81.86
81.22 81.6
80.72 81.34
80.17 81.07
79.58 80.77
78.92 80.43
78.22 80.05
77.49 79.64
76.74 79.22
75.98 78.78
75.23 78.33
74.5 77.87
73.79 77.39
73.1 76.91
72.43 76.4
71.77 75.88
71.16 75.36
70.66 74.92
70.41 74.64
70.68 74.62
71.25 74.87
