73.0 75.74
74.61 76.59
77.27 78.0
80.96 79.98
85.57 82.43
90.81 85.22
96.38 88.16
101.94 91.06
107.17 93.76
111.77 96.14
115.54 98.13
118.39 99.73
120.33 101.0
121.47 102.01
121.98 102.86
122.0 103.64
121.65 104.42
121.02 105.23
120.18 106.05
119.17 106.86
118.02 107.61
116.74 108.26
115.38 108.78
113.95 109.15
112.47 109.38
110.97 109.47
109.46 109.42
107.93 109.24
106.34 108.91
104.65 108.4
102.82 107.72
100.82 106.85
98.7 105.81
96.52 104.65
94.38 103.41
92.39 102.16
90.63 100.94
89.14 99.78
87.93 98.72
87.0 97.73
86.31 96.82
85.83 95.96
85.53 95.15
85.36 94.36
85.28 93.6
85.27 92.85
85.28 92.12
85.31 91.39
85.31 90.67
85.26 89.96
85.15 89.27
84.98 88.6
84.76 87.97
84.49 87.37
84.2 86.81
83.89 86.28
83.59 85.8
83.27 85.35
82.94 84.92
82.63 84.53
82.3 84.15
81.97 83.8
81.62 83.45
81.26 83.11
80.86 82.75
80.42 82.39
79.96 82.01
79.46 81.62
78.94 81.21
78.4 80.79
77.85 80.37
77.3 79.94
76.75 79.52
76.21 79.09
75.71 78.68
75.23 78.26
74.76 77.85
74.31 77.43
73.85 77.01
73.41 76.61
73.06 76.29
72.95 76.08
73.09 76.11
73.42 76.3
