63.99 65.4
65.28 66.12
67.29 67.24
70.07 68.78
73.53 70.68
77.5 72.85
81.77 75.16
86.1 77.49
90.26 79.71
94.07 81.74
97.38 83.54
100.09 85.09
102.16 86.39
103.6 87.5
104.48 88.46
104.9 89.32
105.0 90.15
104.85 90.99
104.55 91.84
104.14 92.71
103.64 93.57
103.08 94.39
102.45 95.12
101.76 95.76
101.02 96.27
100.25 96.68
99.44 96.97
98.59 97.16
97.71 97.23
96.76 97.18
95.71 96.99
94.52 96.63
93.16 96.1
91.64 95.4
89.97 94.56
88.21 93.6
86.45 92.59
84.79 91.57
83.28 90.59
81.97 89.67
80.88 88.82
80.01 88.04
79.31 87.31
78.78 86.62
78.37 85.95
78.05 85.29
77.81 84.63
77.62 83.98
77.47 83.33
77.34 82.69
77.21 82.06
77.06 81.44
76.89 80.84
76.69 80.26
76.45 79.69
76.17 79.14
75.86 78.6
75.52 78.07
75.13 77.55
74.72 77.04
74.28 76.54
73.81 76.05
73.32 75.57
72.82 75.1
72.32 74.66
71.84 74.24
71.38 73.84
70.94 73.46
70.53 73.09
70.13 72.72
69.74 72.35
69.35 71.98
68.97 71.6
68.59 71.22
68.19 70.83
67.8 70.44
67.41 70.05
67.03 69.67
66.67 69.3
66.33 68.94
65.99 68.57
65.66 68.21
65.34 67.85
65.03 67.5
64.72 67.15
64.43 66.81
64.16 66.48
63.9 66.17
63.68 65.88
63.49 65.62
63.35 65.42
63.33 65.33
63.34 65.36
63.57 65.44
63.96 65.72
