80.0 81.3
81.97 82.33
85.16 84.01
89.62 86.38
95.17 89.34
101.45 92.72
108.0 96.28
114.38 99.77
120.24 102.99
125.32 105.83
129.54 108.27
132.9 110.36
135.51 112.18
137.49 113.86
138.99 115.48
140.14 117.12
141.02 118.83
141.72 120.61
142.3 122.47
142.78 124.38
143.2 126.29
143.53 128.14
143.78 129.88
143.95 131.46
144.0 132.88
143.92 134.11
143.73 135.17
143.4 136.08
142.94 136.84
142.34 137.46
141.58 137.92
140.65 138.21
139.54 138.3
138.2 138.15
136.57 137.74
134.58 137.03
132.17 135.99
129.33 134.63
126.13 133.0
122.76 131.18
119.44 129.32
116.42 127.55
113.88 125.97
111.92 124.65
110.53 123.58
109.65 122.72
109.16 121.99
108.92 121.3
108.83 120.57
108.77 119.77
108.68 118.88
108.53 117.89
108.28 116.83
107.93 115.71
107.48 114.57
106.95 113.43
106.36 112.31
105.7 111.25
105.01 110.24
104.28 109.3
103.53 108.4
102.78 107.55
102.02 106.71
101.28 105.91
100.57 105.12
99.88 104.37
99.21 103.65
98.58 102.96
97.97 102.32
97.39 101.71
96.83 101.12
96.28 100.55
95.75 99.99
95.24 99.43
94.73 98.89
94.25 98.34
93.78 97.81
93.32 97.28
92.88 96.76
92.45 96.24
92.03 95.74
91.63 95.24
91.24 94.75
90.85 94.27
90.47 93.8
90.09 93.33
89.72 92.87
89.35 92.42
88.99 91.98
88.61 91.55
88.24 91.12
87.88 90.7
87.51 90.29
87.14 89.88
86.79 89.48
86.43 89.09
86.08 88.7
85.73 88.32
85.38 87.95
85.04 87.58
84.72 87.23
84.41 86.88
84.12 86.55
83.85 86.24
83.6 85.93
83.36 85.63
83.12 85.34
82.9 85.05
82.67 84.77
82.44 84.48
82.2 84.19
81.96 83.9
81.7 83.61
81.43 83.32
81.15 83.02
80.86 82.71
80.56 82.42
80.3 82.14
80.05 81.92
79.76 81.73
79.58 81.5
79.54 81.39
79.52 81.3
79.69 81.26
