84.0 83.93
88.07 86.46
94.76 90.85
107.23 97.6
124.82 106.46
143.95 116.64
162.33 126.74
177.74 135.01
186.55 140.31
189.0 142.59
188.35 142.67
186.59 141.74
184.1 140.85
181.0 140.63
177.48 141.19
173.7 142.31
169.78 143.6
165.77 144.83
161.71 145.88
157.61 146.8
153.47 147.6
149.32 148.19
145.18 148.38
141.05 147.97
136.94 146.85
132.86 145.13
128.8 143.05
124.81 140.93
120.96 138.97
117.32 137.23
113.97 135.57
111.0 133.81
108.41 131.82
106.19 129.61
104.3 127.28
102.67 124.94
101.28 122.67
100.08 120.49
99.05 118.38
98.19 116.32
97.5 114.32
96.95 112.44
96.52 110.68
96.21 109.05
95.98 107.53
95.79 106.12
95.58 104.8
95.37 103.57
95.15 102.42
94.89 101.34
94.59 100.33
94.24 99.36
93.83 98.44
93.35 97.56
92.8 96.72
92.19 95.9
91.53 95.12
90.83 94.36
90.07 93.63
89.3 92.93
88.54 92.27
87.81 91.63
87.12 91.03
86.47 90.45
85.86 89.91
85.28 89.38
84.76 88.88
84.27 88.39
83.83 87.91
83.4 87.44
83.0 86.97
82.59 86.48
82.18 85.99
81.77 85.49
81.38 85.01
80.99 84.54
80.65 84.09
80.33 83.66
80.0 83.25
79.72 82.9
79.65 82.69
80.05 82.74
81.2 83.21
83.37 84.25
86.28 85.75
