76.0 79.77
79.86 81.77
86.37 85.17
95.59 89.99
106.92 95.95
119.34 102.52
131.54 109.0
142.31 114.76
150.94 119.41
157.21 122.8
161.26 125.08
163.39 126.54
164.0 127.5
163.42 128.25
161.97 128.95
159.83 129.69
157.19 130.49
154.19 131.32
150.91 132.16
147.43 132.94
143.85 133.6
140.18 134.02
136.45 134.13
132.68 133.84
128.9 133.18
125.11 132.18
121.33 130.94
117.65 129.57
114.16 128.15
110.91 126.71
108.0 125.27
105.47 123.81
103.36 122.34
101.64 120.84
100.3 119.34
99.3 117.84
98.59 116.37
98.14 114.92
97.89 113.51
97.79 112.13
97.79 110.78
97.82 109.45
97.81 108.14
97.73 106.85
97.55 105.58
97.25 104.32
96.82 103.1
96.27 101.9
95.59 100.74
94.79 99.6
93.9 98.51
92.95 97.45
91.96 96.45
90.98 95.5
90.01 94.61
89.07 93.77
88.17 92.98
87.29 92.21
86.42 91.47
85.57 90.73
84.73 89.99
83.89 89.25
83.06 88.51
82.26 87.78
81.47 87.04
80.71 86.31
79.95 85.58
79.22 84.84
78.51 84.11
77.82 83.38
77.16 82.66
76.56 81.97
76.02 81.33
75.64 80.82
75.55 80.47
75.69 80.27
76.1 80.24
