83.99 84.29
86.68 85.7
91.59 88.21
98.86 91.92
107.92 96.64
117.6 101.88
126.6 106.96
133.81 111.27
138.81 114.44
141.9 116.49
143.7 117.71
144.75 118.54
145.41 119.37
145.83 120.42
145.99 121.75
145.91 123.27
145.63 124.88
145.2 126.5
144.67 128.11
144.08 129.7
143.45 131.23
142.76 132.64
141.98 133.82
141.09 134.7
140.13 135.27
139.08 135.58
137.95 135.72
136.75 135.8
135.51 135.87
134.2 135.89
132.83 135.79
131.37 135.51
129.82 134.96
128.09 134.14
126.12 133.04
123.83 131.67
121.16 130.04
118.1 128.16
114.74 126.05
111.26 123.81
107.91 121.54
104.96 119.41
102.6 117.52
100.91 115.96
99.87 114.73
99.36 113.75
99.21 112.94
99.26 112.18
99.41 111.39
99.54 110.53
99.59 109.56
99.54 108.51
99.36 107.4
99.07 106.27
98.72 105.15
98.33 104.07
97.93 103.07
97.51 102.15
97.08 101.32
96.63 100.56
96.15 99.87
95.66 99.21
95.14 98.56
94.59 97.91
94.02 97.25
93.43 96.6
92.8 95.96
92.15 95.34
91.49 94.74
90.84 94.18
90.24 93.67
89.7 93.19
89.24 92.76
88.83 92.34
88.43 91.93
88.02 91.51
87.58 91.07
87.11 90.6
86.66 90.12
86.25 89.65
85.87 89.2
85.56 88.79
85.32 88.4
85.1 88.04
84.88 87.69
84.66 87.35
84.43 87.0
84.19 86.65
83.99 86.32
83.82 86.01
83.68 85.72
83.57 85.46
83.43 85.2
83.28 84.94
83.1 84.68
82.92 84.42
82.74 84.18
82.59 83.96
82.47 83.77
82.38 83.61
82.31 83.45
82.23 83.29
82.14 83.12
81.99 82.94
81.79 82.73
81.59 82.54
81.47 82.41
81.47 82.45
81.92 82.66
83.0 83.26
