71.0 71.66
72.96 72.77
76.43 74.66
81.52 77.39
87.92 80.78
94.88 84.51
101.53 88.15
107.17 91.31
111.47 93.78
114.48 95.58
116.59 96.9
118.24 98.02
119.7 99.22
121.11 100.64
122.54 102.32
123.89 104.19
125.09 106.14
126.06 108.07
126.71 109.89
127.0 111.54
126.91 112.97
126.46 114.15
125.67 115.03
124.56 115.6
123.17 115.88
121.56 115.93
119.79 115.83
117.88 115.64
115.86 115.38
113.69 115.02
111.32 114.47
108.69 113.66
105.8 112.54
102.7 111.13
99.54 109.53
96.49 107.84
93.74 106.19
91.41 104.67
89.54 103.3
88.12 102.09
87.06 100.99
86.26 99.93
85.63 98.87
85.1 97.79
84.63 96.67
84.2 95.52
83.82 94.36
83.46 93.21
83.13 92.08
82.81 90.97
82.51 89.91
82.21 88.91
81.92 87.98
81.63 87.11
81.33 86.31
81.02 85.56
80.69 84.85
80.34 84.15
79.95 83.48
79.51 82.81
79.03 82.17
78.51 81.54
77.98 80.96
77.46 80.41
76.98 79.92
76.58 79.48
76.24 79.08
75.94 78.73
75.66 78.39
75.35 78.05
75.01 77.68
74.62 77.29
74.21 76.88
73.8 76.47
73.43 76.08
73.14 75.74
72.95 75.45
72.82 75.22
72.77 75.03
72.75 74.84
72.7 74.65
72.6 74.43
72.46 74.17
72.24 73.87
71.96 73.55
71.65 73.22
71.32 72.89
71.01 72.58
70.74 72.32
70.53 72.1
70.41 71.92
70.34 71.79
70.33 71.69
70.35 71.6
70.36 71.52
70.39 71.46
70.47 71.5
70.59 71.61
70.84 71.47
