78.0 80.62
80.39 81.9
84.16 83.94
89.32 86.75
95.7 90.21
102.94 94.14
110.68 98.33
118.54 102.55
126.12 106.61
133.07 110.35
139.1 113.68
144.04 116.57
147.83 119.02
150.51 121.09
152.17 122.85
152.96 124.39
153.0 125.78
152.37 127.07
151.21 128.28
149.66 129.41
147.78 130.43
145.66 131.3
143.38 132.01
141.0 132.54
138.57 132.88
136.1 133.03
133.62 133.0
131.11 132.76
128.53 132.29
125.77 131.54
122.78 130.49
119.56 129.13
116.17 127.51
112.71 125.68
109.36 123.74
106.25 121.79
103.48 119.88
101.1 118.07
99.11 116.36
97.51 114.75
96.23 113.21
95.26 111.74
94.54 110.32
94.03 108.93
93.66 107.57
93.39 106.23
93.16 104.91
92.95 103.61
92.74 102.34
92.53 101.12
92.3 99.97
92.06 98.89
91.8 97.89
91.49 96.94
91.13 96.05
90.73 95.19
90.27 94.36
89.76 93.56
89.21 92.79
88.62 92.05
87.98 91.34
87.34 90.67
86.72 90.04
86.14 89.46
85.59 88.93
85.1 88.44
84.65 87.99
84.22 87.56
83.78 87.12
83.34 86.68
82.89 86.22
82.43 85.76
81.97 85.28
81.49 84.8
80.99 84.32
80.48 83.82
79.95 83.31
79.42 82.8
78.9 82.3
78.42 81.83
78.05 81.46
77.95 81.21
78.03 81.12
78.28 81.15
