76.0 77.39
77.95 78.43
80.98 80.04
85.17 82.27
90.41 85.07
96.47 88.33
103.01 91.88
109.66 95.5
116.05 99.0
121.82 102.21
126.71 105.0
130.53 107.32
133.18 109.14
134.64 110.49
135.0 111.43
134.41 112.07
133.1 112.51
131.28 112.87
129.16 113.21
126.9 113.6
124.61 114.03
122.37 114.49
120.22 114.91
118.17 115.27
116.22 115.51
114.4 115.63
112.71 115.63
111.16 115.51
109.75 115.29
108.5 114.98
107.35 114.58
106.27 114.06
105.18 113.43
104.09 112.67
102.91 111.78
101.69 110.77
100.42 109.66
99.16 108.49
97.95 107.29
96.86 106.1
95.91 104.97
95.16 103.92
94.6 102.98
94.28 102.17
94.17 101.49
94.28 100.94
94.54 100.5
95.0 100.16
95.56 99.9
96.19 99.69
96.85 99.53
97.51 99.39
98.09 99.27
98.59 99.14
98.99 99.01
99.28 98.87
99.43 98.72
99.46 98.56
99.38 98.38
99.18 98.2
98.9 97.99
98.51 97.77
98.01 97.52
97.42 97.25
96.73 96.94
95.96 96.6
95.12 96.23
94.23 95.83
93.31 95.4
92.39 94.95
91.49 94.48
90.62 94.01
89.8 93.53
89.03 93.04
88.27 92.54
87.54 92.03
86.85 91.51
86.22 90.98
85.61 90.44
85.05 89.89
84.53 89.34
84.02 88.78
83.53 88.22
83.05 87.66
82.58 87.09
82.1 86.51
81.63 85.94
81.17 85.37
80.73 84.82
80.37 84.3
80.09 83.84
79.87 83.41
79.71 83.04
79.61 82.71
79.53 82.4
79.45 82.1
79.36 81.81
79.24 81.51
79.1 81.2
78.92 80.89
78.7 80.57
78.49 80.25
78.26 79.94
78.05 79.66
77.93 79.42
77.79 79.2
77.74 79.03
77.62 78.86
77.27 78.56
76.92 78.29
76.47 77.95
