73.0 74.16
74.45 74.94
76.8 76.21
80.1 77.98
84.21 80.19
88.86 82.69
93.71 85.3
98.36 87.8
102.51 90.03
105.93 91.88
108.47 93.3
110.11 94.31
110.92 94.99
111.0 95.42
110.47 95.68
109.49 95.86
108.22 96.04
106.8 96.27
105.37 96.59
104.04 97.0
102.85 97.5
101.84 98.04
100.99 98.57
100.28 99.05
99.67 99.42
99.1 99.67
98.51 99.77
97.82 99.71
96.97 99.48
95.96 99.08
94.81 98.54
93.57 97.91
92.35 97.22
91.23 96.54
90.28 95.9
89.54 95.34
89.02 94.87
88.71 94.46
88.58 94.12
88.6 93.8
88.72 93.5
88.9 93.19
89.06 92.86
89.19 92.5
89.23 92.09
89.16 91.65
88.99 91.17
88.72 90.67
88.38 90.17
87.99 89.69
87.56 89.24
87.12 88.81
86.67 88.41
86.2 88.02
85.71 87.62
85.2 87.22
84.67 86.81
84.14 86.4
83.6 85.99
83.09 85.58
82.59 85.19
82.14 84.82
81.71 84.46
81.32 84.11
80.96 83.76
80.61 83.43
80.28 83.09
79.96 82.74
79.64 82.39
79.33 82.04
79.02 81.68
78.71 81.32
78.4 80.95
78.1 80.6
77.81 80.25
77.54 79.91
77.28 79.58
77.03 79.27
76.79 78.96
76.56 78.65
76.31 78.35
76.06 78.04
75.8 77.74
75.55 77.45
75.3 77.16
75.06 76.87
74.81 76.59
74.55 76.32
74.28 76.03
73.99 75.75
73.7 75.46
73.42 75.18
73.13 74.9
72.87 74.63
72.62 74.38
72.41 74.16
72.26 73.98
72.19 73.79
72.03 73.58
71.73 73.26
71.45 72.91
71.11 72.49
