53.99 56.19
56.02 57.24
59.28 58.98
63.77 61.37
69.25 64.32
75.35 67.62
81.72 71.08
88.1 74.52
94.2 77.79
99.83 80.83
104.78 83.57
108.92 86.01
112.16 88.13
114.5 89.96
116.0 91.54
116.79 92.94
117.0 94.21
116.73 95.43
116.08 96.6
115.13 97.73
113.93 98.79
112.53 99.73
110.99 100.51
109.33 101.13
107.59 101.59
105.81 101.9
104.0 102.05
102.15 102.06
100.26 101.91
98.32 101.58
96.31 101.06
94.22 100.35
92.04 99.44
89.82 98.37
87.57 97.16
85.32 95.82
83.12 94.4
81.01 92.9
78.99 91.37
77.11 89.82
75.38 88.28
73.81 86.77
72.42 85.3
71.21 83.88
70.17 82.51
69.27 81.19
68.49 79.92
67.82 78.68
67.24 77.5
66.73 76.36
66.3 75.26
65.91 74.22
65.56 73.22
65.21 72.26
64.86 71.34
64.49 70.46
64.11 69.61
63.73 68.8
63.35 68.04
62.97 67.32
62.59 66.64
62.22 66.01
61.83 65.4
61.43 64.82
61.02 64.27
60.6 63.73
60.16 63.21
59.73 62.72
59.32 62.25
58.9 61.79
58.49 61.35
58.07 60.92
57.65 60.49
57.22 60.06
56.79 59.64
56.37 59.22
55.95 58.81
55.53 58.4
55.11 58.0
54.72 57.64
54.43 57.35
54.37 57.21
54.7 57.35
55.24 57.58
