84.0 85.84
85.56 86.72
88.15 88.19
91.85 90.24
96.51 92.79
101.81 95.65
107.32 98.58
112.59 101.36
117.29 103.81
121.16 105.83
124.13 107.4
126.2 108.59
127.45 109.48
128.0 110.18
127.97 110.77
127.5 111.31
126.71 111.86
125.71 112.44
124.57 113.05
123.37 113.69
122.15 114.33
120.97 114.93
119.84 115.46
118.77 115.88
117.75 116.18
116.78 116.37
115.85 116.44
114.93 116.41
113.97 116.28
112.97 116.03
111.87 115.63
110.62 115.05
109.17 114.28
107.54 113.32
105.77 112.22
103.95 111.04
102.18 109.84
100.59 108.7
99.27 107.67
98.27 106.79
97.59 106.05
97.21 105.43
97.05 104.89
97.04 104.38
97.11 103.88
97.21 103.37
97.32 102.84
97.39 102.27
97.39 101.66
97.29 101.03
97.07 100.37
96.74 99.69
96.32 99.02
95.84 98.36
95.29 97.73
94.71 97.13
94.1 96.56
93.48 96.02
92.86 95.49
92.26 94.97
91.67 94.47
91.1 93.98
90.55 93.5
90.02 93.04
89.51 92.59
89.04 92.16
88.6 91.75
88.2 91.34
87.8 90.95
87.43 90.55
87.07 90.16
86.71 89.76
86.35 89.35
85.99 88.94
85.63 88.53
85.27 88.12
84.94 87.71
84.61 87.31
84.28 86.93
83.97 86.55
83.69 86.2
83.45 85.9
83.31 85.68
83.38 85.63
83.53 85.58
83.82 85.59
