73.0 73.75
74.28 74.42
76.31 75.48
79.1 76.95
82.57 78.81
86.55 80.95
90.8 83.25
95.08 85.59
99.18 87.84
102.89 89.91
106.09 91.74
108.67 93.32
110.61 94.65
111.93 95.76
112.7 96.69
113.0 97.51
112.92 98.25
112.59 98.98
112.06 99.7
111.41 100.44
110.7 101.17
109.94 101.88
109.16 102.53
108.36 103.11
107.56 103.58
106.74 103.95
105.9 104.22
105.06 104.38
104.18 104.44
103.28 104.39
102.3 104.23
101.24 103.93
100.05 103.49
98.73 102.91
97.29 102.19
95.78 101.36
94.27 100.45
92.83 99.52
91.52 98.6
90.39 97.73
89.47 96.93
88.75 96.2
88.22 95.55
87.87 94.96
87.67 94.42
87.59 93.92
87.61 93.45
87.7 93.01
87.84 92.58
87.99 92.16
88.13 91.75
88.25 91.34
88.33 90.94
88.36 90.56
88.37 90.19
88.32 89.84
88.23 89.51
88.1 89.2
87.93 88.9
87.72 88.61
87.47 88.32
87.19 88.04
86.88 87.76
86.55 87.49
86.19 87.21
85.8 86.94
85.4 86.67
84.99 86.39
84.57 86.1
84.14 85.82
83.72 85.53
83.3 85.24
82.88 84.95
82.48 84.65
82.09 84.35
81.7 84.05
81.32 83.73
80.95 83.41
80.58 83.08
80.21 82.74
79.86 82.41
79.53 82.07
79.2 81.73
78.88 81.39
78.56 81.05
78.25 80.71
77.94 80.38
77.63 80.04
77.33 79.71
77.05 79.38
76.77 79.06
76.51 78.75
76.27 78.46
76.06 78.17
75.87 77.91
75.7 77.66
75.56 77.43
75.43 77.21
75.32 77.0
75.21 76.8
75.11 76.6
75.01 76.41
74.89 76.21
74.77 76.02
74.63 75.83
74.49 75.64
74.35 75.45
74.2 75.27
74.03 75.08
73.85 74.89
73.64 74.69
73.42 74.49
73.19 74.29
72.97 74.09
72.75 73.9
72.53 73.72
72.34 73.56
72.22 73.45
72.17 73.39
72.13 73.29
72.09 73.27
71.88 73.02
