60.0 61.98
61.69 62.86
64.43 64.31
68.21 66.31
72.81 68.76
77.85 71.49
83.06 74.32
88.23 77.13
93.26 79.83
98.02 82.39
102.39 84.78
106.2 86.98
109.35 88.96
111.7 90.68
113.23 92.12
113.97 93.3
114.0 94.25
113.39 95.03
112.29 95.68
110.81 96.23
109.04 96.7
107.08 97.07
105.0 97.33
102.87 97.48
100.74 97.54
98.66 97.51
96.67 97.42
94.78 97.25
93.0 96.99
91.29 96.61
89.61 96.07
87.9 95.35
86.14 94.45
84.31 93.39
82.46 92.22
80.65 90.97
78.97 89.7
77.5 88.47
76.27 87.3
75.3 86.21
74.57 85.21
74.07 84.29
73.75 83.43
73.6 82.64
73.59 81.9
73.69 81.21
73.89 80.57
74.16 79.99
74.5 79.46
74.86 79.0
75.26 78.58
75.67 78.23
76.08 77.93
76.43 77.68
76.74 77.47
76.99 77.27
77.15 77.09
77.22 76.92
77.22 76.75
77.15 76.59
77.01 76.43
76.81 76.26
76.56 76.1
76.27 75.93
75.92 75.75
75.51 75.56
75.08 75.36
74.61 75.15
74.1 74.91
73.56 74.65
72.99 74.37
72.43 74.07
71.85 73.76
71.28 73.43
70.73 73.09
70.2 72.75
69.67 72.4
69.15 72.04
68.66 71.67
68.19 71.3
67.74 70.92
67.29 70.52
66.86 70.11
66.42 69.68
65.98 69.24
65.56 68.8
65.16 68.35
64.79 67.92
64.41 67.48
64.03 67.05
63.64 66.62
63.25 66.19
62.87 65.76
62.49 65.34
62.13 64.93
61.77 64.53
61.43 64.14
61.13 63.79
60.87 63.47
60.64 63.19
60.49 62.97
60.32 62.81
60.17 62.61
60.06 62.46
59.89 62.31
