68.99 71.24
70.62 72.08
73.25 73.48
76.92 75.44
81.49 77.87
86.68 80.62
92.11 83.49
97.44 86.29
102.33 88.83
106.52 91.01
109.82 92.77
112.15 94.1
113.51 95.06
113.99 95.7
113.72 96.12
112.84 96.42
111.54 96.66
109.99 96.93
108.33 97.26
106.67 97.67
105.1 98.14
103.65 98.63
102.33 99.09
101.15 99.5
100.1 99.81
99.16 100.03
98.32 100.15
97.56 100.18
96.87 100.12
96.21 99.98
95.55 99.73
94.81 99.35
93.93 98.8
92.85 98.08
91.57 97.19
90.13 96.17
88.64 95.06
87.18 93.95
85.87 92.89
84.76 91.92
83.86 91.06
83.18 90.31
82.71 89.65
82.41 89.08
82.28 88.57
82.29 88.12
82.4 87.71
82.57 87.32
82.75 86.93
82.89 86.52
82.97 86.09
82.97 85.63
82.87 85.15
82.68 84.66
82.4 84.17
82.06 83.69
81.66 83.22
81.21 82.77
80.72 82.32
80.21 81.89
79.69 81.46
79.15 81.03
78.6 80.62
78.06 80.21
77.52 79.82
76.99 79.42
76.47 79.03
75.97 78.64
75.49 78.25
75.03 77.86
74.58 77.47
74.15 77.07
73.72 76.68
73.31 76.28
72.9 75.88
72.49 75.47
72.06 75.04
71.62 74.6
71.16 74.14
70.69 73.67
70.2 73.2
69.73 72.73
69.27 72.27
68.85 71.84
68.48 71.45
68.21 71.11
68.03 70.89
67.97 70.78
68.31 70.87
68.82 71.08
