55.99 56.93
57.05 57.5
58.67 58.38
60.88 59.59
63.62 61.09
66.78 62.82
70.24 64.72
73.87 66.71
77.53 68.7
81.05 70.64
84.31 72.47
87.22 74.17
89.69 75.71
91.69 77.09
93.24 78.34
94.38 79.48
95.16 80.54
95.64 81.57
95.9 82.57
95.99 83.57
95.97 84.55
95.85 85.51
95.67 86.44
95.44 87.31
95.19 88.13
94.92 88.89
94.65 89.58
94.38 90.21
94.11 90.76
93.84 91.24
93.56 91.65
93.27 91.97
92.95 92.2
92.59 92.35
92.17 92.41
91.69 92.37
91.12 92.21
90.44 91.94
89.62 91.54
88.62 91.01
87.49 90.36
86.24 89.62
84.93 88.82
83.64 88.01
82.41 87.21
81.27 86.45
80.23 85.74
79.31 85.06
78.51 84.42
77.83 83.82
77.28 83.24
76.83 82.69
76.48 82.16
76.21 81.65
76.02 81.16
75.88 80.68
75.78 80.21
75.7 79.76
75.63 79.32
75.54 78.89
75.45 78.47
75.32 78.06
75.16 77.65
74.97 77.24
74.74 76.84
74.49 76.43
74.19 76.03
73.86 75.64
73.5 75.24
73.09 74.85
72.65 74.46
72.2 74.07
71.73 73.69
71.26 73.31
70.8 72.94
70.35 72.58
69.9 72.22
69.46 71.86
69.02 71.51
68.58 71.14
68.14 70.77
67.7 70.39
67.27 70.02
66.86 69.64
66.48 69.26
66.11 68.89
65.74 68.52
65.39 68.16
65.06 67.8
64.74 67.44
64.43 67.09
64.14 66.75
63.87 66.41
63.6 66.07
63.33 65.74
63.06 65.4
62.79 65.07
62.53 64.75
62.27 64.43
62.02 64.12
61.77 63.81
61.5 63.51
61.21 63.19
60.92 62.88
60.63 62.58
60.35 62.28
60.1 62.01
59.87 61.74
59.65 61.5
59.45 61.26
59.26 61.02
59.07 60.79
58.88 60.56
58.7 60.34
58.53 60.12
58.36 59.9
58.18 59.68
57.98 59.46
57.77 59.22
57.53 58.98
57.29 58.74
57.05 58.5
56.82 58.28
56.6 58.07
56.4 57.88
56.24 57.71
56.13 57.59
56.13 57.44
56.12 57.12
55.8 56.77
55.78 56.58
55.55 56.24
