63.0 65.71
65.05 66.73
68.24 68.38
72.59 70.66
77.96 73.49
84.08 76.74
90.62 80.23
97.28 83.77
103.73 87.19
109.65 90.36
114.77 93.16
118.89 95.55
121.9 97.51
123.83 99.08
124.8 100.33
125.0 101.39
124.64 102.37
123.93 103.36
123.03 104.42
122.02 105.55
120.96 106.72
119.86 107.86
118.73 108.91
117.56 109.82
116.34 110.55
115.07 111.09
113.75 111.45
112.37 111.63
110.95 111.63
109.48 111.47
107.94 111.13
106.28 110.6
104.44 109.86
102.36 108.88
100.06 107.68
97.61 106.3
95.11 104.78
92.67 103.2
90.42 101.65
88.46 100.19
86.82 98.85
85.52 97.64
84.56 96.56
83.9 95.58
83.47 94.67
83.23 93.8
83.11 92.96
83.07 92.12
83.06 91.28
83.04 90.44
82.98 89.59
82.88 88.75
82.73 87.92
82.53 87.12
82.26 86.35
81.91 85.6
81.47 84.87
80.95 84.16
80.37 83.46
79.76 82.78
79.15 82.12
78.53 81.49
77.92 80.9
77.31 80.33
76.72 79.8
76.16 79.29
75.63 78.82
75.14 78.36
74.68 77.92
74.23 77.48
73.78 77.05
73.33 76.61
72.85 76.14
72.34 75.66
71.79 75.15
71.21 74.61
70.62 74.07
70.02 73.52
69.42 72.97
68.81 72.42
68.2 71.86
67.6 71.3
67.0 70.73
66.42 70.18
65.87 69.63
65.32 69.09
64.79 68.57
64.27 68.06
63.78 67.6
63.39 67.14
63.09 66.71
62.86 66.43
62.66 66.1
62.33 65.78
61.95 65.59
