80.0 80.8
82.46 82.1
86.8 84.34
93.1 87.6
100.96 91.7
109.37 96.21
117.17 100.55
123.48 104.23
127.89 106.91
130.48 108.56
131.66 109.43
132.0 109.86
131.84 110.2
131.43 110.71
130.93 111.48
130.44 112.53
130.0 113.78
129.61 115.16
129.22 116.59
128.8 118.01
128.31 119.34
127.75 120.52
127.1 121.46
126.34 122.11
125.49 122.47
124.53 122.6
123.48 122.58
122.35 122.47
121.14 122.34
119.88 122.17
118.54 121.92
117.11 121.5
115.54 120.87
113.77 119.99
111.77 118.87
109.58 117.54
107.28 116.08
105.0 114.55
102.85 113.03
100.97 111.6
99.41 110.32
98.22 109.2
97.39 108.24
96.9 107.44
96.71 106.76
96.75 106.15
96.92 105.59
97.17 105.03
97.42 104.46
97.63 103.85
97.74 103.2
97.75 102.5
97.62 101.76
97.36 101.01
96.99 100.26
96.52 99.52
95.98 98.81
95.39 98.13
94.77 97.49
94.13 96.88
93.49 96.29
92.84 95.73
92.21 95.19
91.6 94.67
90.99 94.17
90.42 93.69
89.88 93.22
89.35 92.77
88.83 92.31
88.32 91.86
87.81 91.4
87.31 90.94
86.82 90.48
86.34 90.02
85.89 89.56
85.44 89.1
85.04 88.66
84.68 88.23
84.37 87.83
84.1 87.44
83.88 87.08
83.68 86.73
83.49 86.4
83.33 86.08
83.18 85.76
83.04 85.46
82.9 85.17
82.76 84.88
82.63 84.61
82.49 84.34
82.36 84.09
82.22 83.85
82.09 83.62
81.94 83.4
81.8 83.19
81.66 82.99
81.5 82.79
81.34 82.59
81.16 82.39
80.95 82.18
80.74 81.98
80.56 81.82
80.51 81.73
80.57 81.73
80.87 81.88
81.06 82.0
81.57 82.31
