82.0 83.75
83.55 84.57
86.1 85.92
89.72 87.83
94.23 90.22
99.3 92.92
104.54 95.72
109.58 98.43
114.21 100.93
118.32 103.16
121.86 105.14
124.84 106.92
127.29 108.57
129.29 110.15
130.93 111.72
132.35 113.32
133.61 114.99
134.78 116.75
135.91 118.59
136.95 120.48
137.9 122.38
138.75 124.22
139.49 125.96
140.13 127.56
140.69 129.03
141.18 130.38
141.58 131.64
141.86 132.8
142.0 133.86
141.98 134.79
141.81 135.58
141.51 136.24
141.12 136.77
140.62 137.15
139.99 137.39
139.17 137.42
138.01 137.2
136.43 136.65
134.31 135.76
131.66 134.55
128.64 133.1
125.49 131.54
122.49 130.04
119.94 128.73
118.03 127.69
116.79 126.93
116.11 126.4
115.84 126.0
115.79 125.64
115.82 125.21
115.79 124.67
115.68 123.98
115.44 123.16
115.08 122.22
114.61 121.2
114.03 120.14
113.37 119.06
112.65 118.01
111.88 117.0
111.08 116.05
110.3 115.16
109.51 114.33
108.73 113.55
107.98 112.78
107.23 112.02
106.49 111.25
105.76 110.48
105.05 109.73
104.35 109.0
103.71 108.31
103.08 107.66
102.48 107.04
101.92 106.44
101.38 105.85
100.82 105.26
100.27 104.67
99.74 104.08
99.2 103.48
98.66 102.88
98.13 102.29
97.6 101.7
97.08 101.12
96.59 100.55
96.12 100.0
95.67 99.46
95.24 98.94
94.78 98.42
94.32 97.91
93.87 97.41
93.43 96.91
93.02 96.41
92.63 95.94
92.25 95.47
91.86 95.01
91.46 94.56
91.05 94.11
90.64 93.67
90.24 93.23
89.85 92.8
89.49 92.38
89.12 91.97
88.75 91.57
88.39 91.18
88.05 90.8
87.74 90.44
87.45 90.08
87.17 89.73
86.86 89.38
86.56 89.02
86.25 88.67
85.94 88.31
85.64 87.96
85.35 87.62
85.03 87.28
84.69 86.93
84.31 86.57
83.9 86.19
83.46 85.8
83.02 85.42
82.6 85.04
82.24 84.72
82.0 84.48
81.95 84.36
82.03 84.39
82.32 84.57
