63.99 65.57
66.31 66.85
70.0 68.88
75.11 71.68
81.42 75.14
88.56 79.07
96.18 83.26
103.92 87.49
111.45 91.62
118.53 95.54
125.01 99.21
130.76 102.62
135.7 105.79
139.82 108.74
143.17 111.49
145.76 114.09
147.65 116.56
148.93 118.93
149.7 121.21
150.0 123.4
149.87 125.47
149.42 127.38
148.68 129.11
147.71 130.65
146.59 132.01
145.37 133.19
144.05 134.22
142.65 135.08
141.16 135.75
139.52 136.21
137.72 136.41
135.73 136.33
133.53 135.95
131.1 135.28
128.48 134.35
125.73 133.18
122.92 131.84
120.15 130.37
117.46 128.81
114.9 127.21
112.51 125.59
110.3 123.97
108.28 122.38
106.49 120.82
104.96 119.31
103.68 117.86
102.63 116.46
101.81 115.13
101.19 113.86
100.71 112.64
100.35 111.47
100.06 110.34
99.79 109.22
99.49 108.12
99.15 107.04
98.75 105.96
98.3 104.91
97.81 103.88
97.29 102.88
96.73 101.92
96.14 101.0
95.53 100.11
94.88 99.26
94.2 98.44
93.49 97.64
92.75 96.87
92.0 96.12
91.25 95.39
90.49 94.68
89.74 93.99
89.0 93.31
88.24 92.63
87.5 91.96
86.78 91.3
86.05 90.63
85.33 89.97
84.62 89.29
83.89 88.61
83.13 87.9
82.37 87.19
81.59 86.46
80.83 85.74
80.11 85.03
79.44 84.35
78.82 83.69
78.25 83.06
77.71 82.45
77.19 81.85
76.69 81.26
76.22 80.67
75.76 80.09
75.31 79.51
74.85 78.92
74.37 78.33
73.86 77.74
73.32 77.14
72.76 76.53
72.21 75.93
71.64 75.33
71.08 74.75
70.54 74.18
70.0 73.63
69.47 73.1
68.98 72.58
68.53 72.09
68.13 71.62
67.77 71.18
67.43 70.76
67.1 70.35
66.78 69.94
66.45 69.52
66.11 69.1
65.77 68.67
65.42 68.25
65.13 67.86
64.81 67.56
64.4 67.24
64.13 66.8
63.85 66.35
63.38 65.9
63.07 65.46
62.81 64.96
62.32 64.55
62.1 64.19
