71.0 73.87
72.75 74.82
75.65 76.4
79.73 78.62
84.8 81.35
90.52 84.39
96.44 87.5
102.13 90.42
107.21 93.0
111.46 95.13
114.75 96.84
117.13 98.18
118.75 99.29
119.77 100.29
120.38 101.29
120.72 102.36
120.9 103.55
120.98 104.84
121.0 106.21
120.94 107.6
120.81 108.94
120.55 110.17
120.15 111.21
119.59 112.05
118.89 112.68
118.05 113.12
117.07 113.38
115.97 113.49
114.72 113.46
113.34 113.3
111.82 112.98
110.15 112.49
108.33 111.81
106.34 110.95
104.21 109.92
101.98 108.77
99.79 107.56
97.8 106.37
96.09 105.25
94.7 104.25
93.64 103.36
92.84 102.55
92.22 101.79
91.75 101.03
91.38 100.28
91.11 99.51
90.89 98.72
90.69 97.93
90.48 97.13
90.25 96.32
89.97 95.49
89.63 94.67
89.24 93.86
88.84 93.08
88.41 92.35
87.97 91.65
87.49 90.98
86.97 90.33
86.4 89.68
85.79 89.01
85.13 88.34
84.45 87.68
83.77 87.05
83.11 86.46
82.51 85.91
81.96 85.4
81.46 84.93
80.99 84.45
80.5 83.97
79.97 83.46
79.42 82.93
78.84 82.38
78.26 81.83
77.69 81.26
77.1 80.7
76.52 80.14
75.95 79.59
75.39 79.04
74.84 78.5
74.3 77.96
73.76 77.42
73.21 76.88
72.65 76.34
72.12 75.79
71.6 75.26
71.12 74.76
70.74 74.34
70.57 74.09
70.61 73.94
70.8 74.01
71.34 74.25
