53.0 53.27
54.62 54.15
57.21 55.56
60.81 57.52
65.3 59.98
70.44 62.81
75.89 65.82
81.32 68.85
86.4 71.69
90.86 74.21
94.44 76.31
97.01 77.95
98.51 79.12
99.0 79.88
98.56 80.28
97.33 80.43
95.46 80.39
93.14 80.26
90.52 80.08
87.76 79.91
84.99 79.74
82.33 79.6
79.83 79.44
77.55 79.27
75.49 79.06
73.68 78.81
72.11 78.51
70.77 78.16
69.66 77.77
68.76 77.34
68.04 76.88
67.5 76.39
67.08 75.86
66.74 75.28
66.44 74.64
66.11 73.92
65.7 73.12
65.21 72.25
64.65 71.33
64.08 70.39
63.56 69.49
63.15 68.67
62.89 67.96
62.8 67.39
62.9 66.95
63.17 66.66
63.59 66.48
64.15 66.42
64.83 66.44
65.61 66.55
66.44 66.71
67.27 66.9
68.09 67.11
68.83 67.31
69.45 67.48
69.91 67.61
70.21 67.7
70.32 67.73
70.24 67.71
70.0 67.64
69.61 67.53
69.11 67.37
68.51 67.19
67.84 66.98
67.11 66.75
66.34 66.5
65.55 66.24
64.75 65.95
63.97 65.65
63.21 65.34
62.48 65.01
61.78 64.67
61.11 64.3
60.48 63.93
59.9 63.54
59.36 63.15
58.87 62.75
58.43 62.35
58.03 61.95
57.66 61.54
57.32 61.13
57.0 60.71
56.7 60.3
56.43 59.89
56.18 59.48
55.95 59.09
55.75 58.72
55.56 58.36
55.38 58.01
55.22 57.68
55.07 57.36
54.93 57.06
54.79 56.78
54.67 56.51
54.54 56.26
54.41 56.02
54.29 55.79
54.17 55.57
54.05 55.37
53.94 55.18
53.84 55.0
53.75 54.83
53.65 54.68
53.56 54.53
53.47 54.4
53.4 54.3
53.37 54.21
53.33 54.09
53.21 53.97
53.07 53.85
52.92 53.72
52.74 53.59
52.64 53.52
52.67 53.43
52.62 53.39
52.59 53.32
52.59 53.3
52.35 53.14
