74.0 75.74
75.84 76.74
78.8 78.35
82.9 80.59
88.08 83.41
94.07 86.64
100.46 90.09
106.82 93.51
112.77 96.71
117.99 99.53
122.27 101.91
125.54 103.84
127.83 105.4
129.24 106.66
129.92 107.73
130.0 108.68
129.58 109.57
128.75 110.42
127.59 111.24
126.15 111.99
124.47 112.65
122.61 113.18
120.59 113.54
118.43 113.7
116.14 113.64
113.72 113.36
111.21 112.89
108.67 112.25
106.13 111.47
103.66 110.61
101.33 109.68
99.15 108.72
97.17 107.72
95.41 106.7
93.85 105.65
92.49 104.58
91.34 103.49
90.38 102.39
89.57 101.29
88.93 100.2
88.42 99.12
88.01 98.06
87.67 97.02
87.36 95.99
87.06 94.98
86.76 93.99
86.46 93.05
86.15 92.14
85.83 91.27
85.49 90.45
85.11 89.65
84.7 88.89
84.26 88.15
83.82 87.44
83.36 86.78
82.9 86.15
82.44 85.56
81.99 85.02
81.54 84.5
81.07 84.0
80.61 83.51
80.15 83.03
79.69 82.57
79.24 82.11
78.8 81.68
78.4 81.25
78.01 80.84
77.61 80.44
77.21 80.03
76.8 79.61
76.36 79.18
75.91 78.75
75.47 78.32
75.06 77.9
74.69 77.5
74.35 77.12
74.03 76.75
73.71 76.38
73.37 76.01
73.04 75.65
72.78 75.33
72.68 75.11
72.82 75.05
72.96 75.13
73.33 75.2
