78.0 78.92
79.39 79.71
81.68 81.0
84.91 82.79
88.98 85.02
93.6 87.53
98.38 90.12
102.93 92.62
107.1 94.9
110.78 96.91
113.86 98.63
116.33 100.1
118.2 101.36
119.44 102.41
120.0 103.28
119.97 104.0
119.52 104.62
118.78 105.19
117.85 105.76
116.84 106.36
115.79 106.98
114.77 107.61
113.78 108.19
112.83 108.7
111.93 109.11
111.06 109.41
110.22 109.62
109.39 109.74
108.58 109.79
107.77 109.74
106.94 109.58
106.07 109.3
105.11 108.87
104.03 108.29
102.81 107.58
101.47 106.74
100.05 105.82
98.61 104.84
97.23 103.85
95.97 102.88
94.87 101.97
93.96 101.13
93.24 100.38
92.71 99.7
92.35 99.09
92.14 98.54
92.03 98.03
92.02 97.55
92.07 97.1
92.14 96.65
92.22 96.21
92.28 95.77
92.3 95.32
92.26 94.88
92.17 94.43
92.01 93.98
91.77 93.54
91.47 93.09
91.1 92.65
90.68 92.21
90.23 91.77
89.75 91.35
89.25 90.94
88.74 90.53
88.22 90.14
87.69 89.74
87.15 89.34
86.61 88.94
86.06 88.53
85.51 88.11
84.96 87.68
84.41 87.24
83.86 86.8
83.33 86.37
82.82 85.94
82.35 85.52
81.91 85.11
81.5 84.72
81.14 84.34
80.82 83.97
80.52 83.6
80.25 83.24
79.99 82.87
79.74 82.5
79.49 82.14
79.25 81.78
79.02 81.44
78.83 81.11
78.65 80.8
78.49 80.52
78.34 80.24
78.19 79.98
78.04 79.73
77.89 79.49
77.74 79.25
77.58 79.02
77.41 78.79
77.24 78.57
77.05 78.34
76.86 78.12
76.69 77.94
76.59 77.81
76.57 77.78
76.72 77.87
76.95 78.02
