66.0 69.73
70.32 72.12
77.41 76.09
87.45 81.65
100.02 88.49
113.94 96.07
128.12 103.78
141.64 110.99
153.53 117.19
162.93 122.08
169.39 125.57
172.95 127.79
174.0 129.0
173.01 129.55
170.5 129.74
166.9 129.82
162.54 129.95
157.64 130.19
152.39 130.49
146.92 130.76
141.32 130.89
135.66 130.75
129.98 130.25
124.33 129.33
118.75 128.02
113.3 126.36
108.08 124.47
103.2 122.43
98.73 120.33
94.75 118.23
91.28 116.17
88.33 114.14
85.89 112.14
83.98 110.17
82.58 108.21
81.65 106.27
81.16 104.38
81.05 102.56
81.25 100.83
81.68 99.19
82.25 97.64
82.89 96.17
83.52 94.76
84.08 93.42
84.52 92.15
84.82 90.95
84.97 89.82
85.0 88.77
84.91 87.8
84.72 86.91
84.43 86.1
84.06 85.37
83.6 84.7
83.07 84.09
82.47 83.52
81.81 82.98
81.09 82.47
80.34 81.96
79.55 81.46
78.74 80.95
77.91 80.43
77.06 79.9
76.19 79.36
75.33 78.81
74.47 78.24
73.64 77.68
72.86 77.12
72.13 76.57
71.44 76.01
70.8 75.46
70.19 74.89
69.6 74.3
69.02 73.7
68.45 73.08
67.88 72.44
67.3 71.8
66.7 71.15
66.08 70.52
65.51 69.93
65.08 69.46
64.63 69.12
64.3 68.79
63.92 68.43
63.34 68.09
