67.0 72.43
72.35 75.3
81.72 80.33
94.94 87.44
111.02 96.08
128.22 105.35
144.77 114.31
159.47 122.17
171.52 128.45
180.39 132.98
185.84 135.85
188.0 137.34
187.31 137.84
184.47 137.76
180.18 137.43
175.01 137.14
169.41 137.1
163.67 137.37
157.97 137.94
152.42 138.67
147.09 139.37
142.02 139.85
137.21 139.94
132.62 139.56
128.21 138.7
123.88 137.42
119.56 135.78
115.21 133.86
110.88 131.7
106.65 129.36
102.65 126.91
98.99 124.4
95.8 121.9
93.13 119.48
91.02 117.17
89.49 114.98
88.52 112.92
88.08 111.01
88.12 109.26
88.55 107.67
89.28 106.23
90.18 104.9
91.14 103.64
92.04 102.43
92.82 101.25
93.43 100.09
93.83 98.96
94.0 97.87
93.94 96.82
93.64 95.8
93.13 94.83
92.45 93.9
91.64 93.01
90.73 92.18
89.75 91.39
88.72 90.65
87.65 89.94
86.56 89.25
85.46 88.58
84.35 87.9
83.23 87.22
82.1 86.51
80.96 85.79
79.82 85.05
78.72 84.31
77.67 83.55
76.69 82.8
75.79 82.06
74.96 81.33
74.2 80.61
73.49 79.88
72.8 79.14
72.1 78.36
71.34 77.54
70.51 76.67
69.63 75.82
68.85 75.01
67.99 74.12
67.25 73.45
66.74 73.02
65.99 72.43
