72.0 73.43
73.39 74.17
75.51 75.32
78.4 76.89
82.0 78.84
86.18 81.1
90.73 83.55
95.41 86.05
99.97 88.49
104.14 90.73
107.72 92.71
110.58 94.38
112.69 95.74
114.07 96.84
114.81 97.73
115.0 98.47
114.72 99.14
114.11 99.76
113.24 100.36
112.19 100.94
111.02 101.51
109.79 102.03
108.52 102.49
107.24 102.86
105.95 103.13
104.68 103.3
103.41 103.34
102.15 103.27
100.88 103.06
99.57 102.73
98.19 102.25
96.7 101.62
95.1 100.85
93.41 99.95
91.69 98.95
90.01 97.89
88.43 96.82
87.01 95.76
85.78 94.75
84.75 93.8
83.92 92.91
83.29 92.08
82.82 91.3
82.51 90.57
82.32 89.88
82.25 89.23
82.25 88.62
82.33 88.05
82.44 87.51
82.58 87.0
82.71 86.51
82.83 86.06
82.92 85.63
82.97 85.23
82.98 84.86
82.95 84.5
82.86 84.16
82.74 83.83
82.59 83.51
82.39 83.21
82.16 82.93
81.91 82.65
81.62 82.39
81.31 82.14
80.99 81.9
80.64 81.66
80.29 81.42
79.96 81.19
79.62 80.96
79.28 80.74
78.96 80.51
78.64 80.29
78.33 80.06
78.03 79.82
77.73 79.58
77.45 79.34
77.17 79.08
76.88 78.82
76.59 78.55
76.29 78.27
76.0 78.0
75.73 77.72
75.46 77.44
75.19 77.17
74.93 76.89
74.65 76.6
74.36 76.3
74.06 75.99
73.74 75.67
73.4 75.35
73.05 75.03
72.69 74.7
72.33 74.38
72.0 74.09
71.71 73.82
71.52 73.62
71.48 73.53
71.68 73.58
71.98 73.68
72.38 73.93
