61.0 61.92
62.01 62.48
63.53 63.32
65.58 64.46
68.13 65.87
71.1 67.51
74.4 69.33
77.9 71.25
81.48 73.22
85.01 75.17
88.36 77.06
91.44 78.86
94.18 80.54
96.54 82.1
98.48 83.54
100.02 84.87
101.18 86.11
102.02 87.29
102.57 88.41
102.88 89.48
103.0 90.52
102.95 91.51
102.78 92.45
102.5 93.31
102.13 94.1
101.68 94.81
101.16 95.42
100.6 95.95
99.98 96.38
99.32 96.72
98.61 96.95
97.88 97.09
97.09 97.11
96.25 97.03
95.35 96.82
94.34 96.49
93.22 96.03
92.01 95.45
90.71 94.76
89.38 94.0
88.05 93.2
86.75 92.37
85.54 91.54
84.42 90.73
83.4 89.95
82.52 89.2
81.77 88.49
81.13 87.8
80.6 87.14
80.17 86.5
79.82 85.88
79.52 85.27
79.27 84.68
79.06 84.1
78.87 83.54
78.7 82.99
78.54 82.47
78.39 81.98
78.23 81.5
78.06 81.04
77.86 80.59
77.64 80.16
77.4 79.74
77.15 79.33
76.88 78.94
76.61 78.56
76.32 78.19
76.03 77.84
75.71 77.51
75.4 77.17
75.06 76.84
74.69 76.51
74.32 76.18
73.94 75.84
73.54 75.51
73.16 75.18
72.79 74.86
72.41 74.53
72.04 74.21
71.67 73.89
71.31 73.56
70.95 73.24
70.61 72.92
70.28 72.61
69.96 72.29
69.65 71.98
69.35 71.66
69.05 71.34
68.74 71.01
68.43 70.68
68.12 70.35
67.81 70.02
67.5 69.7
67.2 69.38
66.89 69.06
66.59 68.74
66.3 68.44
66.02 68.13
65.75 67.83
65.48 67.54
65.21 67.24
64.94 66.95
64.68 66.66
64.41 66.37
64.14 66.07
63.88 65.79
63.62 65.5
63.36 65.23
63.12 64.96
62.87 64.7
62.64 64.45
62.42 64.2
62.21 63.96
62.01 63.72
61.82 63.49
61.65 63.27
61.5 63.06
61.4 62.88
61.31 62.71
61.17 62.48
61.03 62.26
60.83 62.0
60.63 61.77
60.53 61.61
60.54 61.6
