76.0 76.17
77.44 77.01
79.61 78.26
82.59 79.96
86.38 82.12
90.89 84.67
95.94 87.5
101.27 90.47
106.58 93.42
111.55 96.19
115.87 98.65
119.33 100.7
121.82 102.33
123.34 103.56
124.0 104.48
123.97 105.2
123.45 105.82
122.61 106.44
121.6 107.11
120.53 107.87
119.47 108.68
118.43 109.51
117.43 110.32
116.46 111.04
115.51 111.66
114.58 112.15
113.7 112.51
112.86 112.74
112.07 112.87
111.29 112.89
110.53 112.8
109.72 112.61
108.83 112.29
107.82 111.82
106.64 111.2
105.3 110.42
103.81 109.48
102.22 108.44
100.61 107.33
99.06 106.21
97.64 105.12
96.4 104.11
95.35 103.18
94.52 102.34
93.88 101.58
93.4 100.89
93.06 100.25
92.84 99.64
92.69 99.05
92.59 98.46
92.5 97.88
92.39 97.28
92.25 96.68
92.07 96.07
91.82 95.46
91.52 94.86
91.16 94.26
90.74 93.67
90.27 93.08
89.75 92.5
89.18 91.92
88.6 91.36
88.05 90.83
87.53 90.33
87.05 89.87
86.61 89.44
86.19 89.02
85.76 88.62
85.32 88.21
84.88 87.8
84.45 87.38
84.04 86.98
83.66 86.58
83.3 86.19
82.96 85.81
82.63 85.43
82.29 85.06
81.94 84.67
81.56 84.27
81.16 83.86
80.73 83.44
80.3 83.01
79.88 82.6
79.5 82.2
79.17 81.82
78.88 81.47
78.61 81.13
78.34 80.8
78.06 80.48
77.78 80.16
77.49 79.83
77.22 79.52
76.98 79.22
76.77 78.93
76.57 78.65
76.39 78.39
76.23 78.14
76.09 77.91
75.95 77.68
75.82 77.46
75.68 77.24
75.55 77.03
75.4 76.82
75.26 76.63
75.14 76.45
75.04 76.29
74.98 76.15
74.95 76.04
74.96 75.97
75.04 75.96
75.23 76.04
75.62 76.12
75.97 76.22
76.27 76.48
