70.0 70.89
71.62 71.81
74.21 73.27
77.77 75.26
82.18 77.71
87.22 80.52
92.63 83.52
98.14 86.56
103.5 89.49
108.46 92.22
112.81 94.67
116.39 96.79
119.15 98.6
121.1 100.13
122.32 101.42
122.92 102.54
123.0 103.56
122.65 104.53
121.98 105.45
121.06 106.36
120.0 107.23
118.85 108.05
117.68 108.82
116.53 109.52
115.42 110.14
114.35 110.68
113.33 111.12
112.35 111.46
111.39 111.66
110.42 111.74
109.42 111.68
108.39 111.48
107.34 111.16
106.28 110.73
105.18 110.18
104.02 109.49
102.75 108.66
101.3 107.68
99.65 106.53
97.85 105.26
95.94 103.89
94.03 102.48
92.21 101.1
90.59 99.79
89.22 98.61
88.14 97.56
87.35 96.65
86.84 95.88
86.59 95.21
86.54 94.64
86.68 94.14
86.96 93.69
87.32 93.27
87.73 92.87
88.14 92.47
88.51 92.06
88.82 91.65
89.04 91.25
89.16 90.84
89.2 90.44
89.13 90.06
88.96 89.67
88.7 89.3
88.36 88.92
87.96 88.55
87.51 88.18
87.01 87.8
86.46 87.43
85.87 87.05
85.24 86.66
84.6 86.28
83.96 85.89
83.34 85.52
82.74 85.16
82.19 84.8
81.66 84.46
81.15 84.11
80.65 83.74
80.15 83.36
79.66 82.95
79.16 82.52
78.67 82.07
78.19 81.62
77.75 81.18
77.34 80.74
76.97 80.32
76.64 79.92
76.35 79.53
76.07 79.15
75.81 78.79
75.56 78.44
75.33 78.09
75.1 77.75
74.9 77.42
74.73 77.1
74.57 76.79
74.42 76.5
74.25 76.21
74.08 75.93
73.88 75.65
73.66 75.38
73.45 75.12
73.27 74.88
73.12 74.66
73.01 74.46
72.92 74.29
72.87 74.13
72.82 73.99
72.77 73.86
72.71 73.72
72.64 73.58
72.54 73.43
72.41 73.27
72.23 73.09
72.02 72.89
71.77 72.69
71.53 72.49
71.31 72.31
71.12 72.15
70.99 72.02
70.9 71.91
70.81 71.8
70.71 71.68
70.57 71.55
70.38 71.41
70.2 71.28
70.11 71.2
69.93 71.09
69.76 71.01
69.7 70.95
