77.99 78.97
80.22 80.16
84.3 82.29
90.63 85.5
98.78 89.57
107.19 94.03
114.65 98.26
120.45 101.67
124.05 103.94
125.63 105.13
126.24 105.61
126.49 105.82
126.4 106.1
126.09 106.68
125.75 107.6
125.55 108.83
125.59 110.29
125.86 111.94
126.39 113.74
127.1 115.66
127.94 117.63
128.83 119.54
129.73 121.27
130.53 122.71
131.17 123.84
131.64 124.7
131.92 125.39
132.0 126.01
131.89 126.61
131.58 127.16
131.04 127.58
130.23 127.77
129.13 127.69
127.69 127.29
125.86 126.61
123.6 125.66
121.01 124.49
118.18 123.14
115.3 121.7
112.53 120.25
110.06 118.89
108.0 117.69
106.38 116.68
105.19 115.84
104.4 115.16
103.94 114.57
103.71 114.01
103.61 113.44
103.56 112.82
103.5 112.13
103.39 111.36
103.2 110.51
102.91 109.6
102.51 108.65
102.03 107.68
101.46 106.72
100.87 105.81
100.29 104.96
99.72 104.17
99.2 103.45
98.72 102.8
98.28 102.18
97.85 101.6
97.44 101.05
97.04 100.51
96.63 99.99
96.23 99.48
95.84 99.01
95.48 98.55
95.12 98.12
94.74 97.68
94.3 97.24
93.83 96.79
93.32 96.32
92.79 95.84
92.27 95.36
91.77 94.89
91.27 94.43
90.77 93.97
90.26 93.5
89.77 93.04
89.31 92.6
88.9 92.17
88.55 91.77
88.25 91.39
87.95 91.03
87.66 90.67
87.34 90.29
86.98 89.88
86.56 89.45
86.11 88.98
85.62 88.51
85.13 88.04
84.68 87.6
84.29 87.18
83.96 86.81
83.7 86.48
83.48 86.18
83.29 85.89
83.09 85.61
82.89 85.33
82.71 85.06
82.56 84.78
82.4 84.52
82.28 84.26
82.18 84.02
82.07 83.79
81.94 83.57
81.8 83.34
81.64 83.11
81.48 82.89
81.31 82.67
81.14 82.46
80.96 82.26
80.77 82.05
80.56 81.83
80.33 81.62
80.11 81.4
79.88 81.18
79.64 80.96
79.41 80.76
79.19 80.56
78.97 80.36
78.75 80.17
78.53 79.97
78.32 79.78
78.17 79.63
78.16 79.55
78.06 79.41
77.98 79.32
78.14 79.36
78.05 79.29
