106.0 109.0
110.29 111.36
117.57 115.31
127.93 120.93
140.89 127.95
155.42 135.81
170.1 143.74
183.54 151.0
194.68 156.99
202.89 161.4
207.94 164.22
210.0 165.69
209.59 166.21
207.45 166.25
204.19 166.18
200.3 166.26
196.16 166.65
192.0 167.37
187.94 168.36
184.07 169.49
180.36 170.6
176.75 171.49
173.13 171.96
169.35 171.87
165.28 171.15
160.86 169.82
156.14 167.97
151.25 165.78
146.4 163.43
141.81 161.06
137.66 158.79
134.07 156.66
131.13 154.7
128.85 152.86
127.19 151.12
126.07 149.43
125.4 147.76
125.07 146.11
124.98 144.46
125.04 142.81
125.18 141.16
125.32 139.51
125.41 137.88
125.41 136.27
125.28 134.71
125.0 133.2
124.57 131.74
123.97 130.34
123.23 128.98
122.35 127.68
121.37 126.41
120.31 125.19
119.2 124.02
118.06 122.91
116.93 121.86
115.83 120.88
114.79 119.97
113.8 119.12
112.9 118.33
112.06 117.59
111.3 116.89
110.6 116.21
109.96 115.56
109.37 114.92
108.82 114.27
108.29 113.63
107.75 112.98
107.22 112.33
106.69 111.67
106.17 111.02
105.66 110.39
105.21 109.82
104.93 109.35
104.86 108.98
104.73 108.77
105.21 108.85
106.02 109.2
