60.0 60.72
61.52 61.56
63.89 62.86
67.11 64.63
71.08 66.82
75.69 69.36
80.75 72.11
85.99 74.94
91.05 77.66
95.56 80.12
99.17 82.15
101.63 83.66
102.88 84.63
103.0 85.11
102.17 85.22
100.63 85.1
98.62 84.89
96.33 84.69
93.93 84.56
91.54 84.52
89.24 84.54
87.09 84.59
85.11 84.64
83.31 84.66
81.71 84.62
80.28 84.51
79.03 84.31
77.92 84.03
76.94 83.65
76.06 83.18
75.27 82.65
74.55 82.06
73.85 81.41
73.15 80.7
72.42 79.91
71.62 79.04
70.74 78.08
69.83 77.05
68.92 76.01
68.06 74.98
67.31 74.02
66.72 73.15
66.29 72.39
66.03 71.74
65.93 71.2
65.98 70.77
66.17 70.42
66.47 70.14
66.88 69.95
67.36 69.81
67.91 69.72
68.48 69.68
69.06 69.67
69.61 69.67
70.09 69.68
70.48 69.67
70.77 69.65
70.93 69.61
70.97 69.54
70.89 69.44
70.7 69.32
70.42 69.16
70.04 68.99
69.59 68.8
69.08 68.59
68.54 68.38
67.99 68.17
67.43 67.96
66.87 67.74
66.32 67.52
65.79 67.29
65.27 67.05
64.77 66.79
64.29 66.53
63.84 66.25
63.41 65.96
63.02 65.67
62.67 65.37
62.35 65.08
62.07 64.79
61.82 64.5
61.6 64.21
61.41 63.92
61.23 63.64
61.05 63.35
60.88 63.06
60.7 62.78
60.53 62.49
60.36 62.22
60.19 61.94
60.02 61.68
59.85 61.43
59.69 61.19
59.53 60.96
59.39 60.74
59.25 60.54
59.13 60.35
59.01 60.17
58.92 60.02
58.88 59.92
58.9 59.89
58.89 59.84
58.88 59.8
58.86 59.76
58.78 59.68
58.74 59.56
58.72 59.44
