76.0 77.3
77.69 78.24
80.43 79.75
84.31 81.87
89.2 84.54
94.85 87.61
100.83 90.84
106.68 93.99
111.96 96.85
116.42 99.29
119.91 101.26
122.46 102.84
124.24 104.14
125.47 105.32
126.36 106.49
127.02 107.76
127.55 109.15
128.01 110.66
128.42 112.28
128.8 113.94
129.15 115.61
129.5 117.24
129.85 118.79
130.16 120.22
130.45 121.53
130.71 122.69
130.9 123.72
131.0 124.63
130.99 125.42
130.86 126.09
130.57 126.64
130.14 127.05
129.54 127.29
128.75 127.33
127.69 127.14
126.29 126.68
124.51 125.94
122.31 124.92
119.76 123.68
117.05 122.31
114.37 120.91
111.94 119.62
109.92 118.5
108.43 117.61
107.43 116.94
106.87 116.44
106.63 116.02
106.6 115.63
106.65 115.18
106.67 114.64
106.62 113.99
106.45 113.22
106.14 112.37
105.73 111.45
105.24 110.51
104.68 109.57
104.08 108.67
103.45 107.81
102.78 106.99
102.07 106.21
101.34 105.46
100.58 104.71
99.82 103.98
99.08 103.26
98.36 102.56
97.7 101.88
97.08 101.25
96.5 100.64
95.94 100.07
95.4 99.51
94.87 98.96
94.35 98.42
93.82 97.88
93.3 97.33
92.79 96.79
92.29 96.25
91.81 95.71
91.34 95.18
90.88 94.65
90.44 94.14
90.01 93.64
89.6 93.15
89.22 92.68
88.84 92.22
88.47 91.76
88.11 91.31
87.75 90.87
87.4 90.43
87.05 90.0
86.71 89.58
86.36 89.17
86.0 88.76
85.64 88.35
85.28 87.95
84.93 87.55
84.57 87.15
84.2 86.76
83.83 86.37
83.46 85.99
83.09 85.61
82.73 85.23
82.38 84.87
82.05 84.52
81.75 84.18
81.46 83.86
81.18 83.55
80.91 83.24
80.66 82.93
80.39 82.63
80.14 82.34
79.91 82.05
79.69 81.77
79.47 81.49
79.26 81.22
79.04 80.95
78.81 80.67
78.56 80.39
78.31 80.1
78.05 79.81
77.75 79.51
77.44 79.2
77.12 78.9
76.79 78.61
76.5 78.35
76.27 78.13
76.18 77.97
76.08 77.84
76.18 77.83
76.48 77.91
76.61 77.89
