75.0 75.91
76.49 76.73
78.78 77.98
81.88 79.68
85.76 81.81
90.27 84.26
95.18 86.91
100.17 89.61
104.94 92.19
109.19 94.54
112.75 96.56
115.53 98.24
117.54 99.62
118.88 100.76
119.65 101.76
119.99 102.67
120.0 103.58
119.75 104.49
119.33 105.42
118.77 106.35
118.1 107.24
117.33 108.08
116.51 108.83
115.64 109.48
114.75 110.02
113.85 110.44
112.93 110.75
111.98 110.93
111.02 111.0
110.0 110.96
108.94 110.81
107.82 110.52
106.59 110.1
105.22 109.52
103.73 108.78
102.13 107.9
100.47 106.9
98.82 105.85
97.27 104.8
95.89 103.78
94.7 102.83
93.75 101.97
93.02 101.19
92.48 100.48
92.09 99.8
91.81 99.16
91.6 98.51
91.41 97.86
91.23 97.2
91.03 96.53
90.8 95.84
90.51 95.14
90.17 94.43
89.76 93.73
89.31 93.03
88.81 92.35
88.28 91.69
87.72 91.05
87.16 90.43
86.6 89.84
86.04 89.27
85.49 88.72
84.97 88.19
84.45 87.68
83.94 87.18
83.45 86.69
82.97 86.21
82.49 85.74
82.02 85.28
81.56 84.82
81.11 84.37
80.69 83.92
80.28 83.49
79.91 83.07
79.55 82.67
79.21 82.27
78.88 81.88
78.57 81.5
78.29 81.13
78.02 80.77
77.78 80.43
77.59 80.1
77.41 79.8
77.24 79.5
77.08 79.22
76.92 78.94
76.74 78.66
76.55 78.38
76.36 78.1
76.16 77.83
75.96 77.57
75.77 77.32
75.59 77.09
75.41 76.86
75.21 76.64
75.01 76.42
74.8 76.19
74.56 75.96
74.34 75.74
74.16 75.55
74.09 75.45
74.18 75.45
74.42 75.51
74.91 75.65
