64.99 66.38
67.77 67.98
72.46 70.62
79.14 74.32
87.53 78.92
96.94 84.04
106.43 89.24
115.25 94.06
122.83 98.16
128.7 101.33
132.65 103.55
134.69 104.91
135.0 105.57
133.85 105.73
131.55 105.58
128.41 105.28
124.7 104.95
120.71 104.69
116.68 104.57
112.8 104.61
109.24 104.78
106.09 105.03
103.4 105.29
101.16 105.48
99.34 105.58
97.89 105.56
96.75 105.45
95.88 105.24
95.2 104.97
94.7 104.63
94.31 104.19
93.94 103.63
93.49 102.91
92.89 102.0
92.04 100.88
90.94 99.59
89.67 98.18
88.34 96.72
87.11 95.34
86.1 94.1
85.44 93.08
85.17 92.32
85.3 91.82
85.83 91.56
86.71 91.51
87.85 91.62
89.17 91.84
90.54 92.1
91.86 92.35
93.02 92.54
93.95 92.64
94.61 92.63
94.95 92.51
94.96 92.28
94.67 91.97
94.12 91.6
93.36 91.2
92.46 90.79
91.45 90.37
90.37 89.95
89.24 89.51
88.07 89.06
86.89 88.59
85.7 88.08
84.51 87.55
83.35 86.99
82.23 86.41
81.15 85.81
80.13 85.19
79.17 84.56
78.27 83.93
77.44 83.29
76.69 82.65
76.02 82.02
75.42 81.4
74.88 80.77
74.38 80.15
73.92 79.52
73.48 78.88
73.07 78.24
72.67 77.6
72.27 76.97
71.88 76.34
71.51 75.74
71.15 75.15
70.8 74.59
70.47 74.06
70.15 73.55
69.84 73.07
69.53 72.6
69.22 72.14
68.92 71.71
68.63 71.3
68.36 70.92
68.13 70.57
67.93 70.25
67.75 69.95
67.59 69.67
67.43 69.4
67.27 69.14
67.11 68.88
66.94 68.62
66.75 68.36
66.53 68.09
66.29 67.82
66.05 67.56
65.81 67.32
65.67 67.13
65.58 66.97
65.48 66.8
65.38 66.72
65.24 66.63
65.14 66.47
64.99 66.27
64.67 66.03
64.34 65.7
64.06 65.38
63.55 65.03
