73.0 74.41
74.32 75.06
76.47 76.17
79.43 77.73
83.05 79.65
87.07 81.8
91.21 84.03
95.24 86.2
98.98 88.19
102.25 89.93
104.86 91.37
106.71 92.49
107.75 93.27
108.0 93.74
107.52 93.94
106.41 93.93
104.8 93.78
102.83 93.55
100.64 93.31
98.39 93.09
96.17 92.91
94.1 92.76
92.2 92.62
90.53 92.48
89.07 92.33
87.83 92.17
86.81 92.0
86.0 91.8
85.35 91.57
84.83 91.28
84.35 90.91
83.85 90.44
83.28 89.85
82.63 89.15
81.93 88.39
81.27 87.61
80.7 86.85
80.29 86.16
80.02 85.55
79.89 85.03
79.87 84.58
79.95 84.2
80.12 83.87
80.4 83.61
80.78 83.41
81.21 83.26
81.69 83.17
82.19 83.13
82.68 83.1
83.13 83.08
83.51 83.06
83.79 83.03
83.95 82.97
83.98 82.89
83.88 82.77
83.64 82.62
83.3 82.44
82.87 82.23
82.36 82.0
81.81 81.75
81.23 81.49
80.62 81.23
80.01 80.97
79.39 80.7
78.8 80.43
78.23 80.16
77.7 79.89
77.21 79.61
76.75 79.34
76.34 79.06
75.97 78.78
75.64 78.5
75.35 78.22
75.1 77.94
74.87 77.66
74.66 77.38
74.47 77.09
74.29 76.81
74.12 76.52
73.94 76.22
73.76 75.94
73.6 75.67
73.48 75.45
73.39 75.29
73.4 75.11
73.19 74.83
72.9 74.56
72.6 74.11
