94.0 98.6
98.94 101.34
107.52 105.99
119.72 112.57
134.78 120.63
151.16 129.34
166.97 137.76
180.7 145.07
191.61 150.8
199.45 154.85
204.34 157.45
206.67 159.03
207.0 160.04
205.86 160.84
203.71 161.66
200.83 162.58
197.41 163.62
193.54 164.71
189.26 165.77
184.61 166.68
179.61 167.29
174.3 167.44
168.72 167.01
162.89 165.95
156.85 164.28
150.68 162.15
144.54 159.75
138.61 157.26
133.12 154.84
128.27 152.57
124.23 150.5
121.06 148.59
118.75 146.82
117.22 145.13
116.37 143.48
116.05 141.84
116.13 140.18
116.46 138.49
116.94 136.77
117.47 135.04
117.96 133.29
118.34 131.54
118.54 129.79
118.53 128.06
118.29 126.35
117.82 124.69
117.13 123.08
116.27 121.54
115.24 120.06
114.06 118.65
112.78 117.28
111.41 115.98
110.0 114.74
108.59 113.56
107.22 112.46
105.9 111.44
104.65 110.48
103.48 109.57
102.38 108.7
101.35 107.85
100.35 106.99
99.36 106.13
98.39 105.25
97.43 104.36
96.48 103.45
95.56 102.53
94.7 101.63
93.92 100.76
93.21 99.91
92.56 99.1
91.99 98.33
91.5 97.62
91.16 97.08
91.53 97.18
92.26 97.44
