91.0 92.16
92.99 93.22
96.17 94.91
100.68 97.3
106.39 100.35
112.97 103.87
119.92 107.61
126.65 111.27
132.61 114.54
137.39 117.23
140.82 119.25
142.92 120.65
143.89 121.57
144.0 122.2
143.53 122.73
142.74 123.31
141.8 124.02
140.83 124.91
139.91 125.94
139.03 127.07
138.21 128.24
137.44 129.36
136.7 130.38
135.96 131.23
135.21 131.88
134.43 132.32
133.57 132.56
132.59 132.59
131.42 132.42
130.01 132.05
128.33 131.49
126.44 130.75
124.41 129.87
122.39 128.9
120.49 127.89
118.85 126.94
117.57 126.08
116.68 125.36
116.16 124.77
115.97 124.3
116.03 123.89
116.22 123.51
116.45 123.09
116.63 122.61
116.72 122.05
116.67 121.42
116.48 120.72
116.18 119.98
115.79 119.22
115.3 118.46
114.73 117.72
114.07 117.0
113.34 116.29
112.56 115.61
111.76 114.93
110.96 114.27
110.17 113.63
109.44 113.02
108.76 112.43
108.14 111.87
107.57 111.35
107.05 110.85
106.54 110.36
106.05 109.88
105.56 109.4
105.07 108.92
104.6 108.43
104.16 107.94
103.73 107.45
103.32 106.96
102.91 106.48
102.5 106.0
102.09 105.52
101.7 105.06
101.33 104.61
101.0 104.18
100.7 103.77
100.44 103.39
100.22 103.02
100.01 102.67
99.79 102.31
99.56 101.96
99.31 101.6
99.02 101.24
98.73 100.88
98.42 100.53
98.1 100.18
97.77 99.85
97.46 99.51
97.16 99.18
96.86 98.86
96.58 98.56
96.33 98.27
96.11 98.0
95.9 97.75
95.7 97.52
95.51 97.28
95.32 97.05
95.12 96.82
94.92 96.59
94.73 96.35
94.53 96.12
94.35 95.89
94.17 95.66
94.0 95.45
93.86 95.25
93.73 95.06
93.62 94.89
93.51 94.73
93.39 94.57
93.25 94.4
93.08 94.2
92.87 93.98
92.62 93.74
92.32 93.48
91.98 93.2
91.61 92.91
91.21 92.61
90.78 92.3
90.34 91.99
89.91 91.69
89.5 91.4
89.16 91.16
88.93 90.99
88.91 90.97
89.13 90.86
89.08 90.77
89.15 90.88
