81.0 82.15
82.25 82.8
84.14 83.8
86.68 85.17
89.83 86.88
93.49 88.85
97.49 91.01
101.62 93.23
105.66 95.42
109.38 97.44
112.55 99.21
115.03 100.68
116.76 101.82
117.73 102.65
118.0 103.22
117.67 103.61
116.88 103.88
115.75 104.09
114.39 104.29
112.92 104.5
111.4 104.72
109.88 104.93
108.41 105.12
107.01 105.28
105.69 105.39
104.48 105.43
103.36 105.4
102.34 105.29
101.39 105.11
100.49 104.83
99.59 104.46
98.67 103.98
97.69 103.4
96.68 102.73
95.64 101.98
94.6 101.17
93.6 100.33
92.67 99.49
91.84 98.66
91.11 97.87
90.51 97.13
90.05 96.45
89.74 95.84
89.58 95.31
89.56 94.85
89.67 94.45
89.88 94.12
90.16 93.83
90.48 93.58
90.83 93.36
91.17 93.16
91.49 92.97
91.76 92.8
91.97 92.63
92.12 92.46
92.19 92.29
92.19 92.11
92.11 91.93
91.97 91.74
91.75 91.55
91.47 91.35
91.15 91.15
90.76 90.93
90.33 90.71
89.87 90.48
89.39 90.24
88.9 89.99
88.42 89.74
87.94 89.48
87.47 89.22
87.02 88.96
86.58 88.69
86.16 88.42
85.78 88.14
85.42 87.87
85.09 87.6
84.79 87.32
84.5 87.05
84.24 86.77
83.98 86.49
83.75 86.2
83.54 85.92
83.34 85.64
83.14 85.36
82.95 85.08
82.75 84.8
82.54 84.52
82.33 84.23
82.1 83.95
81.87 83.67
81.64 83.41
81.46 83.18
81.36 83.03
81.42 82.96
81.4 82.77
81.04 82.56
80.78 82.22
