84.0 84.82
85.35 85.56
87.39 86.69
90.15 88.21
93.57 90.11
97.56 92.29
101.91 94.68
106.4 97.13
110.79 99.53
114.85 101.76
118.37 103.75
121.24 105.45
123.4 106.86
124.86 108.01
125.69 108.96
126.0 109.78
125.89 110.52
125.47 111.24
124.83 111.94
124.01 112.63
123.08 113.29
122.07 113.91
121.03 114.46
119.98 114.95
118.95 115.35
117.95 115.67
116.97 115.88
115.96 115.97
114.89 115.91
113.69 115.68
112.33 115.26
110.77 114.65
109.05 113.87
107.23 112.96
105.42 111.98
103.69 110.98
102.14 110.01
100.81 109.09
99.74 108.26
98.94 107.52
98.38 106.85
98.06 106.26
97.91 105.71
97.9 105.18
97.97 104.67
98.09 104.15
98.18 103.6
98.24 103.03
98.24 102.43
98.17 101.84
98.04 101.25
97.87 100.69
97.65 100.16
97.38 99.66
97.07 99.19
96.73 98.73
96.35 98.28
95.92 97.84
95.45 97.38
94.96 96.93
94.43 96.47
93.86 96.02
93.3 95.58
92.75 95.15
92.22 94.74
91.71 94.34
91.24 93.97
90.79 93.6
90.36 93.25
89.96 92.91
89.59 92.57
89.24 92.23
88.92 91.89
88.64 91.55
88.37 91.21
88.12 90.87
87.88 90.55
87.66 90.23
87.46 89.92
87.27 89.63
87.11 89.36
86.97 89.09
86.82 88.83
86.65 88.55
86.45 88.27
86.21 87.97
85.94 87.66
85.65 87.35
85.36 87.05
85.09 86.77
84.83 86.5
84.61 86.27
84.41 86.05
84.24 85.85
84.11 85.69
84.06 85.56
83.98 85.43
83.96 85.4
84.19 85.47
84.68 85.73
