79.0 84.13
83.29 86.51
90.36 90.39
100.37 95.83
113.05 102.64
127.52 110.33
142.53 118.23
156.69 125.62
168.78 131.85
177.89 136.52
183.59 139.51
186.0 141.01
185.64 141.39
183.22 141.12
179.4 140.61
174.71 140.18
169.59 140.0
164.29 140.09
159.0 140.42
153.84 140.89
148.88 141.35
144.16 141.67
139.64 141.7
135.23 141.32
130.83 140.44
126.32 139.04
121.64 137.15
116.84 134.86
112.02 132.32
107.36 129.67
103.03 127.04
99.19 124.5
95.95 122.1
93.35 119.84
91.41 117.71
90.12 115.71
89.42 113.84
89.25 112.11
89.52 110.51
90.15 109.03
91.03 107.66
92.04 106.36
93.07 105.11
94.03 103.88
94.82 102.68
95.4 101.51
95.75 100.38
95.86 99.29
95.75 98.26
95.43 97.28
94.92 96.34
94.25 95.45
93.47 94.6
92.58 93.79
91.61 93.02
90.58 92.28
89.48 91.56
88.33 90.85
87.13 90.14
85.92 89.43
84.72 88.71
83.52 87.99
82.35 87.27
81.23 86.55
80.17 85.84
79.18 85.14
78.28 84.47
77.57 83.91
77.22 83.59
77.74 83.85
79.34 84.61
