81.0 84.76
83.71 86.2
88.27 88.63
94.68 92.03
102.62 96.24
111.49 100.96
120.64 105.81
129.45 110.47
137.43 114.65
144.19 118.21
149.53 121.11
153.39 123.38
155.84 125.12
156.99 126.44
157.0 127.44
156.02 128.21
154.22 128.82
151.78 129.33
148.84 129.76
145.56 130.12
142.07 130.38
138.48 130.51
134.88 130.47
131.33 130.24
127.83 129.79
124.36 129.12
120.9 128.23
117.43 127.12
113.97 125.82
110.6 124.35
107.38 122.76
104.39 121.08
101.66 119.35
99.25 117.61
97.16 115.87
95.42 114.16
94.03 112.5
92.97 110.9
92.24 109.38
91.79 107.94
91.59 106.58
91.58 105.3
91.74 104.09
92.01 102.96
92.33 101.89
92.67 100.89
93.0 99.95
93.31 99.08
93.53 98.28
93.67 97.52
93.72 96.81
93.66 96.13
93.49 95.48
93.23 94.87
92.89 94.28
92.47 93.73
92.0 93.22
91.5 92.75
90.99 92.32
90.48 91.93
89.98 91.57
89.5 91.24
89.02 90.91
88.54 90.59
88.03 90.25
87.51 89.89
86.94 89.5
86.3 89.06
85.6 88.57
84.85 88.03
84.05 87.47
83.23 86.87
82.4 86.27
81.61 85.71
81.03 85.32
80.89 85.21
80.82 85.23
