71.0 72.05
72.69 72.97
75.56 74.49
79.65 76.64
84.7 79.32
90.28 82.33
95.89 85.41
101.11 88.31
105.73 90.88
109.67 93.07
112.9 94.9
115.38 96.42
117.06 97.67
117.92 98.66
118.0 99.42
117.38 99.97
116.22 100.37
114.7 100.7
113.0 101.04
111.31 101.46
109.76 101.99
108.42 102.61
107.33 103.27
106.47 103.92
105.8 104.51
105.29 105.03
104.88 105.47
104.55 105.83
104.26 106.11
103.97 106.27
103.62 106.29
103.16 106.14
102.49 105.77
101.57 105.2
100.35 104.41
98.85 103.45
97.16 102.36
95.4 101.21
93.71 100.08
92.24 99.04
91.06 98.13
90.21 97.38
89.69 96.8
89.46 96.34
89.47 96.0
89.68 95.72
90.02 95.48
90.42 95.25
90.83 95.01
91.21 94.73
91.5 94.42
91.69 94.06
91.78 93.68
91.76 93.27
91.62 92.86
91.37 92.43
91.01 92.01
90.56 91.58
90.04 91.15
89.46 90.72
88.85 90.28
88.22 89.84
87.6 89.41
86.97 89.0
86.35 88.59
85.74 88.19
85.13 87.79
84.52 87.38
83.92 86.97
83.35 86.55
82.79 86.12
82.23 85.69
81.68 85.24
81.15 84.78
80.63 84.32
80.14 83.86
79.67 83.39
79.24 82.94
78.84 82.5
78.48 82.07
78.16 81.66
77.88 81.27
77.62 80.89
77.4 80.52
77.2 80.17
77.0 79.82
76.82 79.48
76.64 79.15
76.45 78.83
76.28 78.51
76.1 78.21
75.93 77.92
75.77 77.64
75.61 77.38
75.45 77.13
75.28 76.89
75.11 76.65
74.94 76.43
74.78 76.21
74.63 76.01
74.5 75.83
74.38 75.65
74.27 75.49
74.15 75.33
74.02 75.17
73.87 75.0
73.7 74.83
73.53 74.64
73.35 74.46
73.16 74.28
72.98 74.1
72.81 73.93
72.65 73.77
72.44 73.57
72.21 73.35
71.98 73.14
71.73 72.91
71.48 72.73
71.28 72.63
71.14 72.48
70.95 72.28
70.87 71.99
