75.0 76.72
77.48 78.07
81.53 80.25
87.17 83.29
94.21 87.09
102.19 91.4
110.56 95.92
118.69 100.32
126.05 104.31
132.29 107.72
137.22 110.51
140.8 112.72
143.17 114.46
144.5 115.89
145.0 117.13
144.81 118.28
144.07 119.4
142.86 120.51
141.31 121.61
139.5 122.64
137.46 123.56
135.22 124.3
132.83 124.82
130.29 125.09
127.63 125.09
124.9 124.84
122.15 124.39
119.43 123.78
116.78 123.04
114.2 122.19
111.71 121.25
109.32 120.22
107.02 119.07
104.84 117.82
102.77 116.46
100.87 115.03
99.17 113.54
97.68 112.05
96.39 110.56
95.31 109.13
94.46 107.75
93.8 106.44
93.29 105.19
92.89 104.0
92.57 102.85
92.29 101.73
92.05 100.65
91.81 99.6
91.57 98.6
91.31 97.63
90.97 96.71
90.6 95.84
90.25 95.02
89.93 94.26
89.64 93.57
89.36 92.93
89.1 92.34
88.8 91.8
88.48 91.28
88.16 90.79
87.84 90.32
87.47 89.86
87.06 89.41
86.61 88.98
86.18 88.56
85.75 88.15
85.32 87.75
84.89 87.35
84.42 86.94
83.93 86.52
83.44 86.09
82.98 85.68
82.56 85.29
82.18 84.93
81.84 84.59
81.52 84.26
81.23 83.93
80.95 83.61
80.68 83.27
80.38 82.91
80.03 82.54
79.64 82.16
79.22 81.76
78.79 81.34
78.35 80.92
77.9 80.48
77.42 80.04
76.92 79.59
76.43 79.15
75.97 78.72
75.54 78.3
75.12 77.9
74.69 77.5
74.26 77.11
73.84 76.74
73.49 76.41
73.29 76.18
73.37 76.11
73.92 76.35
75.1 76.84
