87.0 88.36
89.58 89.77
93.77 92.06
99.75 95.3
107.34 99.39
115.97 104.05
124.89 108.88
133.26 113.44
140.42 117.37
146.0 120.48
149.93 122.77
152.37 124.37
153.61 125.54
154.0 126.5
153.79 127.45
153.22 128.52
152.46 129.75
151.62 131.14
150.76 132.67
149.96 134.29
149.22 135.92
148.54 137.49
147.88 138.9
147.23 140.1
146.52 141.03
145.74 141.7
144.86 142.13
143.87 142.38
142.77 142.48
141.57 142.46
140.26 142.31
138.82 141.97
137.18 141.4
135.25 140.52
132.89 139.27
129.99 137.61
126.51 135.56
122.58 133.19
118.43 130.65
114.38 128.1
110.76 125.73
107.83 123.68
105.7 122.02
104.35 120.73
103.67 119.73
103.5 118.93
103.64 118.21
103.95 117.46
104.27 116.62
104.48 115.65
104.51 114.54
104.37 113.31
104.02 111.99
103.5 110.63
102.87 109.28
102.15 107.99
101.38 106.79
100.58 105.69
99.76 104.69
98.92 103.76
98.08 102.87
97.25 102.01
96.45 101.17
95.68 100.37
94.98 99.61
94.35 98.9
93.77 98.26
93.27 97.68
92.84 97.15
92.44 96.66
92.07 96.18
91.72 95.72
91.36 95.25
90.97 94.77
90.58 94.28
90.18 93.78
89.76 93.27
89.31 92.75
88.86 92.22
88.4 91.71
87.96 91.2
87.55 90.73
87.18 90.28
86.85 89.88
86.57 89.5
86.34 89.16
86.16 88.85
86.03 88.57
86.0 88.36
86.14 88.28
86.53 88.43
87.32 88.87
88.21 89.32
