70.0 73.42
72.93 74.82
77.82 77.26
84.64 80.74
92.97 85.06
102.08 89.86
111.17 94.71
119.58 99.21
126.86 103.1
132.73 106.24
137.08 108.67
139.99 110.48
141.56 111.82
142.0 112.84
141.52 113.65
140.28 114.34
138.42 114.96
136.08 115.54
133.33 116.08
130.27 116.53
126.98 116.84
123.54 116.96
120.0 116.82
116.4 116.4
112.77 115.69
109.11 114.73
105.41 113.54
101.71 112.18
98.06 110.68
94.55 109.09
91.28 107.42
88.36 105.74
85.82 104.06
83.71 102.43
82.02 100.85
80.74 99.33
79.83 97.87
79.26 96.47
78.99 95.14
78.96 93.87
79.16 92.68
79.54 91.57
80.05 90.55
80.66 89.62
81.31 88.76
81.93 87.97
82.48 87.23
82.91 86.53
83.19 85.85
83.32 85.19
83.27 84.54
83.04 83.89
82.65 83.24
82.12 82.6
81.46 81.98
80.75 81.4
80.04 80.86
79.35 80.4
78.71 79.99
78.11 79.64
77.51 79.31
76.89 78.97
76.23 78.59
75.52 78.17
74.77 77.7
74.0 77.19
73.21 76.64
72.41 76.08
71.62 75.52
70.89 74.96
70.22 74.41
69.63 73.88
69.09 73.38
68.6 72.9
68.18 72.46
67.98 72.14
68.08 72.01
68.05 71.67
68.31 71.45
