70.99 73.29
74.74 75.31
80.84 78.62
89.3 83.21
99.67 88.88
111.16 95.21
122.97 101.75
134.43 108.05
144.87 113.75
153.75 118.61
160.73 122.56
165.73 125.65
168.89 128.05
170.52 129.98
171.0 131.66
170.62 133.25
169.6 134.88
168.06 136.57
166.09 138.28
163.76 139.95
161.15 141.45
158.28 142.69
155.2 143.6
151.96 144.13
148.54 144.26
144.92 144.01
141.07 143.39
137.01 142.42
132.77 141.15
128.43 139.62
124.12 137.89
120.0 136.05
116.19 134.15
112.78 132.24
109.84 130.36
107.38 128.51
105.38 126.71
103.82 124.94
102.63 123.21
101.77 121.52
101.17 119.86
100.77 118.22
100.49 116.6
100.27 115.0
100.06 113.41
99.83 111.84
99.56 110.32
99.23 108.86
98.85 107.46
98.43 106.13
97.94 104.87
97.34 103.65
96.65 102.47
95.84 101.31
94.92 100.16
93.92 99.04
92.88 97.96
91.83 96.92
90.79 95.93
89.79 95.02
88.84 94.16
87.95 93.35
87.11 92.59
86.3 91.84
85.48 91.09
84.65 90.33
83.77 89.53
82.86 88.71
81.96 87.87
81.11 87.05
80.34 86.25
79.64 85.49
79.0 84.76
78.4 84.06
77.8 83.38
77.2 82.7
76.62 82.02
76.08 81.35
75.59 80.7
75.16 80.08
74.8 79.48
74.48 78.92
74.19 78.39
73.89 77.86
73.56 77.34
73.17 76.81
72.73 76.26
72.24 75.7
71.72 75.15
71.31 74.7
71.26 74.48
71.78 74.89
72.61 75.62
