64.0 64.78
64.96 65.31
66.49 66.14
68.61 67.27
71.26 68.68
74.28 70.31
77.51 72.08
80.84 73.92
84.2 75.81
87.62 77.74
91.1 79.75
94.68 81.86
98.3 84.06
101.84 86.31
105.15 88.53
108.1 90.65
110.56 92.62
112.52 94.4
113.95 96.01
114.94 97.47
115.56 98.81
115.89 100.08
116.0 101.27
115.96 102.42
115.8 103.51
115.55 104.55
115.23 105.54
114.81 106.45
114.27 107.25
113.63 107.93
112.89 108.47
112.04 108.84
111.11 109.06
110.13 109.14
109.11 109.1
108.06 108.96
106.99 108.73
105.9 108.42
104.75 107.99
103.5 107.43
102.1 106.71
100.51 105.83
98.75 104.78
96.86 103.6
94.92 102.35
93.01 101.06
91.25 99.81
89.7 98.63
88.37 97.54
87.28 96.54
86.4 95.63
85.72 94.79
85.2 94.0
84.82 93.24
84.53 92.51
84.33 91.78
84.15 91.05
83.97 90.32
83.8 89.59
83.63 88.88
83.46 88.2
83.27 87.54
83.06 86.91
82.81 86.31
82.51 85.73
82.17 85.16
81.8 84.6
81.4 84.05
80.97 83.51
80.51 82.99
80.03 82.47
79.54 81.97
79.03 81.49
78.52 81.02
78.02 80.57
77.51 80.13
76.99 79.69
76.45 79.25
75.92 78.81
75.39 78.37
74.89 77.94
74.43 77.52
74.01 77.11
73.62 76.71
73.26 76.33
72.93 75.96
72.61 75.59
72.29 75.21
71.97 74.82
71.64 74.42
71.3 74.02
70.95 73.61
70.59 73.22
70.26 72.83
69.95 72.48
69.68 72.15
69.45 71.84
69.26 71.56
69.09 71.3
68.95 71.04
68.82 70.8
68.69 70.55
68.56 70.31
68.42 70.06
68.25 69.82
68.09 69.57
67.93 69.33
67.75 69.09
67.54 68.85
67.3 68.61
67.05 68.37
66.79 68.13
66.55 67.9
66.34 67.69
66.18 67.5
66.03 67.33
65.9 67.17
65.81 67.03
65.72 66.89
65.61 66.74
65.48 66.58
65.32 66.41
65.14 66.22
64.93 66.02
64.72 65.81
64.51 65.61
64.28 65.41
64.04 65.22
63.85 65.06
63.71 64.95
63.7 64.9
63.59 64.91
63.36 64.86
63.17 64.66
63.0 64.52
62.83 64.3
