74.0 75.54
75.93 76.53
78.92 78.12
83.03 80.32
88.15 83.07
94.02 86.25
100.32 89.66
106.65 93.09
112.64 96.33
117.97 99.24
122.4 101.72
125.79 103.76
128.14 105.37
129.5 106.62
130.0 107.61
129.76 108.42
128.97 109.12
127.74 109.77
126.2 110.4
124.44 111.03
122.59 111.62
120.71 112.18
118.85 112.67
117.07 113.07
115.38 113.36
113.75 113.52
112.15 113.53
110.55 113.37
108.87 113.01
107.06 112.43
105.09 111.62
102.94 110.6
100.67 109.38
98.34 108.03
96.08 106.63
94.01 105.23
92.25 103.93
90.85 102.74
89.87 101.71
89.26 100.82
88.99 100.04
88.95 99.33
89.08 98.66
89.31 97.99
89.56 97.32
89.8 96.63
90.0 95.93
90.15 95.23
90.26 94.54
90.31 93.87
90.28 93.25
90.19 92.66
90.01 92.1
89.73 91.57
89.37 91.05
88.92 90.53
88.41 90.01
87.83 89.48
87.18 88.94
86.47 88.4
85.72 87.86
84.95 87.32
84.18 86.79
83.42 86.29
82.69 85.8
81.99 85.32
81.34 84.87
80.74 84.43
80.2 84.0
79.72 83.58
79.28 83.16
78.87 82.73
78.46 82.28
78.05 81.82
77.62 81.34
77.18 80.86
76.75 80.36
76.31 79.87
75.9 79.38
75.52 78.91
75.15 78.45
74.79 78.0
74.46 77.57
74.13 77.15
73.8 76.74
73.5 76.35
73.27 76.02
73.18 75.78
73.25 75.69
73.35 75.61
73.68 75.59
