76.0 80.1
81.48 82.82
90.79 87.55
103.95 94.35
120.1 102.8
137.41 112.05
153.85 121.08
167.95 128.94
178.81 135.02
186.07 139.13
189.93 141.49
191.0 142.59
189.98 142.97
187.56 143.14
184.29 143.42
180.59 144.0
176.72 144.92
172.84 146.16
169.03 147.62
165.31 149.17
161.68 150.63
158.12 151.83
154.61 152.59
151.11 152.82
147.58 152.48
143.93 151.63
140.09 150.34
135.9 148.66
131.25 146.61
126.08 144.15
120.45 141.27
114.56 138.01
108.67 134.48
103.13 130.84
98.21 127.26
94.12 123.92
90.94 120.9
88.7 118.24
87.31 115.92
86.66 113.87
86.57 112.03
86.87 110.3
87.37 108.62
87.93 106.93
88.42 105.2
88.75 103.42
88.9 101.6
88.84 99.78
88.61 98.01
88.24 96.32
87.75 94.76
87.17 93.33
86.53 92.04
85.83 90.85
85.07 89.74
84.27 88.71
83.45 87.72
82.61 86.79
81.76 85.9
80.88 85.05
79.99 84.23
79.08 83.43
78.14 82.66
77.2 81.89
76.25 81.15
75.33 80.48
74.62 80.02
74.46 79.99
74.36 80.26
