88.0 88.4
91.25 90.15
96.66 93.03
104.33 97.11
113.82 102.22
124.36 107.98
135.01 113.88
144.87 119.41
153.2 124.14
159.46 127.78
163.39 130.26
165.0 131.63
164.52 132.1
162.36 131.92
158.97 131.37
154.81 130.72
150.31 130.16
145.76 129.83
141.4 129.77
137.38 129.96
133.74 130.31
130.47 130.69
127.58 130.98
125.03 131.08
122.81 130.97
120.9 130.66
119.28 130.17
117.89 129.56
116.61 128.81
115.34 127.93
113.97 126.87
112.47 125.64
110.86 124.23
109.22 122.69
107.64 121.09
106.26 119.5
105.15 117.99
104.37 116.63
103.98 115.46
104.0 114.5
104.39 113.75
105.11 113.21
106.08 112.85
107.21 112.62
108.4 112.47
109.58 112.37
110.66 112.26
111.6 112.13
112.34 111.95
112.84 111.72
113.07 111.44
113.03 111.12
112.76 110.77
112.29 110.4
111.66 110.02
110.89 109.63
110.0 109.22
109.02 108.8
107.96 108.36
106.87 107.91
105.78 107.46
104.71 107.0
103.66 106.54
102.66 106.07
101.71 105.59
100.81 105.09
99.96 104.58
99.17 104.05
98.4 103.49
97.66 102.91
96.93 102.31
96.24 101.69
95.58 101.06
94.97 100.42
94.39 99.78
93.84 99.15
93.35 98.54
92.91 97.94
92.52 97.38
92.19 96.83
91.9 96.29
91.63 95.78
91.39 95.28
91.18 94.8
90.97 94.35
90.77 93.92
90.56 93.49
90.31 93.08
90.02 92.66
89.7 92.24
89.36 91.83
89.06 91.44
88.79 91.08
88.57 90.75
88.38 90.47
88.23 90.21
88.1 89.97
87.95 89.73
87.79 89.5
87.61 89.27
87.43 89.05
87.27 88.83
87.13 88.64
87.03 88.46
86.97 88.31
86.93 88.19
86.94 88.1
86.9 88.01
86.97 88.04
87.37 88.29
87.74 88.65
