71.0 71.41
72.09 72.02
73.77 72.95
76.1 74.23
79.02 75.84
82.43 77.71
86.16 79.75
89.98 81.84
93.68 83.86
97.01 85.7
99.78 87.28
101.87 88.55
103.25 89.51
103.92 90.2
104.0 90.67
103.6 91.0
102.85 91.27
101.9 91.54
100.86 91.85
99.81 92.23
98.81 92.65
97.9 93.11
97.06 93.56
96.31 93.98
95.66 94.36
95.11 94.68
94.66 94.95
94.29 95.16
93.99 95.31
93.71 95.39
93.43 95.39
93.09 95.29
92.65 95.09
92.1 94.77
91.43 94.35
90.65 93.83
89.79 93.24
88.9 92.6
88.02 91.95
87.19 91.31
86.42 90.69
85.76 90.13
85.23 89.63
84.85 89.2
84.64 88.85
84.6 88.58
84.72 88.38
84.97 88.24
85.33 88.16
85.75 88.1
86.18 88.04
86.57 87.96
86.87 87.85
87.06 87.69
87.12 87.49
87.06 87.26
86.92 87.01
86.72 86.76
86.46 86.51
86.17 86.27
85.85 86.04
85.48 85.81
85.08 85.58
84.66 85.34
84.22 85.1
83.77 84.85
83.31 84.6
82.85 84.34
82.39 84.07
81.94 83.79
81.5 83.52
81.09 83.24
80.71 82.97
80.37 82.71
80.06 82.46
79.78 82.19
79.5 81.92
79.23 81.64
78.95 81.35
78.68 81.05
78.45 80.77
78.26 80.5
78.11 80.26
77.99 80.03
77.87 79.82
77.76 79.6
77.63 79.37
77.47 79.13
77.31 78.89
77.13 78.64
76.97 78.41
76.83 78.19
76.7 77.98
76.57 77.78
76.43 77.59
76.28 77.4
76.1 77.22
75.91 77.03
75.7 76.84
75.5 76.65
75.3 76.47
75.1 76.29
74.93 76.11
74.76 75.94
74.6 75.78
74.46 75.62
74.31 75.46
74.17 75.31
74.03 75.16
73.9 75.02
73.78 74.88
73.66 74.73
73.52 74.57
73.37 74.41
73.22 74.25
73.07 74.09
72.94 73.94
72.82 73.79
72.72 73.66
72.61 73.53
72.48 73.4
72.36 73.26
72.23 73.13
72.11 73.0
72.0 72.87
71.9 72.75
71.81 72.64
71.71 72.53
71.59 72.41
71.46 72.27
71.32 72.13
71.17 71.98
70.99 71.83
70.83 71.68
70.68 71.53
70.55 71.41
70.48 71.32
70.46 71.27
70.41 71.31
70.46 71.32
70.58 71.36
70.75 71.48
