102.0 102.67
103.74 103.61
106.42 105.06
110.1 107.06
114.69 109.57
120.0 112.47
125.75 115.62
131.62 118.85
137.28 122.0
142.53 124.96
147.2 127.67
151.26 130.14
154.71 132.39
157.6 134.5
160.0 136.52
161.96 138.49
163.54 140.45
164.8 142.41
165.78 144.35
166.53 146.29
167.07 148.18
167.45 150.01
167.71 151.76
167.87 153.41
167.97 154.95
168.0 156.36
167.95 157.66
167.8 158.82
167.55 159.84
167.18 160.72
166.71 161.45
166.09 162.0
165.31 162.35
164.27 162.45
162.89 162.27
161.08 161.76
158.83 160.95
156.25 159.86
153.46 158.58
150.65 157.21
148.01 155.85
145.68 154.58
143.69 153.43
142.07 152.41
140.77 151.49
139.72 150.62
138.87 149.76
138.14 148.88
137.48 147.95
136.87 146.97
136.29 145.95
135.7 144.89
135.12 143.8
134.52 142.69
133.91 141.59
133.28 140.52
132.65 139.48
132.0 138.48
131.34 137.52
130.67 136.6
130.0 135.69
129.28 134.79
128.54 133.89
127.77 132.99
126.99 132.09
126.2 131.22
125.43 130.38
124.68 129.58
123.94 128.82
123.21 128.08
122.5 127.37
121.8 126.67
121.11 125.98
120.44 125.3
119.78 124.62
119.12 123.95
118.48 123.29
117.88 122.64
117.32 122.01
116.79 121.39
116.3 120.8
115.81 120.21
115.34 119.64
114.87 119.08
114.44 118.53
114.04 118.0
113.68 117.49
113.34 117.0
113.0 116.52
112.66 116.04
112.29 115.56
111.92 115.09
111.53 114.61
111.14 114.15
110.78 113.71
110.44 113.29
110.13 112.89
109.83 112.5
109.53 112.12
109.2 111.74
108.85 111.34
108.47 110.94
108.09 110.54
107.7 110.15
107.33 109.76
106.95 109.39
106.59 109.02
106.24 108.67
105.92 108.34
105.62 108.02
105.35 107.71
105.12 107.42
104.89 107.14
104.67 106.86
104.47 106.6
104.3 106.34
104.16 106.1
104.03 105.86
103.91 105.64
103.79 105.43
103.64 105.21
103.48 104.99
103.3 104.76
103.12 104.52
102.91 104.27
102.68 104.02
102.44 103.77
102.18 103.52
101.91 103.28
101.66 103.05
101.43 102.84
101.24 102.65
101.09 102.48
101.03 102.36
101.12 102.32
101.42 102.4
101.67 102.6
101.65 102.82
101.39 102.68
