67.99 69.37
70.01 70.38
73.31 72.11
77.87 74.54
83.4 77.51
89.45 80.82
95.63 84.21
101.6 87.48
107.05 90.47
111.78 93.1
115.7 95.36
118.79 97.29
121.12 98.97
122.83 100.47
124.03 101.89
124.85 103.3
125.39 104.76
125.73 106.29
125.92 107.89
125.99 109.52
125.98 111.13
125.89 112.64
125.7 114.02
125.41 115.23
125.01 116.26
124.48 117.11
123.82 117.8
123.01 118.33
122.05 118.69
120.9 118.86
119.52 118.83
117.89 118.57
116.0 118.08
113.9 117.36
111.63 116.45
109.28 115.39
106.96 114.24
104.76 113.06
102.76 111.9
101.02 110.79
99.54 109.75
98.3 108.77
97.26 107.82
96.37 106.88
95.59 105.93
94.89 104.95
94.24 103.96
93.64 102.94
93.06 101.92
92.52 100.89
91.99 99.86
91.44 98.85
90.88 97.84
90.28 96.85
89.63 95.88
88.96 94.94
88.3 94.03
87.63 93.15
87.0 92.31
86.38 91.5
85.78 90.73
85.18 89.98
84.59 89.27
84.03 88.58
83.48 87.92
82.93 87.28
82.37 86.65
81.81 86.02
81.24 85.4
80.67 84.79
80.15 84.2
79.63 83.64
79.15 83.11
78.71 82.6
78.28 82.1
77.85 81.62
77.46 81.13
77.07 80.65
76.69 80.17
76.31 79.7
75.92 79.22
75.53 78.75
75.14 78.29
74.75 77.84
74.37 77.41
74.03 77.01
73.73 76.64
73.49 76.3
73.28 75.99
73.1 75.69
72.92 75.39
72.73 75.1
72.53 74.79
72.33 74.48
72.11 74.17
71.89 73.86
71.66 73.56
71.42 73.25
71.16 72.95
70.88 72.66
70.58 72.36
70.29 72.08
70.0 71.8
69.7 71.53
69.38 71.24
68.99 70.93
68.59 70.63
68.37 70.42
68.14 70.43
68.06 70.39
68.2 70.58
