75.0 75.31
77.01 76.43
80.27 78.2
84.84 80.68
90.6 83.8
97.16 87.39
104.05 91.2
110.76 94.93
116.82 98.34
121.87 101.22
125.65 103.47
128.03 105.06
129.0 106.03
128.67 106.48
127.26 106.55
125.05 106.38
122.33 106.13
119.39 105.94
116.48 105.89
113.82 106.05
111.52 106.43
109.68 106.99
108.31 107.67
107.44 108.42
107.04 109.19
107.07 109.95
107.46 110.69
108.11 111.39
108.92 112.02
109.78 112.56
110.61 112.98
111.29 113.24
111.76 113.33
111.97 113.23
111.83 112.92
111.3 112.4
110.4 111.68
109.16 110.79
107.68 109.78
106.11 108.74
104.58 107.74
103.21 106.86
102.09 106.15
101.29 105.62
100.79 105.27
100.61 105.08
100.68 105.01
100.96 105.01
101.38 105.04
101.88 105.08
102.37 105.1
102.83 105.06
103.2 104.97
103.46 104.81
103.59 104.59
103.58 104.32
103.44 104.01
103.15 103.66
102.73 103.28
102.2 102.88
101.57 102.46
100.89 102.01
100.16 101.56
99.43 101.12
98.73 100.68
98.05 100.27
97.42 99.88
96.85 99.51
96.34 99.16
95.86 98.83
95.41 98.5
95.0 98.17
94.62 97.84
94.24 97.5
93.88 97.14
93.55 96.78
93.22 96.42
92.91 96.05
92.64 95.7
92.41 95.36
92.2 95.03
92.03 94.72
91.86 94.42
91.68 94.11
91.47 93.81
91.27 93.49
91.04 93.17
90.81 92.85
90.58 92.54
90.33 92.23
90.09 91.94
89.87 91.65
89.63 91.38
89.41 91.13
89.2 90.88
88.99 90.65
88.78 90.42
88.57 90.19
88.35 89.96
88.12 89.73
87.88 89.5
87.63 89.26
87.39 89.01
87.13 88.77
86.88 88.54
86.64 88.3
86.41 88.08
86.19 87.86
85.99 87.65
85.8 87.44
85.6 87.23
85.4 87.02
85.19 86.8
84.98 86.58
84.76 86.35
84.53 86.12
84.31 85.89
84.09 85.66
83.87 85.44
83.67 85.24
83.48 85.04
83.28 84.83
83.08 84.63
82.87 84.42
82.66 84.2
82.43 83.97
82.19 83.74
81.94 83.5
81.67 83.25
81.39 83.0
81.1 82.75
80.83 82.5
80.57 82.26
80.33 82.03
80.11 81.81
79.89 81.6
79.67 81.39
79.47 81.18
79.27 80.97
79.07 80.76
78.89 80.55
78.72 80.34
78.57 80.15
78.43 79.97
78.31 79.79
78.21 79.63
78.13 79.47
78.03 79.31
77.94 79.16
77.84 79.01
77.72 78.85
77.58 78.69
77.45 78.53
77.31 78.37
77.18 78.22
77.07 78.07
76.97 77.94
76.87 77.82
76.76 77.7
76.65 77.57
76.54 77.45
76.49 77.36
76.49 77.29
76.18 76.97
75.88 76.67
75.57 76.37
75.23 76.06
74.92 75.79
75.04 75.8
74.93 75.6
74.9 75.47
74.79 75.28
