73.0 73.99
74.72 74.92
77.44 76.4
81.22 78.45
85.93 81.0
91.29 83.91
96.97 87.0
102.58 90.05
107.82 92.91
112.41 95.45
116.19 97.61
119.09 99.39
121.12 100.83
122.36 102.01
122.94 103.01
122.99 103.91
122.67 104.78
122.07 105.66
121.28 106.56
120.38 107.48
119.44 108.4
118.49 109.29
117.56 110.12
116.68 110.87
115.86 111.51
115.06 112.05
114.29 112.48
113.53 112.81
112.77 113.01
112.0 113.11
111.19 113.08
110.32 112.9
109.3 112.53
108.04 111.95
106.48 111.13
104.6 110.07
102.44 108.79
100.13 107.38
97.81 105.91
95.65 104.47
93.77 103.15
92.21 101.97
91.0 100.95
90.11 100.07
89.48 99.28
89.07 98.55
88.81 97.85
88.63 97.14
88.47 96.4
88.28 95.62
88.02 94.8
87.69 93.93
87.29 93.04
86.84 92.15
86.36 91.29
85.84 90.47
85.31 89.68
84.75 88.93
84.17 88.22
83.58 87.52
82.98 86.84
82.38 86.18
81.78 85.53
81.18 84.91
80.58 84.29
79.98 83.7
79.39 83.11
78.81 82.55
78.27 82.01
77.78 81.5
77.36 81.02
76.98 80.58
76.63 80.15
76.3 79.73
75.97 79.32
75.63 78.9
75.3 78.48
74.97 78.07
74.68 77.68
74.43 77.31
74.22 76.96
74.07 76.64
73.95 76.34
73.84 76.06
73.71 75.78
73.56 75.5
73.38 75.21
73.17 74.92
72.93 74.64
72.69 74.37
72.53 74.18
72.39 74.04
72.28 73.83
72.44 73.73
72.52 73.61
