79.0 79.99
80.26 80.71
82.22 81.81
84.92 83.33
88.28 85.2
92.14 87.34
96.32 89.63
100.6 91.97
104.78 94.23
108.68 96.33
112.09 98.23
114.92 99.89
117.15 101.33
118.82 102.59
120.02 103.74
120.87 104.84
121.48 105.96
121.93 107.14
122.29 108.38
122.58 109.66
122.8 110.93
122.95 112.16
123.0 113.28
122.92 114.28
122.71 115.14
122.38 115.85
121.92 116.42
121.34 116.87
120.67 117.2
119.91 117.43
119.08 117.55
118.19 117.58
117.24 117.5
116.21 117.3
115.08 116.97
113.82 116.49
112.42 115.86
110.89 115.09
109.29 114.22
107.68 113.29
106.16 112.36
104.8 111.48
103.65 110.67
102.72 109.94
102.01 109.3
101.51 108.72
101.16 108.18
100.94 107.66
100.8 107.15
100.71 106.62
100.63 106.09
100.58 105.55
100.51 105.01
100.43 104.47
100.33 103.94
100.21 103.42
100.07 102.94
99.93 102.49
99.77 102.07
99.59 101.68
99.4 101.31
99.18 100.95
98.91 100.58
98.61 100.2
98.26 99.82
97.88 99.44
97.47 99.06
97.02 98.68
96.54 98.3
96.05 97.92
95.54 97.54
95.01 97.15
94.48 96.76
93.94 96.36
93.4 95.96
92.88 95.57
92.38 95.17
91.89 94.79
91.44 94.4
91.02 94.01
90.62 93.63
90.24 93.25
89.88 92.87
89.54 92.49
89.2 92.11
88.87 91.73
88.53 91.34
88.18 90.94
87.82 90.53
87.45 90.13
87.08 89.72
86.71 89.33
86.35 88.93
85.98 88.55
85.62 88.17
85.28 87.81
84.96 87.46
84.67 87.12
84.4 86.8
84.14 86.48
83.88 86.16
83.61 85.84
83.32 85.51
83.03 85.18
82.74 84.85
82.45 84.53
82.19 84.23
81.94 83.94
81.69 83.66
81.45 83.38
81.19 83.1
80.92 82.81
80.65 82.53
80.38 82.25
80.12 81.98
79.88 81.72
79.67 81.48
79.49 81.26
79.32 81.06
79.21 80.91
79.1 80.8
78.98 80.65
78.89 80.61
78.87 80.57
78.88 80.62
