73.0 73.56
74.63 74.5
77.09 75.91
80.47 77.84
84.79 80.28
89.91 83.13
95.57 86.25
101.38 89.41
106.91 92.41
111.73 95.03
115.54 97.15
118.18 98.7
119.62 99.73
120.0 100.34
119.5 100.66
118.37 100.84
116.81 101.0
115.04 101.22
113.21 101.54
111.4 101.96
109.69 102.44
108.1 102.96
106.65 103.45
105.34 103.87
104.14 104.18
103.06 104.37
102.07 104.42
101.16 104.34
100.28 104.14
99.39 103.82
98.43 103.35
97.33 102.72
96.04 101.92
94.53 100.94
92.83 99.79
91.02 98.53
89.19 97.2
87.45 95.88
85.91 94.65
84.64 93.54
83.71 92.6
83.13 91.83
82.91 91.23
83.0 90.77
83.35 90.42
83.88 90.14
84.51 89.9
85.17 89.65
85.8 89.38
86.33 89.07
86.72 88.72
86.97 88.32
87.04 87.89
86.95 87.45
86.73 87.0
86.41 86.57
86.0 86.15
85.53 85.76
85.01 85.37
84.45 85.0
83.86 84.63
83.24 84.26
82.59 83.89
81.93 83.5
81.25 83.11
80.58 82.71
79.9 82.3
79.24 81.88
78.59 81.45
77.96 81.03
77.35 80.59
76.78 80.16
76.24 79.73
75.74 79.31
75.29 78.89
74.9 78.49
74.55 78.09
74.26 77.7
73.99 77.32
73.75 76.94
73.51 76.55
73.27 76.16
73.03 75.78
72.8 75.4
72.56 75.03
72.33 74.67
72.09 74.31
71.83 73.96
71.56 73.6
71.29 73.26
71.01 72.93
70.76 72.62
70.53 72.33
70.34 72.08
70.2 71.87
70.12 71.71
70.15 71.63
70.38 71.69
70.94 71.96
71.69 72.22
