89.0 90.23
90.48 91.02
92.77 92.25
95.91 93.94
99.84 96.07
104.39 98.53
109.3 101.19
114.26 103.87
118.96 106.41
123.09 108.65
126.42 110.52
128.83 111.96
130.33 113.02
131.0 113.76
130.99 114.29
130.48 114.71
129.62 115.11
128.56 115.54
127.39 116.04
126.18 116.59
124.99 117.18
123.86 117.77
122.79 118.33
121.81 118.82
120.9 119.22
120.03 119.51
119.15 119.64
118.2 119.59
117.07 119.33
115.73 118.86
114.15 118.18
112.37 117.32
110.48 116.34
108.6 115.3
106.87 114.28
105.37 113.33
104.18 112.49
103.32 111.77
102.78 111.16
102.52 110.65
102.51 110.21
102.67 109.82
102.94 109.44
103.27 109.05
103.61 108.64
103.91 108.2
104.11 107.72
104.2 107.2
104.17 106.66
104.02 106.11
103.75 105.55
103.38 105.0
102.93 104.47
102.41 103.95
101.85 103.44
101.25 102.95
100.64 102.46
100.01 101.98
99.39 101.52
98.77 101.08
98.16 100.65
97.58 100.23
97.01 99.81
96.46 99.41
95.96 99.02
95.49 98.63
95.07 98.26
94.7 97.91
94.37 97.56
94.08 97.23
93.82 96.9
93.59 96.57
93.38 96.24
93.18 95.92
92.99 95.59
92.79 95.26
92.58 94.93
92.37 94.61
92.15 94.28
91.93 93.96
91.69 93.64
91.45 93.33
91.2 93.02
90.93 92.71
90.68 92.42
90.43 92.15
90.21 91.9
90.02 91.68
89.89 91.52
89.83 91.42
89.77 91.28
89.65 91.16
89.6 91.06
89.52 91.0
89.31 90.76
89.15 90.6
89.01 90.49
88.83 90.29
88.7 89.83
