72.0 73.57
73.72 74.48
76.39 75.92
80.0 77.88
84.45 80.33
89.57 83.14
95.16 86.2
101.01 89.39
106.86 92.56
112.44 95.58
117.45 98.32
121.57 100.68
124.59 102.56
126.4 103.93
127.0 104.84
126.53 105.35
125.19 105.6
123.23 105.71
120.87 105.78
118.33 105.86
115.74 105.99
113.2 106.15
110.76 106.31
108.47 106.44
106.34 106.51
104.37 106.49
102.53 106.36
100.8 106.08
99.13 105.64
97.49 105.02
95.84 104.23
94.2 103.3
92.59 102.26
91.02 101.14
89.52 99.99
88.11 98.81
86.82 97.63
85.66 96.45
84.64 95.3
83.81 94.18
83.17 93.13
82.72 92.16
82.46 91.28
82.38 90.49
82.45 89.78
82.62 89.15
82.89 88.59
83.2 88.09
83.54 87.63
83.87 87.21
84.17 86.82
84.43 86.46
84.62 86.12
84.73 85.79
84.76 85.47
84.72 85.15
84.59 84.85
84.37 84.55
84.08 84.25
83.71 83.94
83.26 83.62
82.76 83.29
82.21 82.94
81.61 82.59
80.98 82.22
80.32 81.85
79.66 81.48
79.0 81.12
78.37 80.76
77.8 80.42
77.29 80.09
76.83 79.75
76.39 79.42
75.97 79.07
75.56 78.7
75.12 78.3
74.66 77.87
74.21 77.44
73.77 77.0
73.38 76.58
73.04 76.19
72.77 75.83
72.55 75.49
72.35 75.17
72.15 74.84
71.92 74.51
71.66 74.17
71.4 73.87
71.23 73.65
71.34 73.59
71.68 73.75
72.27 74.09
