62.0 66.62
66.71 69.18
74.47 73.44
85.48 79.46
99.35 86.94
114.91 95.33
130.82 103.89
145.86 111.9
158.86 118.74
168.96 124.06
175.82 127.82
179.66 130.23
181.0 131.68
180.43 132.57
178.51 133.28
175.67 134.05
172.24 135.01
168.42 136.18
164.37 137.49
160.2 138.82
155.97 140.05
151.74 141.05
147.55 141.72
143.41 141.96
139.3 141.76
135.17 141.1
130.96 140.01
126.58 138.52
122.0 136.66
117.21 134.45
112.22 131.93
107.13 129.13
102.06 126.09
97.15 122.89
92.55 119.6
88.38 116.3
84.72 113.09
81.63 110.02
79.15 107.14
77.26 104.48
75.94 102.03
75.14 99.79
74.78 97.73
74.78 95.82
75.05 94.04
75.48 92.37
76.01 90.79
76.57 89.3
77.09 87.88
77.52 86.54
77.84 85.27
78.03 84.07
78.06 82.94
77.96 81.88
77.74 80.88
77.4 79.96
77.0 79.12
76.56 78.37
76.09 77.71
75.6 77.12
75.11 76.59
74.6 76.11
74.06 75.66
73.49 75.22
72.88 74.78
72.21 74.32
71.48 73.84
70.68 73.32
69.82 72.77
68.91 72.17
67.97 71.54
67.0 70.89
66.03 70.23
65.08 69.56
64.16 68.89
63.3 68.22
62.48 67.57
61.76 66.95
61.19 66.42
60.84 66.02
60.64 65.73
60.39 65.43
60.34 65.2
