68.99 70.16
70.23 70.84
72.28 71.95
75.18 73.5
78.74 75.43
82.7 77.57
86.74 79.78
90.62 81.91
94.23 83.92
97.61 85.8
100.83 87.61
103.86 89.37
106.6 91.05
108.84 92.58
110.36 93.85
111.0 94.78
110.71 95.33
109.6 95.55
107.86 95.53
105.7 95.36
103.33 95.14
100.9 94.92
98.52 94.72
96.28 94.53
94.2 94.34
92.29 94.12
90.54 93.88
88.88 93.56
87.28 93.15
85.67 92.59
84.04 91.87
82.4 90.99
80.81 89.98
79.36 88.93
78.11 87.9
77.13 86.96
76.43 86.14
76.01 85.44
75.84 84.83
75.88 84.3
76.09 83.81
76.44 83.36
76.91 82.94
77.45 82.55
78.05 82.19
78.65 81.87
79.21 81.56
79.7 81.26
80.07 80.96
80.3 80.67
80.43 80.38
80.45 80.11
80.37 79.85
80.2 79.61
79.97 79.38
79.68 79.16
79.33 78.94
78.93 78.72
78.51 78.51
78.07 78.3
77.62 78.1
77.16 77.91
76.7 77.72
76.27 77.53
75.85 77.34
75.47 77.14
75.12 76.94
74.79 76.74
74.47 76.51
74.15 76.28
73.82 76.02
73.48 75.73
73.14 75.43
72.79 75.12
72.46 74.8
72.14 74.48
71.83 74.16
71.52 73.84
71.21 73.52
70.9 73.19
70.59 72.87
70.28 72.55
69.98 72.23
69.73 71.93
69.5 71.66
69.31 71.4
69.17 71.17
69.06 70.96
68.98 70.78
68.94 70.63
69.0 70.55
69.18 70.52
69.48 70.54
