90.0 92.13
91.72 92.99
94.49 94.43
98.34 96.45
103.14 98.99
108.58 101.88
114.3 104.93
119.91 107.91
125.08 110.65
129.52 113.01
133.02 114.91
135.44 116.33
136.74 117.29
137.0 117.84
136.3 118.08
134.83 118.08
132.78 117.95
130.34 117.77
127.66 117.59
124.91 117.46
122.22 117.36
119.66 117.3
117.29 117.23
115.17 117.14
113.31 117.01
111.7 116.82
110.3 116.56
109.05 116.2
107.88 115.72
106.69 115.09
105.45 114.31
104.14 113.37
102.82 112.33
101.55 111.24
100.41 110.15
99.47 109.13
98.78 108.2
98.37 107.39
98.24 106.73
98.41 106.2
98.87 105.82
99.59 105.57
100.53 105.44
101.6 105.39
102.73 105.39
103.83 105.4
104.82 105.39
105.65 105.34
106.27 105.22
106.65 105.06
106.79 104.84
106.67 104.57
106.33 104.26
105.79 103.92
105.07 103.55
104.24 103.16
103.32 102.76
102.36 102.38
101.42 102.01
100.5 101.67
99.63 101.35
98.84 101.04
98.11 100.74
97.46 100.44
96.87 100.14
96.33 99.83
95.85 99.5
95.41 99.16
94.99 98.8
94.59 98.42
94.18 98.01
93.78 97.57
93.38 97.12
92.97 96.65
92.56 96.17
92.15 95.69
91.74 95.2
91.32 94.71
90.9 94.23
90.51 93.77
90.18 93.36
89.99 93.01
89.93 92.71
89.9 92.59
90.04 92.48
