66.99 68.77
68.68 69.67
71.45 71.15
75.31 73.23
80.11 75.82
85.51 78.74
91.16 81.79
96.7 84.78
101.82 87.52
106.28 89.92
109.95 91.94
112.74 93.58
114.63 94.88
115.69 95.9
116.0 96.7
115.67 97.35
114.82 97.89
113.59 98.4
112.11 98.89
110.5 99.39
108.84 99.9
107.21 100.39
105.66 100.83
104.19 101.19
102.82 101.47
101.54 101.64
100.35 101.73
99.26 101.73
98.23 101.65
97.26 101.48
96.33 101.21
95.4 100.83
94.42 100.3
93.33 99.61
92.09 98.75
90.67 97.72
89.12 96.56
87.53 95.33
85.99 94.09
84.62 92.91
83.49 91.84
82.6 90.91
81.98 90.11
81.62 89.44
81.5 88.89
81.6 88.44
81.9 88.08
82.38 87.79
82.96 87.57
83.61 87.38
84.27 87.21
84.88 87.03
85.4 86.83
85.8 86.61
86.04 86.35
86.12 86.07
86.04 85.76
85.79 85.42
85.41 85.07
84.93 84.7
84.35 84.32
83.73 83.94
83.06 83.57
82.37 83.21
81.66 82.85
80.94 82.49
80.22 82.13
79.5 81.75
78.8 81.37
78.1 80.96
77.42 80.54
76.75 80.11
76.11 79.66
75.48 79.2
74.89 78.74
74.33 78.27
73.81 77.81
73.32 77.34
72.88 76.89
72.48 76.43
72.1 75.98
71.75 75.53
71.43 75.09
71.12 74.66
70.83 74.22
70.55 73.8
70.28 73.38
70.0 72.96
69.72 72.55
69.43 72.15
69.14 71.75
68.83 71.35
68.5 70.95
68.16 70.55
67.81 70.17
67.5 69.81
67.32 69.54
67.23 69.35
67.19 69.3
67.32 69.4
