60.0 60.68
61.38 61.44
63.48 62.6
66.3 64.17
69.8 66.11
73.84 68.35
78.29 70.81
82.95 73.38
87.6 75.93
92.0 78.37
95.92 80.59
99.17 82.52
101.61 84.1
103.2 85.33
103.97 86.24
104.0 86.9
103.42 87.38
102.42 87.78
101.13 88.15
99.69 88.53
98.21 88.95
96.73 89.38
95.3 89.8
93.94 90.18
92.65 90.5
91.44 90.75
90.32 90.92
89.31 91.0
88.38 91.0
87.55 90.92
86.81 90.77
86.14 90.56
85.55 90.3
85.01 89.97
84.48 89.58
83.92 89.1
83.29 88.53
82.55 87.84
81.7 87.05
80.76 86.18
79.77 85.26
78.8 84.34
77.89 83.46
77.09 82.64
76.42 81.9
75.88 81.24
75.47 80.67
75.19 80.16
75.03 79.72
74.97 79.34
75.01 79.01
75.13 78.72
75.31 78.48
75.54 78.26
75.8 78.06
76.05 77.88
76.3 77.71
76.49 77.54
76.62 77.37
76.69 77.19
76.68 77.0
76.58 76.79
76.4 76.56
76.15 76.31
75.82 76.05
75.44 75.78
75.02 75.5
74.57 75.23
74.11 74.95
73.63 74.68
73.13 74.41
72.64 74.13
72.13 73.84
71.63 73.54
71.12 73.22
70.63 72.9
70.14 72.57
69.67 72.22
69.2 71.87
68.74 71.51
68.29 71.14
67.86 70.76
67.44 70.38
67.04 70.0
66.65 69.62
66.28 69.23
65.91 68.84
65.54 68.45
65.18 68.06
64.84 67.67
64.51 67.28
64.2 66.91
63.91 66.55
63.64 66.21
63.38 65.88
63.14 65.55
62.91 65.24
62.68 64.93
62.46 64.62
62.25 64.33
62.04 64.04
61.84 63.77
61.66 63.5
61.48 63.25
61.31 63.01
61.14 62.77
60.98 62.54
60.82 62.32
60.65 62.11
60.49 61.89
60.32 61.68
60.15 61.47
59.98 61.27
59.83 61.09
59.69 60.94
59.53 60.79
59.45 60.65
59.47 60.57
59.42 60.46
59.36 60.28
59.36 60.16
