73.0 75.23
74.99 76.28
78.3 78.04
82.96 80.53
88.78 83.64
95.33 87.15
102.12 90.8
108.7 94.33
114.71 97.53
119.89 100.28
124.07 102.55
127.15 104.35
129.11 105.72
130.0 106.73
129.91 107.44
129.0 107.94
127.43 108.27
125.35 108.52
122.94 108.72
120.34 108.92
117.68 109.11
115.07 109.3
112.63 109.45
110.39 109.56
108.37 109.59
106.54 109.52
104.81 109.32
103.09 108.95
101.3 108.36
99.4 107.56
97.38 106.54
95.33 105.35
93.32 104.06
91.44 102.74
89.8 101.47
88.45 100.28
87.41 99.19
86.7 98.23
86.33 97.37
86.27 96.63
86.49 96.0
86.94 95.46
87.59 95.0
88.37 94.63
89.24 94.3
90.12 94.02
90.98 93.75
91.75 93.48
92.39 93.21
92.84 92.92
93.09 92.6
93.11 92.24
92.91 91.86
92.51 91.45
91.96 91.02
91.28 90.59
90.53 90.17
89.71 89.74
88.85 89.32
87.95 88.9
87.03 88.47
86.12 88.05
85.24 87.62
84.41 87.2
83.6 86.77
82.81 86.33
82.05 85.87
81.33 85.38
80.65 84.89
80.01 84.39
79.43 83.9
78.89 83.41
78.4 82.91
77.94 82.42
77.51 81.91
77.08 81.39
76.67 80.85
76.26 80.31
75.88 79.78
75.51 79.26
75.15 78.75
74.78 78.24
74.39 77.74
73.97 77.23
73.55 76.72
73.12 76.22
72.73 75.76
72.4 75.35
72.19 75.05
72.19 74.94
72.45 74.93
72.95 75.03
