64.0 68.49
66.39 69.72
70.3 71.76
75.71 74.61
82.43 78.16
90.06 82.18
98.09 86.4
106.1 90.57
113.68 94.5
120.54 98.07
126.47 101.23
131.39 104.04
135.35 106.56
138.5 108.89
140.97 111.14
142.91 113.38
144.46 115.67
145.68 118.03
146.63 120.43
147.35 122.83
147.8 125.16
148.0 127.34
147.94 129.31
147.61 131.04
147.01 132.5
146.16 133.7
145.06 134.66
143.73 135.4
142.22 135.95
140.57 136.3
138.8 136.45
136.89 136.38
134.78 136.04
132.39 135.39
129.66 134.41
126.61 133.1
123.34 131.53
119.99 129.77
116.69 127.94
113.57 126.1
110.76 124.33
108.27 122.65
106.13 121.06
104.32 119.56
102.81 118.1
101.54 116.67
100.45 115.24
99.49 113.81
98.65 112.36
97.89 110.91
97.19 109.46
96.56 108.02
95.94 106.6
95.34 105.23
94.74 103.91
94.11 102.63
93.45 101.38
92.73 100.17
91.99 98.99
91.21 97.84
90.41 96.73
89.63 95.66
88.88 94.64
88.11 93.66
87.3 92.69
86.44 91.72
85.49 90.74
84.45 89.74
83.34 88.73
82.22 87.73
81.11 86.75
80.04 85.81
79.03 84.91
78.08 84.06
77.18 83.23
76.32 82.42
75.51 81.62
74.74 80.82
74.0 80.02
73.29 79.23
72.6 78.45
71.96 77.67
71.3 76.88
70.6 76.08
69.86 75.23
69.04 74.35
68.15 73.45
67.2 72.53
66.27 71.62
65.37 70.76
64.55 69.98
63.93 69.35
63.62 68.91
63.73 68.71
64.11 68.66
64.85 68.77
