80.0 80.27
81.22 80.97
83.01 81.99
85.43 83.37
88.54 85.14
92.33 87.25
96.63 89.62
101.17 92.1
105.57 94.51
109.46 96.65
112.54 98.39
114.64 99.66
115.76 100.47
116.0 100.92
115.54 101.12
114.61 101.21
113.37 101.29
111.98 101.44
110.59 101.69
109.28 102.06
108.11 102.52
107.11 103.05
106.26 103.59
105.55 104.1
104.95 104.54
104.43 104.88
103.97 105.09
103.52 105.17
103.06 105.11
102.51 104.93
101.83 104.61
100.98 104.14
99.9 103.53
98.61 102.77
97.15 101.88
95.59 100.9
94.02 99.89
92.58 98.91
91.36 98.03
90.44 97.29
89.86 96.7
89.63 96.28
89.72 96.0
90.06 95.82
90.58 95.7
91.2 95.61
91.83 95.5
92.41 95.35
92.89 95.13
93.21 94.85
93.36 94.49
93.32 94.09
93.11 93.64
92.74 93.16
92.25 92.69
91.66 92.22
91.03 91.77
90.37 91.34
89.71 90.93
89.04 90.54
88.4 90.16
87.76 89.78
87.13 89.4
86.52 89.01
85.94 88.63
85.39 88.25
84.88 87.88
84.42 87.52
84.01 87.18
83.65 86.85
83.33 86.52
83.03 86.2
82.76 85.88
82.51 85.56
82.3 85.24
82.13 84.93
81.99 84.64
81.87 84.35
81.78 84.08
81.68 83.82
81.6 83.56
81.52 83.32
81.46 83.09
81.4 82.88
81.35 82.69
81.29 82.5
81.22 82.32
81.14 82.15
81.04 81.97
80.91 81.79
80.76 81.6
80.57 81.41
80.36 81.22
80.14 81.03
79.92 80.85
79.72 80.68
79.54 80.53
79.39 80.39
79.27 80.28
79.17 80.19
79.12 80.13
79.15 80.13
79.32 80.21
79.69 80.42
80.37 80.82
