58.99 59.89
60.86 60.9
63.93 62.54
68.2 64.84
73.49 67.7
79.42 70.93
85.54 74.28
91.43 77.51
96.72 80.42
101.13 82.87
104.5 84.8
106.74 86.23
107.87 87.2
108.0 87.81
107.28 88.15
105.92 88.34
104.16 88.49
102.18 88.67
100.14 88.95
98.19 89.34
96.39 89.82
94.79 90.35
93.42 90.87
92.27 91.36
91.33 91.77
90.58 92.1
89.98 92.35
89.51 92.52
89.14 92.63
88.85 92.67
88.6 92.63
88.38 92.51
88.16 92.32
87.91 92.03
87.59 91.64
87.16 91.15
86.58 90.54
85.8 89.8
84.84 88.95
83.75 88.01
82.57 87.02
81.41 86.06
80.36 85.16
79.46 84.37
78.76 83.71
78.28 83.17
77.99 82.75
77.88 82.43
77.92 82.17
78.08 81.97
78.31 81.79
78.6 81.63
78.91 81.47
79.2 81.3
79.46 81.12
79.65 80.92
79.77 80.69
79.79 80.45
79.71 80.18
79.5 79.88
79.16 79.55
78.72 79.19
78.18 78.8
77.57 78.39
76.93 77.97
76.27 77.55
75.61 77.14
74.96 76.75
74.32 76.36
73.69 75.99
73.08 75.61
72.49 75.22
71.89 74.82
71.3 74.41
70.72 73.97
70.15 73.52
69.59 73.07
69.07 72.61
68.59 72.16
68.15 71.72
67.74 71.29
67.36 70.86
67.0 70.45
66.67 70.03
66.35 69.61
66.03 69.2
65.73 68.78
65.42 68.36
65.13 67.96
64.85 67.56
64.58 67.18
64.35 66.82
64.14 66.49
63.94 66.17
63.75 65.87
63.56 65.57
63.36 65.29
63.15 65.0
62.94 64.71
62.72 64.43
62.51 64.16
62.32 63.9
62.13 63.66
61.95 63.42
61.77 63.2
61.59 62.97
61.41 62.76
61.22 62.54
61.02 62.33
60.83 62.12
60.63 61.91
60.43 61.7
60.22 61.48
60.02 61.27
59.81 61.06
59.6 60.85
59.39 60.65
59.18 60.44
58.98 60.25
58.78 60.05
58.6 59.87
58.43 59.69
58.26 59.51
58.12 59.34
57.98 59.18
57.83 59.01
57.67 58.83
57.52 58.66
57.41 58.51
57.31 58.35
57.04 58.16
56.65 57.91
56.29 57.51
55.88 57.26
55.44 56.86
