80.0 82.72
82.56 84.01
87.14 86.32
93.85 89.74
102.21 94.04
111.26 98.78
119.82 103.35
126.88 107.2
131.95 110.0
135.07 111.72
136.61 112.59
137.0 112.93
136.6 113.1
135.68 113.32
134.39 113.69
132.8 114.19
130.92 114.75
128.8 115.29
126.46 115.78
123.98 116.19
121.44 116.5
118.96 116.69
116.59 116.72
114.39 116.57
112.4 116.26
110.62 115.84
109.06 115.37
107.7 114.94
106.54 114.55
105.55 114.19
104.7 113.79
103.94 113.28
103.18 112.58
102.31 111.66
101.23 110.49
99.87 109.1
98.25 107.52
96.47 105.85
94.69 104.19
93.14 102.67
91.98 101.38
91.32 100.39
91.18 99.71
91.51 99.31
92.21 99.12
93.16 99.06
94.24 99.06
95.34 99.06
96.38 99.03
97.29 98.94
98.05 98.8
98.63 98.6
99.02 98.35
99.23 98.07
99.25 97.78
99.12 97.5
98.85 97.24
98.49 97.0
98.03 96.79
97.52 96.58
96.96 96.37
96.36 96.13
95.7 95.87
95.0 95.57
94.26 95.24
93.5 94.89
92.73 94.53
91.99 94.18
91.31 93.83
90.69 93.5
90.1 93.16
89.55 92.82
89.01 92.45
88.47 92.05
87.93 91.62
87.39 91.15
86.84 90.65
86.29 90.13
85.71 89.59
85.15 89.03
84.58 88.46
83.99 87.88
83.39 87.29
82.77 86.68
82.13 86.07
81.49 85.46
80.87 84.85
80.27 84.26
79.71 83.69
79.18 83.14
78.7 82.63
78.3 82.17
78.03 81.78
77.98 81.55
78.31 81.61
79.05 81.53
