68.99 70.3
71.06 71.51
74.41 73.44
79.22 76.14
85.36 79.54
92.45 83.42
99.91 87.46
107.09 91.33
113.39 94.7
118.4 97.4
121.95 99.37
124.09 100.69
125.0 101.53
124.94 102.08
124.22 102.53
123.09 103.02
121.74 103.63
120.35 104.42
119.02 105.36
117.82 106.43
116.76 107.57
115.86 108.71
115.1 109.77
114.47 110.7
113.92 111.46
113.4 112.03
112.9 112.41
112.35 112.63
111.71 112.7
110.93 112.61
109.94 112.33
108.65 111.8
106.95 110.96
104.8 109.81
102.26 108.37
99.45 106.73
96.59 105.0
93.93 103.34
91.65 101.85
89.86 100.59
88.59 99.57
87.78 98.76
87.31 98.08
87.08 97.44
86.96 96.79
86.86 96.07
86.73 95.28
86.52 94.4
86.21 93.45
85.81 92.45
85.34 91.43
84.8 90.41
84.2 89.43
83.57 88.49
82.89 87.59
82.18 86.75
81.43 85.93
80.67 85.14
79.91 84.36
79.16 83.59
78.44 82.85
77.77 82.13
77.11 81.44
76.48 80.78
75.88 80.15
75.29 79.54
74.72 78.96
74.2 78.42
73.75 77.9
73.33 77.41
72.98 76.95
72.67 76.51
72.39 76.08
72.13 75.67
71.89 75.26
71.68 74.86
71.47 74.47
71.25 74.08
71.02 73.69
70.76 73.3
70.47 72.91
70.16 72.51
69.84 72.12
69.5 71.74
69.18 71.37
68.88 71.04
68.63 70.74
68.45 70.51
68.42 70.4
68.71 70.49
69.31 70.74
