79.0 79.19
80.74 80.14
83.58 81.67
87.55 83.81
92.44 86.48
97.94 89.52
103.71 92.7
109.24 95.77
114.15 98.53
118.25 100.85
121.32 102.65
123.2 103.94
124.0 104.77
123.87 105.24
122.97 105.44
121.44 105.48
119.48 105.46
117.26 105.43
114.91 105.44
112.55 105.5
110.25 105.6
108.09 105.72
106.11 105.81
104.35 105.87
102.85 105.87
101.63 105.83
100.68 105.76
99.93 105.65
99.33 105.49
98.81 105.25
98.3 104.91
97.73 104.44
97.05 103.84
96.3 103.11
95.47 102.27
94.59 101.36
93.72 100.42
92.92 99.51
92.27 98.65
91.8 97.91
91.58 97.31
91.65 96.88
92.01 96.62
92.63 96.51
93.45 96.54
94.38 96.63
95.33 96.75
96.2 96.84
96.94 96.87
97.5 96.83
97.83 96.71
97.94 96.52
97.82 96.27
97.51 95.99
97.03 95.67
96.41 95.34
95.72 95.0
94.99 94.68
94.27 94.37
93.55 94.08
92.84 93.79
92.11 93.49
91.35 93.15
90.54 92.77
89.7 92.35
88.87 91.89
88.07 91.43
87.33 90.96
86.64 90.49
86.01 90.03
85.43 89.58
84.9 89.12
84.42 88.67
83.96 88.2
83.53 87.72
83.1 87.24
82.67 86.74
82.25 86.23
81.84 85.72
81.45 85.21
81.11 84.72
80.8 84.25
80.51 83.8
80.26 83.39
80.03 82.99
79.81 82.61
79.61 82.25
79.42 81.9
79.24 81.57
79.07 81.25
78.9 80.95
78.74 80.66
78.55 80.37
78.36 80.09
78.18 79.82
78.0 79.57
77.85 79.34
77.73 79.13
77.65 78.96
77.6 78.8
77.55 78.66
77.51 78.53
77.47 78.4
77.4 78.27
77.31 78.14
77.23 78.0
77.14 77.88
77.11 77.8
77.18 77.78
77.32 77.79
77.62 77.87
