75.0 76.81
77.16 77.94
80.6 79.76
85.28 82.27
91.02 85.37
97.48 88.88
104.33 92.61
111.2 96.34
117.77 99.9
123.74 103.17
128.87 106.08
133.06 108.6
136.3 110.76
138.62 112.61
140.11 114.23
140.87 115.66
141.0 116.99
140.59 118.23
139.75 119.42
138.55 120.52
137.05 121.51
135.31 122.35
133.39 123.03
131.32 123.51
129.16 123.81
126.95 123.93
124.7 123.88
122.41 123.66
120.06 123.25
117.64 122.64
115.15 121.84
112.58 120.85
109.99 119.68
107.44 118.38
104.98 116.98
102.67 115.52
100.56 114.03
98.67 112.56
97.03 111.11
95.64 109.7
94.5 108.35
93.62 107.07
92.97 105.85
92.52 104.71
92.26 103.63
92.14 102.61
92.14 101.66
92.23 100.77
92.39 99.93
92.58 99.15
92.79 98.44
92.99 97.77
93.15 97.16
93.27 96.59
93.33 96.05
93.31 95.53
93.21 95.03
93.05 94.55
92.8 94.08
92.47 93.63
92.08 93.17
91.61 92.73
91.08 92.29
90.51 91.87
89.91 91.45
89.29 91.05
88.69 90.66
88.1 90.29
87.52 89.92
86.95 89.56
86.39 89.18
85.85 88.79
85.3 88.38
84.73 87.94
84.16 87.48
83.59 87.0
83.0 86.51
82.43 86.01
81.89 85.53
81.39 85.07
80.94 84.63
80.54 84.21
80.2 83.81
79.9 83.43
79.63 83.05
79.37 82.66
79.11 82.27
78.83 81.86
78.53 81.43
78.2 81.0
77.85 80.57
77.48 80.14
77.1 79.72
76.72 79.31
76.37 78.94
76.06 78.58
75.84 78.29
75.54 77.97
75.32 77.71
75.3 77.58
75.3 77.36
75.43 77.23
