70.0 70.8
70.7 71.2
71.79 71.83
73.3 72.68
75.2 73.74
77.39 74.95
79.75 76.25
82.18 77.58
84.58 78.88
86.86 80.14
89.01 81.34
90.98 82.48
92.76 83.57
94.32 84.62
95.65 85.61
96.74 86.56
97.59 87.46
98.22 88.31
98.65 89.11
98.9 89.86
99.0 90.57
98.95 91.23
98.79 91.82
98.52 92.35
98.18 92.82
97.77 93.22
97.31 93.56
96.82 93.85
96.3 94.09
95.76 94.29
95.22 94.43
94.69 94.51
94.15 94.53
93.61 94.48
93.06 94.37
92.48 94.18
91.85 93.91
91.15 93.54
90.36 93.09
89.48 92.54
88.52 91.93
87.52 91.26
86.51 90.57
85.53 89.88
84.62 89.22
83.8 88.58
83.08 87.99
82.45 87.43
81.92 86.9
81.49 86.4
81.13 85.92
80.85 85.46
80.63 85.01
80.45 84.59
80.31 84.17
80.2 83.77
80.1 83.38
80.03 83.02
79.97 82.68
79.92 82.36
79.88 82.06
79.83 81.77
79.78 81.5
79.71 81.24
79.62 80.98
79.5 80.73
79.37 80.49
79.2 80.24
79.01 80.01
78.8 79.77
78.58 79.55
78.33 79.33
78.09 79.11
77.84 78.9
77.58 78.69
77.31 78.47
77.03 78.26
76.74 78.03
76.44 77.8
76.14 77.57
75.83 77.33
75.52 77.09
75.21 76.84
74.91 76.6
74.63 76.36
74.36 76.13
74.11 75.9
73.86 75.67
73.63 75.44
73.42 75.22
73.23 75.0
73.05 74.78
72.87 74.56
72.71 74.35
72.54 74.13
72.37 73.91
72.19 73.7
72.02 73.49
71.86 73.29
71.7 73.09
71.54 72.89
71.39 72.7
71.23 72.51
71.08 72.33
70.92 72.15
70.78 71.97
70.64 71.81
70.53 71.66
70.45 71.54
70.45 71.48
70.54 71.44
70.62 71.38
70.72 71.37
