52.0 54.99
57.47 57.97
66.34 62.98
79.13 70.07
95.4 78.83
113.18 88.53
130.96 98.28
147.44 107.2
161.12 114.54
170.96 119.93
176.78 123.35
179.0 125.12
178.36 125.73
175.66 125.72
171.57 125.54
166.63 125.5
161.17 125.74
155.49 126.28
149.75 127.04
144.1 127.9
138.61 128.71
133.35 129.31
128.36 129.57
123.61 129.4
119.05 128.75
114.62 127.63
110.27 126.11
105.94 124.23
101.57 122.08
97.22 119.73
92.99 117.22
88.97 114.62
85.26 111.95
82.01 109.28
79.29 106.64
77.16 104.09
75.62 101.68
74.7 99.45
74.27 97.41
74.25 95.54
74.52 93.82
74.96 92.2
75.5 90.65
76.08 89.15
76.59 87.7
77.03 86.3
77.37 84.98
77.58 83.74
77.63 82.57
77.49 81.48
77.17 80.45
76.69 79.47
76.06 78.53
75.34 77.63
74.52 76.77
73.64 75.94
72.69 75.15
71.68 74.39
70.64 73.64
69.59 72.91
68.57 72.22
67.58 71.55
66.63 70.92
65.78 70.33
64.96 69.74
64.17 69.16
63.39 68.55
62.62 67.92
61.87 67.26
61.17 66.59
60.5 65.92
59.87 65.24
59.24 64.57
58.63 63.89
58.01 63.21
57.4 62.53
56.83 61.86
56.29 61.21
55.8 60.58
55.35 60.0
54.99 59.46
54.71 58.97
54.5 58.51
54.28 58.04
54.0 57.55
53.61 57.0
53.16 56.42
52.63 55.93
52.06 55.66
51.49 55.31
51.19 54.93
50.76 54.76
