71.0 71.74
72.93 72.79
75.94 74.45
80.13 76.75
85.43 79.64
91.57 82.99
98.14 86.58
104.72 90.17
110.84 93.53
116.14 96.47
120.35 98.9
123.38 100.78
125.23 102.16
126.0 103.12
125.82 103.77
124.88 104.22
123.36 104.57
121.44 104.89
119.32 105.25
117.14 105.65
114.99 106.11
112.96 106.6
111.09 107.06
109.38 107.47
107.85 107.78
106.47 107.97
105.22 108.03
104.07 107.97
102.98 107.77
101.86 107.42
100.66 106.9
99.31 106.2
97.78 105.29
96.08 104.2
94.25 102.95
92.38 101.6
90.58 100.22
88.93 98.87
87.51 97.6
86.37 96.46
85.54 95.46
85.02 94.61
84.83 93.9
84.94 93.34
85.32 92.89
85.91 92.56
86.67 92.31
87.54 92.12
88.46 91.97
89.37 91.83
90.22 91.71
90.96 91.58
91.57 91.44
92.02 91.28
92.3 91.11
92.41 90.92
92.36 90.7
92.13 90.46
91.74 90.19
91.22 89.9
90.59 89.59
89.9 89.28
89.16 88.97
88.42 88.67
87.67 88.37
86.92 88.08
86.18 87.77
85.46 87.47
84.77 87.15
84.12 86.82
83.52 86.48
82.94 86.13
82.39 85.76
81.85 85.36
81.32 84.94
80.79 84.5
80.3 84.05
79.83 83.59
79.39 83.12
78.95 82.65
78.51 82.17
78.05 81.68
77.59 81.18
77.14 80.68
76.73 80.19
76.36 79.73
76.04 79.29
75.76 78.88
75.5 78.5
75.25 78.12
75.0 77.75
74.75 77.38
74.5 77.01
74.25 76.65
74.0 76.3
73.77 75.97
73.55 75.65
73.34 75.35
73.14 75.06
72.93 74.78
72.72 74.51
72.49 74.23
72.24 73.95
71.97 73.66
71.68 73.37
71.39 73.08
71.1 72.79
70.83 72.51
70.56 72.25
70.32 72.0
70.07 71.76
69.84 71.52
69.61 71.29
69.41 71.08
69.23 70.88
69.1 70.72
69.07 70.63
69.21 70.69
69.59 70.86
70.47 71.3
