69.0 69.38
70.52 70.22
72.86 71.5
76.08 73.25
80.1 75.44
84.75 77.98
89.73 80.72
94.74 83.47
99.43 86.09
103.58 88.44
107.02 90.46
109.73 92.16
111.75 93.59
113.17 94.82
114.11 95.94
114.67 97.02
114.94 98.1
115.0 99.2
114.89 100.33
114.66 101.47
114.34 102.59
113.93 103.65
113.46 104.62
112.91 105.47
112.3 106.19
111.63 106.77
110.92 107.22
110.16 107.56
109.34 107.79
108.48 107.92
107.55 107.94
106.56 107.86
105.52 107.65
104.4 107.31
103.16 106.81
101.75 106.14
100.13 105.27
98.3 104.23
96.32 103.03
94.28 101.75
92.31 100.45
90.52 99.2
88.98 98.05
87.74 97.03
86.8 96.14
86.15 95.37
85.76 94.7
85.56 94.09
85.53 93.52
85.58 92.96
85.68 92.4
85.76 91.83
85.83 91.24
85.84 90.63
85.81 90.01
85.72 89.4
85.58 88.8
85.38 88.23
85.13 87.68
84.83 87.16
84.48 86.66
84.09 86.17
83.69 85.7
83.25 85.24
82.79 84.79
82.29 84.35
81.79 83.92
81.28 83.5
80.77 83.09
80.27 82.7
79.81 82.32
79.39 81.96
79.0 81.62
78.64 81.3
78.31 80.99
77.99 80.68
77.67 80.36
77.34 80.04
77.0 79.69
76.65 79.33
76.29 78.96
75.94 78.57
75.61 78.2
75.29 77.84
75.0 77.49
74.73 77.17
74.46 76.86
74.21 76.56
73.97 76.27
73.74 75.98
73.53 75.7
73.33 75.42
73.13 75.15
72.94 74.87
72.74 74.61
72.53 74.34
72.32 74.08
72.11 73.82
71.9 73.57
71.7 73.33
71.53 73.11
71.37 72.9
71.22 72.71
71.08 72.52
70.96 72.35
70.85 72.19
70.76 72.04
70.69 71.9
70.65 71.77
70.61 71.65
70.55 71.52
70.45 71.38
70.34 71.23
70.19 71.07
70.04 70.91
69.89 70.76
69.77 70.62
69.65 70.49
69.52 70.36
69.38 70.22
69.2 70.07
69.01 69.92
68.81 69.78
68.66 69.67
68.62 69.63
68.76 69.54
68.79 69.56
69.05 69.66
69.28 69.74
