103.99 107.26
107.21 109.03
112.54 112.0
120.19 116.18
129.83 121.37
140.64 127.18
151.64 133.07
161.9 138.53
170.65 143.15
177.48 146.78
182.38 149.45
185.56 151.38
187.32 152.85
187.99 154.12
187.94 155.42
187.43 156.88
186.72 158.56
185.94 160.46
185.16 162.51
184.42 164.65
183.71 166.74
182.94 168.69
182.13 170.38
181.23 171.77
180.23 172.83
179.13 173.59
177.89 174.08
176.49 174.35
174.86 174.38
172.95 174.17
170.69 173.64
168.05 172.76
164.97 171.49
161.47 169.81
157.6 167.78
153.48 165.48
149.32 163.05
145.36 160.63
141.84 158.35
138.95 156.33
136.76 154.6
135.27 153.16
134.4 151.95
134.01 150.9
133.95 149.92
134.08 148.93
134.27 147.87
134.41 146.71
134.37 145.43
134.13 144.05
133.68 142.59
133.05 141.09
132.28 139.61
131.47 138.2
130.65 136.88
129.81 135.67
128.95 134.55
128.02 133.49
127.05 132.47
126.06 131.47
125.07 130.49
124.09 129.53
123.14 128.6
122.21 127.68
121.25 126.78
120.28 125.9
119.34 125.04
118.44 124.21
117.62 123.41
116.86 122.67
116.16 121.95
115.51 121.27
114.9 120.59
114.29 119.9
113.7 119.2
113.06 118.45
112.37 117.67
111.61 116.86
110.8 116.03
109.99 115.21
109.21 114.42
108.51 113.68
107.88 112.98
107.3 112.33
106.79 111.71
106.32 111.12
105.87 110.54
105.45 109.97
105.07 109.42
104.78 108.94
104.74 108.68
105.04 108.59
105.16 108.54
