77.0 77.31
79.2 78.43
82.83 80.29
87.99 82.96
94.48 86.36
101.72 90.26
109.03 94.28
115.69 98.03
121.08 101.17
124.81 103.45
126.75 104.82
127.0 105.34
125.78 105.2
123.43 104.6
120.32 103.8
116.79 102.97
113.15 102.26
109.66 101.77
106.47 101.53
103.67 101.53
101.28 101.7
99.3 101.95
97.69 102.2
96.4 102.35
95.38 102.37
94.56 102.23
93.88 101.94
93.26 101.52
92.66 100.99
92.0 100.36
91.25 99.62
90.42 98.79
89.52 97.87
88.63 96.9
87.79 95.9
87.07 94.94
86.52 94.03
86.16 93.22
85.99 92.51
86.01 91.92
86.21 91.44
86.58 91.07
87.07 90.79
87.65 90.6
88.27 90.46
88.86 90.35
89.38 90.23
89.78 90.1
90.03 89.93
90.1 89.72
90.0 89.47
89.74 89.17
89.34 88.86
88.84 88.53
88.26 88.19
87.64 87.86
87.0 87.54
86.36 87.23
85.74 86.95
85.16 86.67
84.63 86.42
84.14 86.17
83.69 85.93
83.28 85.69
82.9 85.43
82.55 85.17
82.21 84.9
81.9 84.62
81.59 84.32
81.3 84.02
81.01 83.72
80.73 83.41
80.48 83.09
80.23 82.79
80.0 82.48
79.78 82.18
79.57 81.88
79.36 81.58
79.15 81.29
78.94 81.0
78.74 80.72
78.55 80.44
78.37 80.18
78.21 79.94
78.06 79.71
77.93 79.49
77.8 79.28
77.68 79.09
77.55 78.9
77.41 78.71
77.27 78.52
77.12 78.33
76.97 78.15
76.81 77.97
76.67 77.8
76.56 77.65
76.48 77.53
76.37 77.5
76.34 77.44
76.35 77.33
76.27 77.26
76.36 77.28
76.54 77.31
76.42 77.22
76.34 77.12
