68.0 70.45
70.16 71.55
73.71 73.39
78.63 75.98
84.64 79.17
91.32 82.73
98.19 86.38
104.78 89.87
110.72 93.0
115.69 95.63
119.52 97.73
122.14 99.32
123.6 100.47
124.0 101.24
123.46 101.74
122.2 102.07
120.38 102.29
118.14 102.48
115.64 102.65
112.97 102.82
110.21 102.94
107.41 102.97
104.65 102.88
101.95 102.65
99.36 102.27
96.89 101.75
94.52 101.11
92.24 100.35
90.04 99.48
87.94 98.51
85.95 97.45
84.12 96.33
82.5 95.18
81.12 94.02
79.99 92.89
79.09 91.78
78.39 90.69
77.87 89.64
77.52 88.63
77.35 87.66
77.34 86.76
77.48 85.94
77.74 85.19
78.08 84.53
78.47 83.93
78.87 83.39
79.26 82.89
79.59 82.42
79.85 81.97
80.02 81.54
80.08 81.12
80.03 80.72
79.9 80.33
79.69 79.96
79.4 79.61
79.02 79.26
78.55 78.91
78.02 78.55
77.42 78.19
76.79 77.82
76.15 77.45
75.51 77.09
74.88 76.74
74.28 76.4
73.7 76.06
73.13 75.72
72.59 75.37
72.1 75.04
71.66 74.7
71.25 74.36
70.88 74.02
70.5 73.66
70.11 73.28
69.67 72.86
69.23 72.42
68.8 71.97
68.4 71.53
68.06 71.14
67.84 70.84
67.73 70.51
67.48 70.08
67.4 69.8
67.3 69.32
