68.99 72.61
71.11 73.74
74.55 75.61
79.36 78.21
85.36 81.43
92.19 85.06
99.35 88.81
106.36 92.41
112.75 95.63
118.14 98.3
122.22 100.32
124.85 101.69
125.99 102.47
125.81 102.76
124.52 102.73
122.4 102.51
119.72 102.25
116.7 102.03
113.52 101.89
110.3 101.83
107.15 101.81
104.15 101.77
101.36 101.68
98.8 101.49
96.49 101.19
94.36 100.76
92.38 100.19
90.5 99.47
88.66 98.58
86.83 97.54
85.01 96.37
83.24 95.1
81.57 93.79
80.06 92.46
78.76 91.18
77.71 89.97
76.97 88.86
76.54 87.87
76.45 87.03
76.7 86.35
77.27 85.82
78.1 85.43
79.11 85.15
80.23 84.94
81.37 84.78
82.48 84.63
83.5 84.49
84.37 84.33
85.05 84.15
85.51 83.94
85.73 83.7
85.71 83.43
85.47 83.13
85.03 82.79
84.44 82.45
83.73 82.1
82.93 81.75
82.07 81.42
81.18 81.08
80.27 80.75
79.36 80.41
78.47 80.05
77.6 79.68
76.76 79.31
75.96 78.92
75.2 78.51
74.48 78.09
73.78 77.64
73.12 77.16
72.46 76.66
71.82 76.13
71.19 75.57
70.57 74.99
69.96 74.4
69.38 73.81
68.85 73.24
68.41 72.73
68.12 72.36
68.0 72.12
68.08 71.93
68.12 71.63
68.12 71.3
