72.0 74.35
74.54 75.72
78.76 78.0
84.7 81.19
92.06 85.15
100.25 89.56
108.63 94.1
116.64 98.41
123.81 102.24
129.74 105.41
134.21 107.89
137.17 109.71
138.7 110.97
139.0 111.83
138.32 112.44
136.97 112.95
135.19 113.48
133.19 114.12
131.11 114.87
129.04 115.73
127.01 116.6
125.01 117.39
123.01 118.0
120.96 118.37
118.84 118.45
116.61 118.27
114.3 117.83
111.92 117.18
109.49 116.35
107.01 115.33
104.49 114.16
101.94 112.84
99.4 111.4
96.92 109.87
94.56 108.27
92.37 106.65
90.4 105.02
88.66 103.42
87.19 101.86
86.0 100.38
85.09 98.97
84.42 97.65
83.96 96.4
83.66 95.24
83.47 94.14
83.36 93.09
83.27 92.08
83.17 91.1
83.04 90.14
82.88 89.21
82.69 88.31
82.47 87.47
82.25 86.68
82.03 85.96
81.8 85.29
81.56 84.68
81.3 84.12
81.04 83.61
80.77 83.13
80.49 82.69
80.2 82.27
79.89 81.87
79.53 81.48
79.14 81.08
78.71 80.67
78.25 80.27
77.77 79.87
77.31 79.48
76.87 79.13
76.48 78.81
76.16 78.53
75.88 78.26
75.62 77.99
75.32 77.69
74.97 77.35
74.56 76.97
74.09 76.55
73.58 76.1
73.05 75.63
72.51 75.17
72.0 74.74
71.58 74.39
71.36 74.21
71.09 74.14
70.97 74.17
