56.0 57.75
58.22 58.96
61.76 60.91
66.66 63.61
72.81 66.99
79.89 70.85
87.42 74.93
94.89 78.96
101.79 82.66
107.68 85.82
112.2 88.32
115.23 90.11
116.77 91.28
117.0 91.95
116.12 92.26
114.42 92.39
112.13 92.45
109.45 92.53
106.59 92.66
103.66 92.85
100.74 93.07
97.91 93.25
95.23 93.37
92.69 93.37
90.31 93.24
88.11 92.97
86.09 92.55
84.22 92.01
82.49 91.34
80.85 90.56
79.25 89.64
77.64 88.6
76.01 87.42
74.37 86.13
72.75 84.75
71.23 83.33
69.84 81.89
68.63 80.49
67.62 79.16
66.81 77.91
66.21 76.77
65.85 75.74
65.7 74.84
65.78 74.07
66.08 73.43
66.55 72.92
67.15 72.51
67.84 72.17
68.53 71.87
69.15 71.58
69.62 71.25
69.92 70.89
70.0 70.47
69.86 70.0
69.51 69.48
68.99 68.95
68.34 68.4
67.61 67.87
66.82 67.36
66.0 66.88
65.15 66.42
64.31 65.98
63.47 65.55
62.69 65.14
61.95 64.73
61.3 64.34
60.72 63.96
60.19 63.59
59.69 63.21
59.23 62.82
58.78 62.42
58.34 62.0
57.93 61.58
57.56 61.17
57.22 60.76
56.92 60.36
56.67 59.98
56.45 59.61
56.22 59.23
55.98 58.84
55.71 58.42
55.39 58.0
55.07 57.58
54.83 57.23
54.77 56.98
54.69 56.89
54.57 56.91
54.58 56.98
