61.0 63.8
63.77 65.31
68.59 67.9
75.53 71.59
84.17 76.16
93.64 81.2
102.92 86.16
111.09 90.55
117.58 94.02
122.17 96.47
124.9 97.95
126.0 98.7
125.71 98.95
124.32 98.93
122.09 98.81
119.27 98.7
116.11 98.66
112.82 98.73
109.56 98.93
106.48 99.24
103.64 99.62
101.1 100.0
98.9 100.31
97.04 100.5
95.5 100.55
94.26 100.48
93.29 100.35
92.54 100.19
91.96 100.0
91.49 99.76
91.01 99.4
90.43 98.85
89.64 98.06
88.61 97.04
87.37 95.82
86.05 94.49
84.79 93.17
83.73 91.93
82.96 90.87
82.5 90.01
82.34 89.35
82.48 88.88
82.87 88.57
83.5 88.4
84.33 88.33
85.29 88.34
86.31 88.38
87.26 88.4
88.03 88.36
88.51 88.2
88.64 87.91
88.39 87.46
87.79 86.89
86.89 86.24
85.8 85.55
84.56 84.84
83.24 84.15
81.9 83.47
80.58 82.81
79.3 82.18
78.07 81.57
76.92 80.99
75.89 80.43
74.96 79.89
74.14 79.38
73.44 78.87
72.85 78.36
72.32 77.84
71.84 77.31
71.39 76.77
70.95 76.21
70.53 75.64
70.1 75.07
69.69 74.49
69.31 73.92
68.95 73.36
68.61 72.81
68.28 72.26
67.96 71.72
67.62 71.18
67.25 70.64
66.84 70.1
66.38 69.56
65.89 69.01
65.39 68.47
64.89 67.95
64.41 67.44
63.95 66.96
63.5 66.5
63.06 66.05
62.63 65.65
62.32 65.33
62.12 65.09
61.88 64.83
61.56 64.51
61.06 64.16
60.28 63.63
