73.99 74.35
75.56 75.21
78.13 76.58
81.68 78.49
86.01 80.83
90.77 83.44
95.6 86.13
100.27 88.78
104.78 91.34
109.24 93.88
113.79 96.49
118.5 99.29
123.31 102.27
128.03 105.39
132.42 108.5
136.25 111.48
139.41 114.23
141.87 116.72
143.72 118.97
145.04 121.05
145.92 123.0
146.49 124.87
146.84 126.66
147.0 128.35
146.97 129.95
146.78 131.45
146.4 132.83
145.84 134.11
145.14 135.26
144.35 136.29
143.5 137.16
142.61 137.86
141.65 138.36
140.62 138.68
139.5 138.82
138.27 138.78
136.92 138.58
135.42 138.21
133.75 137.64
131.86 136.84
129.68 135.79
127.16 134.45
124.3 132.85
121.16 131.0
117.87 128.99
114.59 126.91
111.5 124.87
108.75 122.94
106.4 121.18
104.51 119.61
103.08 118.23
102.07 117.0
101.42 115.9
101.06 114.86
100.89 113.87
100.83 112.88
100.8 111.87
100.74 110.83
100.6 109.74
100.35 108.61
99.98 107.46
99.51 106.31
98.97 105.18
98.4 104.11
97.82 103.12
97.23 102.19
96.65 101.34
96.08 100.54
95.49 99.78
94.89 99.05
94.28 98.35
93.68 97.68
93.1 97.03
92.55 96.43
92.06 95.85
91.57 95.31
91.09 94.8
90.63 94.3
90.16 93.81
89.68 93.33
89.21 92.85
88.75 92.37
88.27 91.89
87.8 91.4
87.31 90.91
86.83 90.4
86.37 89.9
85.93 89.42
85.54 88.97
85.19 88.54
84.87 88.14
84.58 87.75
84.29 87.38
83.99 86.99
83.67 86.6
83.34 86.2
83.0 85.8
82.68 85.41
82.4 85.05
82.14 84.71
81.91 84.39
81.7 84.1
81.53 83.82
81.35 83.56
81.18 83.3
80.99 83.03
80.78 82.76
80.55 82.48
80.33 82.2
80.11 81.93
79.93 81.68
79.79 81.46
79.67 81.26
79.58 81.1
79.5 80.94
79.4 80.79
79.26 80.63
79.13 80.46
78.96 80.27
78.78 80.07
78.61 79.87
78.45 79.67
78.29 79.49
78.13 79.31
77.98 79.15
77.82 78.98
77.63 78.81
77.42 78.64
77.2 78.45
76.99 78.27
76.8 78.09
76.65 77.94
76.56 77.82
76.53 77.73
76.55 77.67
76.61 77.62
76.67 77.59
76.72 77.54
76.74 77.48
76.75 77.4
76.74 77.33
76.74 77.25
76.75 77.19
76.76 77.14
76.77 77.1
76.78 77.07
76.78 77.02
76.72 76.95
76.61 76.86
76.46 76.75
76.26 76.63
76.08 76.53
75.98 76.46
75.91 76.41
75.88 76.36
75.93 76.36
75.97 76.38
75.99 76.4
76.18 76.59
76.37 76.82
