79.0 80.26
80.9 81.27
83.79 82.82
87.65 84.91
92.39 87.5
97.87 90.49
103.86 93.77
110.11 97.19
116.36 100.61
122.3 103.9
127.66 106.95
132.28 109.71
136.1 112.15
139.1 114.3
141.37 116.24
143.0 118.04
144.13 119.78
144.86 121.52
145.33 123.28
145.62 125.07
145.82 126.88
145.93 128.67
146.0 130.41
145.98 132.05
145.87 133.58
145.66 134.94
145.33 136.15
144.92 137.18
144.44 138.07
143.94 138.83
143.41 139.48
142.9 140.04
142.39 140.5
141.85 140.85
141.24 141.04
140.49 141.06
139.56 140.88
138.42 140.48
137.04 139.87
135.41 139.04
133.51 138.01
131.35 136.79
129.0 135.42
126.53 133.94
124.08 132.43
121.77 130.95
119.69 129.55
117.9 128.28
116.42 127.13
115.24 126.1
114.35 125.17
113.71 124.31
113.25 123.49
112.93 122.68
112.69 121.87
112.48 121.04
112.27 120.19
112.05 119.32
111.81 118.45
111.53 117.58
111.21 116.73
110.83 115.89
110.4 115.07
109.91 114.26
109.37 113.49
108.82 112.74
108.27 112.02
107.73 111.34
107.18 110.69
106.63 110.07
106.07 109.46
105.48 108.87
104.86 108.26
104.19 107.65
103.46 107.03
102.71 106.4
101.94 105.76
101.18 105.13
100.44 104.49
99.71 103.87
99.0 103.24
98.32 102.64
97.66 102.04
97.05 101.47
96.49 100.91
95.94 100.36
95.4 99.8
94.88 99.23
94.36 98.65
93.83 98.06
93.31 97.47
92.79 96.89
92.28 96.31
91.79 95.76
91.37 95.25
91.04 94.76
90.73 94.3
90.41 93.85
90.06 93.39
89.68 92.93
89.26 92.45
88.85 91.98
88.49 91.52
88.16 91.08
87.83 90.65
87.46 90.22
87.07 89.79
86.63 89.34
86.16 88.88
85.68 88.43
85.24 87.98
84.86 87.58
84.53 87.21
84.25 86.89
84.01 86.58
83.75 86.27
83.47 85.95
83.18 85.61
82.86 85.25
82.54 84.9
82.24 84.55
81.96 84.22
81.72 83.91
81.5 83.63
81.32 83.36
81.16 83.11
81.04 82.89
80.95 82.69
80.87 82.49
80.76 82.29
80.61 82.07
80.39 81.82
80.09 81.52
79.74 81.2
79.37 80.86
78.98 80.53
78.66 80.26
78.48 80.09
78.56 80.01
78.92 80.12
79.4 80.53
79.97 80.98
80.69 81.7
