100.0 100.58
101.76 101.59
104.51 103.17
108.52 105.42
113.81 108.35
120.19 111.84
127.18 115.65
134.17 119.45
140.51 122.88
145.65 125.67
149.22 127.62
151.0 128.67
150.97 128.88
149.28 128.4
146.24 127.41
142.22 126.14
137.62 124.8
132.85 123.56
128.22 122.56
123.96 121.84
120.23 121.4
117.09 121.19
114.55 121.12
112.55 121.05
110.95 120.88
109.61 120.53
108.38 119.95
107.2 119.15
106.09 118.21
105.11 117.21
104.4 116.26
104.05 115.45
104.13 114.83
104.64 114.42
105.52 114.2
106.72 114.13
108.15 114.16
109.73 114.23
111.35 114.32
112.93 114.38
114.36 114.4
115.55 114.35
116.44 114.21
116.99 113.97
117.16 113.64
116.96 113.22
116.42 112.74
115.55 112.22
114.43 111.67
113.11 111.11
111.67 110.54
110.16 109.98
108.64 109.42
107.15 108.87
105.72 108.34
104.39 107.83
103.22 107.35
102.22 106.91
101.42 106.52
100.82 106.18
100.42 105.87
100.19 105.59
100.09 105.32
100.08 105.05
100.13 104.77
100.18 104.45
100.2 104.09
100.18 103.69
100.09 103.25
99.94 102.79
99.73 102.3
99.46 101.81
99.15 101.31
98.79 100.83
98.39 100.36
97.99 99.92
97.6 99.52
97.26 99.18
97.03 98.91
96.93 98.73
97.0 98.66
97.27 98.73
97.79 98.91
98.58 99.24
99.52 99.73
