63.99 64.62
65.99 65.72
69.21 67.51
73.75 70.01
79.49 73.15
85.98 76.72
92.71 80.41
99.13 83.91
104.63 86.9
108.73 89.15
111.19 90.59
112.0 91.23
111.35 91.24
109.63 90.86
107.25 90.33
104.57 89.86
101.87 89.59
99.3 89.57
96.94 89.78
94.8 90.14
92.88 90.56
91.16 90.95
89.62 91.23
88.24 91.36
86.98 91.31
85.84 91.1
84.78 90.75
83.76 90.26
82.76 89.68
81.75 89.0
80.68 88.23
79.51 87.36
78.24 86.38
76.85 85.28
75.39 84.07
73.92 82.79
72.51 81.5
71.26 80.25
70.24 79.11
69.5 78.12
69.09 77.31
68.99 76.68
69.17 76.2
69.55 75.83
70.05 75.53
70.6 75.25
71.13 74.98
71.61 74.69
72.03 74.39
72.38 74.09
72.66 73.79
72.85 73.5
72.93 73.21
72.9 72.92
72.75 72.61
72.47 72.3
72.09 71.98
71.63 71.66
71.12 71.34
70.58 71.04
70.07 70.77
69.61 70.52
69.19 70.29
68.8 70.08
68.42 69.87
68.04 69.65
67.62 69.41
67.19 69.16
66.76 68.89
66.36 68.61
66.0 68.33
65.71 68.07
65.45 67.81
65.22 67.56
64.99 67.3
64.74 67.03
64.47 66.75
64.2 66.45
63.93 66.15
63.69 65.86
63.47 65.58
63.3 65.32
63.17 65.08
63.07 64.87
63.01 64.67
62.97 64.5
62.94 64.34
62.89 64.2
62.88 64.11
62.98 64.11
63.27 64.16
63.77 64.32
