66.0 67.05
67.98 68.19
71.06 69.94
75.29 72.32
80.6 75.3
86.8 78.74
93.57 82.47
100.56 86.29
107.36 89.97
113.52 93.32
118.65 96.16
122.49 98.41
124.91 100.04
126.0 101.13
125.93 101.81
124.98 102.26
123.46 102.63
121.63 103.05
119.69 103.61
117.8 104.32
116.04 105.15
114.48 106.05
113.12 106.97
111.98 107.84
111.03 108.62
110.25 109.3
109.6 109.84
109.04 110.23
108.5 110.45
107.91 110.48
107.18 110.3
106.22 109.9
104.96 109.25
103.38 108.37
101.52 107.27
99.48 106.01
97.37 104.65
95.31 103.27
93.42 101.93
91.78 100.7
90.41 99.6
89.38 98.66
88.68 97.86
88.32 97.2
88.25 96.67
88.42 96.22
88.78 95.84
89.25 95.48
89.78 95.13
90.29 94.77
90.75 94.38
91.11 93.96
91.34 93.52
91.43 93.06
91.39 92.59
91.2 92.11
90.89 91.64
90.48 91.16
89.98 90.68
89.39 90.21
88.76 89.73
88.09 89.26
87.38 88.8
86.67 88.34
85.97 87.91
85.29 87.49
84.65 87.08
84.06 86.7
83.49 86.31
82.96 85.93
82.43 85.54
81.91 85.13
81.39 84.7
80.85 84.24
80.29 83.76
79.72 83.25
79.15 82.72
78.56 82.17
77.98 81.62
77.41 81.07
76.87 80.53
76.36 80.0
75.88 79.5
75.42 79.01
75.0 78.54
74.61 78.07
74.23 77.61
73.86 77.16
73.52 76.72
73.19 76.29
72.89 75.88
72.63 75.48
72.4 75.11
72.19 74.77
72.01 74.44
71.84 74.13
71.68 73.83
71.51 73.54
71.34 73.25
71.16 72.97
70.96 72.69
70.78 72.41
70.6 72.13
70.41 71.86
70.21 71.6
70.0 71.34
69.76 71.08
69.5 70.82
69.23 70.56
68.95 70.3
68.67 70.05
68.38 69.79
68.13 69.55
67.89 69.32
67.68 69.11
67.5 68.91
67.34 68.73
67.19 68.55
67.01 68.36
66.82 68.15
66.6 67.93
66.35 67.7
66.07 67.44
65.79 67.18
65.5 66.92
65.2 66.67
64.95 66.47
64.77 66.33
64.69 66.3
64.62 66.28
64.56 66.25
64.5 66.23
64.46 66.18
64.44 66.1
64.48 66.13
64.68 66.22
65.08 66.48
