75.0 76.16
76.38 76.9
78.51 78.07
81.42 79.67
85.05 81.65
89.22 83.93
93.71 86.37
98.28 88.84
102.67 91.19
106.59 93.3
109.79 95.05
112.11 96.41
113.49 97.37
114.0 97.98
113.75 98.32
112.91 98.49
111.66 98.59
110.13 98.68
108.44 98.81
106.69 98.98
104.95 99.18
103.29 99.39
101.73 99.58
100.3 99.72
99.0 99.79
97.79 99.78
96.63 99.65
95.48 99.38
94.28 98.97
93.02 98.41
91.71 97.73
90.4 96.96
89.13 96.15
87.97 95.34
86.96 94.56
86.14 93.83
85.52 93.15
85.11 92.53
84.9 91.97
84.85 91.47
84.95 91.02
85.15 90.6
85.41 90.21
85.7 89.84
85.99 89.47
86.25 89.11
86.46 88.75
86.61 88.39
86.69 88.04
86.7 87.7
86.63 87.38
86.47 87.06
86.24 86.74
85.93 86.42
85.54 86.08
85.09 85.74
84.59 85.4
84.07 85.06
83.54 84.73
83.03 84.42
82.55 84.13
82.1 83.85
81.68 83.59
81.27 83.32
80.88 83.06
80.5 82.79
80.14 82.51
79.81 82.23
79.5 81.95
79.22 81.67
78.96 81.39
78.72 81.11
78.48 80.83
78.25 80.54
78.02 80.25
77.78 79.96
77.53 79.66
77.27 79.35
77.01 79.04
76.75 78.73
76.48 78.41
76.2 78.1
75.92 77.79
75.63 77.49
75.33 77.19
75.03 76.9
74.76 76.62
74.53 76.37
74.33 76.15
74.24 76.01
74.27 75.91
74.31 75.89
74.45 75.99
