76.0 79.51
78.52 80.85
82.59 83.03
88.21 86.03
95.15 89.74
103.07 93.99
111.57 98.54
120.26 103.14
128.7 107.57
136.41 111.62
142.89 115.09
147.76 117.86
150.81 119.84
152.0 121.05
151.45 121.59
149.43 121.6
146.23 121.28
142.19 120.77
137.61 120.2
132.7 119.61
127.66 119.01
122.59 118.35
117.58 117.57
112.68 116.64
107.93 115.54
103.4 114.28
99.15 112.88
95.24 111.37
91.73 109.79
88.66 108.16
86.05 106.53
83.9 104.91
82.19 103.34
80.96 101.85
80.17 100.44
79.79 99.11
79.79 97.85
80.1 96.66
80.64 95.52
81.31 94.41
82.05 93.34
82.8 92.3
83.53 91.32
84.21 90.4
84.82 89.55
85.36 88.79
85.81 88.11
86.16 87.52
86.4 86.99
86.52 86.51
86.49 86.06
86.31 85.64
85.98 85.24
85.53 84.85
85.0 84.48
84.43 84.15
83.84 83.84
83.26 83.56
82.69 83.3
82.12 83.05
81.53 82.79
80.91 82.5
80.22 82.17
79.47 81.79
78.66 81.35
77.8 80.86
76.95 80.36
76.17 79.88
75.65 79.53
75.3 79.41
75.1 79.16
75.19 79.11
