72.0 73.19
73.36 73.91
75.55 75.07
78.62 76.71
82.5 78.77
86.95 81.15
91.66 83.68
96.32 86.21
100.71 88.58
104.58 90.7
107.8 92.5
110.28 93.96
111.94 95.12
112.83 95.99
113.0 96.62
112.56 97.08
111.65 97.42
110.42 97.7
108.99 97.99
107.48 98.31
105.98 98.67
104.57 99.06
103.28 99.46
102.13 99.84
101.14 100.17
100.25 100.43
99.44 100.6
98.68 100.67
97.91 100.63
97.11 100.46
96.27 100.16
95.35 99.72
94.33 99.16
93.24 98.48
92.08 97.71
90.91 96.89
89.78 96.05
88.76 95.22
87.9 94.45
87.25 93.76
86.82 93.18
86.67 92.71
86.77 92.35
87.07 92.1
87.54 91.93
88.12 91.8
88.73 91.7
89.32 91.6
89.87 91.48
90.34 91.33
90.71 91.17
90.96 90.98
91.08 90.76
91.07 90.53
90.91 90.28
90.62 90.0
90.19 89.69
89.65 89.37
89.02 89.03
88.37 88.68
87.7 88.34
87.04 88.02
86.41 87.72
85.81 87.42
85.24 87.14
84.72 86.87
84.25 86.61
83.86 86.36
83.51 86.11
83.17 85.85
82.85 85.57
82.5 85.26
82.13 84.92
81.76 84.56
81.39 84.18
81.02 83.79
80.66 83.41
80.32 83.04
79.99 82.67
79.67 82.31
79.36 81.96
79.07 81.61
78.8 81.26
78.54 80.93
78.3 80.61
78.08 80.3
77.87 80.01
77.67 79.72
77.48 79.44
77.31 79.17
77.15 78.92
77.01 78.68
76.86 78.45
76.69 78.21
76.5 77.97
76.28 77.73
76.05 77.48
75.83 77.24
75.63 77.02
75.46 76.81
75.32 76.63
75.19 76.47
75.08 76.32
74.97 76.17
74.87 76.01
74.74 75.84
74.61 75.67
74.45 75.49
74.28 75.3
74.11 75.12
73.93 74.94
73.75 74.76
73.58 74.59
73.41 74.43
73.23 74.26
73.03 74.08
72.8 73.89
72.55 73.69
72.27 73.47
71.98 73.25
71.7 73.03
71.46 72.84
71.29 72.71
70.99 72.49
70.8 72.32
70.45 72.04
70.2 71.8
69.72 71.33
