62.0 63.39
63.53 64.23
65.99 65.57
69.41 67.42
73.68 69.73
78.55 72.36
83.71 75.17
88.93 78.0
93.98 80.73
98.67 83.28
102.83 85.59
106.3 87.61
108.98 89.33
110.8 90.73
111.79 91.85
112.0 92.72
111.55 93.4
110.59 93.95
109.26 94.44
107.68 94.9
105.98 95.35
104.25 95.79
102.55 96.21
100.95 96.59
99.49 96.92
98.19 97.21
97.03 97.43
95.97 97.58
94.98 97.63
94.01 97.55
92.98 97.29
91.84 96.84
90.55 96.19
89.1 95.37
87.56 94.41
86.01 93.37
84.54 92.31
83.22 91.28
82.1 90.32
81.2 89.44
80.52 88.66
80.06 87.97
79.85 87.37
79.86 86.87
80.1 86.46
80.51 86.13
81.04 85.85
81.61 85.59
82.16 85.35
82.66 85.08
83.05 84.8
83.33 84.49
83.46 84.16
83.47 83.82
83.34 83.46
83.07 83.08
82.67 82.69
82.18 82.29
81.59 81.87
80.95 81.46
80.27 81.05
79.57 80.65
78.86 80.27
78.17 79.9
77.49 79.53
76.83 79.17
76.21 78.79
75.62 78.42
75.07 78.05
74.56 77.68
74.09 77.32
73.65 76.95
73.23 76.57
72.82 76.18
72.41 75.77
72.0 75.34
71.59 74.9
71.18 74.45
70.76 74.0
70.34 73.54
69.93 73.08
69.53 72.63
69.13 72.18
68.74 71.74
68.37 71.31
68.02 70.9
67.7 70.5
67.4 70.12
67.14 69.76
66.9 69.42
66.66 69.08
66.43 68.76
66.19 68.43
65.93 68.11
65.66 67.79
65.39 67.46
65.11 67.15
64.85 66.84
64.6 66.54
64.37 66.26
64.15 65.99
63.94 65.72
63.74 65.47
63.51 65.2
63.26 64.94
63.0 64.66
62.72 64.4
62.46 64.15
62.26 63.92
62.03 63.69
61.83 63.51
61.54 63.38
61.07 63.13
60.59 62.73
60.27 62.51
59.87 62.02
