84.0 85.56
85.48 86.34
87.84 87.59
91.13 89.34
95.24 91.52
99.94 94.02
104.9 96.67
109.77 99.27
114.27 101.67
118.17 103.78
121.36 105.55
123.8 107.0
125.51 108.17
126.54 109.12
127.0 109.93
126.97 110.63
126.54 111.29
125.81 111.91
124.86 112.52
123.74 113.11
122.52 113.67
121.24 114.17
119.91 114.58
118.56 114.87
117.18 115.03
115.76 115.03
114.28 114.88
112.68 114.56
110.97 114.07
109.12 113.43
107.18 112.64
105.2 111.73
103.26 110.75
101.43 109.73
99.77 108.7
98.31 107.7
97.07 106.74
96.03 105.81
95.19 104.92
94.5 104.05
93.98 103.2
93.58 102.37
93.29 101.57
93.11 100.8
93.0 100.05
92.95 99.33
92.92 98.65
92.89 97.99
92.85 97.36
92.78 96.76
92.68 96.18
92.53 95.62
92.35 95.09
92.12 94.57
91.85 94.07
91.55 93.59
91.22 93.12
90.84 92.66
90.43 92.22
90.01 91.8
89.58 91.39
89.14 91.01
88.72 90.65
88.32 90.31
87.94 89.99
87.58 89.69
87.25 89.4
86.94 89.12
86.65 88.84
86.36 88.55
86.06 88.25
85.75 87.93
85.42 87.6
85.07 87.26
84.72 86.92
84.36 86.57
84.01 86.23
83.67 85.89
83.36 85.57
83.08 85.28
82.88 85.04
82.77 84.86
82.59 84.7
82.66 84.59
82.78 84.5
