68.0 71.35
71.74 73.28
78.23 76.66
87.34 81.49
98.51 87.44
110.6 93.92
122.24 100.27
132.55 105.9
141.02 110.47
147.34 113.81
151.32 116.0
153.0 117.22
152.68 117.72
150.83 117.76
147.86 117.56
144.13 117.3
139.92 117.1
135.47 117.03
130.95 117.1
126.48 117.26
122.15 117.41
117.97 117.41
113.92 117.13
109.97 116.51
106.08 115.53
102.26 114.24
98.56 112.74
95.04 111.12
91.79 109.45
88.87 107.78
86.33 106.11
84.18 104.47
82.42 102.83
81.01 101.2
79.91 99.58
79.11 97.97
78.57 96.38
78.25 94.82
78.12 93.31
78.12 91.87
78.22 90.49
78.36 89.18
78.5 87.92
78.61 86.73
78.65 85.6
78.62 84.53
78.5 83.53
78.31 82.6
78.05 81.75
77.76 80.95
77.42 80.22
77.03 79.55
76.62 78.92
76.15 78.34
75.65 77.8
75.11 77.28
74.55 76.79
74.0 76.33
73.46 75.88
72.92 75.45
72.39 75.03
71.86 74.61
71.33 74.2
70.81 73.78
70.27 73.34
69.72 72.9
69.14 72.42
68.53 71.94
68.02 71.54
67.57 71.19
67.27 70.86
67.17 70.67
