65.0 66.19
68.08 67.77
73.35 70.42
80.71 74.19
89.69 78.92
99.49 84.22
109.15 89.62
117.97 94.66
125.66 99.05
132.0 102.62
136.69 105.33
139.41 107.17
140.0 108.17
138.52 108.42
135.39 108.07
131.12 107.32
126.28 106.45
121.36 105.71
116.78 105.31
112.78 105.33
109.47 105.75
106.91 106.47
105.11 107.34
103.95 108.22
103.34 109.01
103.16 109.69
103.27 110.24
103.52 110.63
103.79 110.85
103.93 110.83
103.8 110.51
103.26 109.84
102.21 108.82
100.58 107.47
98.46 105.83
95.97 104.0
93.34 102.09
90.83 100.22
88.67 98.51
87.05 97.08
86.05 95.99
85.68 95.23
85.83 94.77
86.38 94.53
87.24 94.43
88.24 94.39
89.25 94.33
90.17 94.22
90.93 94.0
91.42 93.66
91.62 93.19
91.54 92.62
91.22 91.96
90.65 91.26
89.87 90.54
88.92 89.81
87.82 89.09
86.62 88.38
85.37 87.67
84.14 86.97
82.97 86.29
81.85 85.61
80.81 84.95
79.81 84.3
78.84 83.64
77.9 82.99
77.0 82.34
76.18 81.7
75.46 81.1
74.84 80.53
74.33 80.0
73.91 79.48
73.51 78.96
73.11 78.41
72.69 77.82
72.27 77.2
71.83 76.57
71.41 75.95
71.05 75.36
70.76 74.83
70.55 74.37
70.44 73.96
70.39 73.61
70.4 73.3
70.42 73.01
70.43 72.73
70.4 72.44
70.31 72.14
70.16 71.81
69.94 71.46
69.65 71.09
69.3 70.72
68.91 70.35
68.51 69.99
68.12 69.67
67.75 69.37
67.41 69.1
67.11 68.87
66.84 68.64
66.6 68.42
66.37 68.2
66.14 67.96
65.9 67.72
65.67 67.48
65.48 67.25
65.19 67.08
64.84 66.98
64.51 66.63
64.16 66.22
63.81 65.82
63.61 65.4
63.62 65.01
63.77 65.02
63.91 65.07
64.19 65.07
