75.0 76.14
76.22 76.78
78.2 77.83
80.93 79.29
84.32 81.11
88.15 83.18
92.19 85.35
96.16 87.47
99.79 89.41
102.85 91.04
105.14 92.29
106.52 93.13
107.0 93.58
106.66 93.72
105.7 93.63
104.31 93.46
102.71 93.29
101.07 93.21
99.48 93.26
98.02 93.43
96.71 93.67
95.54 93.95
94.54 94.22
93.67 94.43
92.94 94.58
92.32 94.66
91.8 94.67
91.35 94.6
90.94 94.46
90.51 94.22
90.03 93.9
89.46 93.48
88.77 92.95
87.95 92.33
87.03 91.63
86.06 90.87
85.1 90.09
84.22 89.32
83.45 88.6
82.82 87.94
82.35 87.36
82.03 86.87
81.86 86.46
81.81 86.11
81.88 85.82
82.01 85.56
82.19 85.32
82.4 85.09
82.6 84.86
82.76 84.63
82.89 84.39
82.95 84.14
82.94 83.89
82.86 83.63
82.71 83.37
82.52 83.11
82.27 82.85
81.97 82.59
81.66 82.33
81.32 82.08
80.98 81.83
80.62 81.58
80.27 81.34
79.92 81.11
79.57 80.88
79.21 80.65
78.86 80.42
78.53 80.19
78.22 79.96
77.93 79.73
77.67 79.51
77.44 79.3
77.23 79.09
77.04 78.89
76.86 78.68
76.68 78.47
76.5 78.26
76.32 78.03
76.13 77.8
75.93 77.56
75.72 77.31
75.5 77.05
75.26 76.79
75.0 76.53
74.74 76.29
74.52 76.1
74.4 76.02
74.31 76.0
74.43 76.11
74.68 76.36
