60.99 61.63
63.0 62.7
66.19 64.39
70.6 66.75
76.06 69.69
82.25 73.03
88.71 76.54
94.98 79.96
100.6 83.06
105.17 85.65
108.44 87.63
110.36 88.97
110.99 89.76
110.56 90.13
109.33 90.25
107.6 90.27
105.63 90.35
103.62 90.58
101.75 91.0
100.09 91.6
98.69 92.34
97.55 93.14
96.68 93.95
96.03 94.71
95.56 95.37
95.23 95.91
94.99 96.33
94.8 96.63
94.62 96.81
94.42 96.87
94.16 96.82
93.8 96.66
93.3 96.36
92.62 95.91
91.7 95.3
90.54 94.52
89.19 93.61
87.74 92.61
86.31 91.59
85.0 90.61
83.9 89.75
83.07 89.02
82.53 88.45
82.25 88.02
82.2 87.69
82.33 87.44
82.57 87.21
82.86 86.99
83.15 86.75
83.41 86.49
83.59 86.19
83.68 85.85
83.65 85.47
83.49 85.06
83.24 84.63
82.88 84.18
82.46 83.74
82.0 83.31
81.5 82.89
81.0 82.5
80.49 82.11
79.95 81.73
79.41 81.34
78.86 80.95
78.29 80.55
77.69 80.13
77.09 79.69
76.48 79.25
75.86 78.79
75.23 78.33
74.61 77.85
74.0 77.38
73.4 76.9
72.83 76.43
72.32 75.97
71.85 75.52
71.43 75.09
71.06 74.68
70.73 74.29
70.44 73.9
70.21 73.53
70.02 73.18
69.88 72.83
69.75 72.5
69.6 72.18
69.4 71.84
69.13 71.47
68.79 71.08
68.41 70.66
68.02 70.24
67.66 69.85
67.36 69.49
67.13 69.19
66.96 68.93
66.82 68.71
66.69 68.49
66.56 68.28
66.42 68.07
66.28 67.85
66.13 67.64
65.99 67.42
65.83 67.2
65.64 66.97
65.4 66.72
65.12 66.44
64.79 66.15
64.42 65.85
64.04 65.55
63.68 65.27
63.35 65.01
63.07 64.77
62.84 64.56
62.67 64.38
62.53 64.21
62.42 64.04
62.32 63.89
62.24 63.73
62.16 63.57
62.08 63.41
61.99 63.24
61.89 63.07
61.76 62.88
61.6 62.68
61.38 62.47
61.14 62.25
60.87 62.02
60.6 61.79
60.36 61.58
60.15 61.41
60.06 61.28
59.92 61.14
59.8 61.06
59.58 60.98
59.29 60.78
59.03 60.6
59.03 60.58
59.04 60.6
