59.0 60.61
61.58 61.92
65.67 64.08
71.32 67.09
78.31 70.85
86.21 75.13
94.5 79.64
102.65 84.06
110.1 88.11
116.41 91.57
121.24 94.32
124.42 96.31
125.95 97.6
126.0 98.32
124.83 98.65
122.76 98.75
120.08 98.77
117.06 98.84
113.89 99.01
110.71 99.26
107.62 99.57
104.69 99.87
101.93 100.11
99.38 100.22
97.04 100.19
94.89 100.01
92.92 99.68
91.14 99.22
89.5 98.63
87.94 97.9
86.39 97.02
84.79 95.97
83.09 94.75
81.31 93.38
79.54 91.91
77.87 90.4
76.38 88.9
75.17 87.49
74.28 86.2
73.71 85.06
73.45 84.08
73.49 83.25
73.79 82.55
74.27 81.96
74.89 81.47
75.58 81.04
76.29 80.66
76.98 80.31
77.61 79.97
78.15 79.65
78.59 79.33
78.88 79.02
79.04 78.71
79.04 78.4
78.9 78.09
78.6 77.76
78.15 77.4
77.57 77.02
76.88 76.61
76.08 76.18
75.22 75.74
74.31 75.29
73.36 74.83
72.43 74.37
71.51 73.91
70.58 73.44
69.69 72.95
68.81 72.45
67.94 71.92
67.07 71.35
66.23 70.77
65.4 70.16
64.61 69.54
63.87 68.92
63.2 68.3
62.6 67.7
62.05 67.1
61.54 66.52
61.07 65.93
60.61 65.35
60.17 64.77
59.77 64.2
59.4 63.65
59.06 63.12
58.76 62.62
58.5 62.13
58.25 61.66
57.99 61.19
57.7 60.72
57.34 60.24
56.94 59.77
56.56 59.36
56.38 59.06
56.47 58.98
56.33 58.92
56.54 59.0
