98.0 101.08
100.69 102.49
105.23 104.89
111.64 108.27
119.56 112.44
128.26 117.03
136.87 121.57
144.6 125.65
150.93 128.97
155.65 131.44
158.75 133.12
160.44 134.21
161.0 134.95
160.74 135.54
159.95 136.16
158.81 136.89
157.51 137.77
156.16 138.82
154.86 140.01
153.64 141.27
152.49 142.53
151.39 143.67
150.25 144.59
149.02 145.22
147.62 145.51
145.98 145.44
144.02 145.03
141.71 144.31
139.0 143.29
135.91 142.01
132.56 140.49
129.07 138.8
125.64 137.03
122.44 135.26
119.65 133.58
117.36 132.06
115.61 130.72
114.38 129.55
113.63 128.52
113.27 127.59
113.21 126.71
113.35 125.85
113.59 124.96
113.84 124.04
114.02 123.06
114.1 122.04
114.03 120.98
113.82 119.9
113.46 118.82
112.98 117.77
112.4 116.76
111.75 115.79
111.03 114.87
110.26 113.98
109.43 113.12
108.57 112.28
107.7 111.47
106.85 110.71
106.06 109.99
105.33 109.33
104.66 108.71
104.05 108.14
103.47 107.59
102.91 107.05
102.35 106.51
101.78 105.96
101.2 105.4
100.64 104.84
100.08 104.26
99.52 103.69
98.97 103.11
98.41 102.53
97.86 101.96
97.36 101.45
97.06 101.1
96.94 100.84
96.85 100.63
97.08 100.61
