69.0 71.06
70.3 71.78
72.31 72.89
75.03 74.39
78.41 76.25
82.34 78.39
86.65 80.73
91.2 83.15
95.77 85.56
100.12 87.84
104.02 89.89
107.26 91.65
109.7 93.07
111.26 94.14
112.0 94.91
111.98 95.43
111.35 95.79
110.23 96.05
108.78 96.28
107.12 96.49
105.36 96.71
103.57 96.93
101.81 97.12
100.12 97.27
98.5 97.35
96.93 97.34
95.42 97.22
93.94 96.96
92.47 96.56
90.99 96.02
89.47 95.33
87.91 94.52
86.33 93.61
84.77 92.63
83.28 91.63
81.92 90.62
80.71 89.64
79.68 88.7
78.85 87.81
78.23 86.98
77.82 86.23
77.6 85.55
77.57 84.94
77.69 84.4
77.95 83.92
78.31 83.49
78.71 83.11
79.12 82.74
79.51 82.39
79.84 82.04
80.08 81.69
80.23 81.34
80.28 80.99
80.23 80.65
80.08 80.31
79.85 79.98
79.55 79.66
79.2 79.34
78.79 79.03
78.35 78.72
77.86 78.42
77.35 78.13
76.83 77.83
76.3 77.54
75.78 77.25
75.29 76.97
74.83 76.69
74.39 76.42
73.97 76.13
73.57 75.84
73.17 75.54
72.77 75.22
72.37 74.88
71.97 74.52
71.57 74.16
71.18 73.79
70.8 73.42
70.43 73.04
70.05 72.65
69.65 72.25
69.24 71.84
68.82 71.43
68.41 71.03
68.05 70.68
67.81 70.42
67.76 70.32
67.88 70.28
68.17 70.31
