78.99 80.42
81.32 81.62
85.13 83.59
90.53 86.4
97.3 89.98
104.96 94.07
112.84 98.34
120.26 102.42
126.69 106.0
131.81 108.9
135.54 111.12
137.99 112.75
139.37 113.98
139.95 115.0
139.99 115.98
139.69 117.02
139.2 118.19
138.65 119.52
138.1 120.98
137.62 122.56
137.2 124.18
136.84 125.76
136.53 127.24
136.21 128.52
135.86 129.59
135.45 130.43
134.97 131.05
134.33 131.49
133.49 131.74
132.36 131.77
130.85 131.54
128.89 130.98
126.44 130.05
123.47 128.73
120.07 127.06
116.36 125.1
112.53 122.98
108.81 120.83
105.44 118.79
102.61 116.96
100.46 115.43
98.99 114.2
98.17 113.24
97.87 112.48
97.94 111.83
98.22 111.19
98.6 110.51
98.97 109.74
99.25 108.87
99.41 107.89
99.37 106.83
99.14 105.71
98.72 104.55
98.14 103.4
97.45 102.27
96.68 101.21
95.87 100.2
95.04 99.27
94.19 98.39
93.34 97.55
92.5 96.74
91.69 95.96
90.88 95.21
90.11 94.49
89.37 93.81
88.66 93.16
88.0 92.55
87.39 91.97
86.83 91.42
86.31 90.89
85.86 90.39
85.47 89.91
85.13 89.45
84.85 89.01
84.61 88.59
84.39 88.18
84.19 87.77
83.97 87.36
83.75 86.95
83.51 86.53
83.25 86.12
82.98 85.7
82.69 85.28
82.39 84.87
82.06 84.46
81.69 84.05
81.29 83.63
80.84 83.2
80.36 82.78
79.87 82.35
79.44 81.96
79.08 81.61
78.85 81.33
78.76 81.14
78.89 81.1
79.43 81.31
79.88 81.67
