67.0 67.9
68.77 68.86
71.61 70.4
75.56 72.54
80.48 75.21
86.08 78.27
92.02 81.53
97.94 84.79
103.5 87.85
108.42 90.6
112.48 92.94
115.56 94.84
117.62 96.32
118.73 97.44
119.0 98.29
118.58 98.95
117.66 99.51
116.39 100.06
114.94 100.65
113.41 101.3
111.91 102.0
110.5 102.72
109.21 103.42
108.06 104.07
107.05 104.65
106.16 105.13
105.37 105.51
104.64 105.79
103.96 105.95
103.29 105.99
102.62 105.91
101.89 105.7
101.05 105.33
100.06 104.79
98.85 104.07
97.43 103.16
95.83 102.1
94.12 100.92
92.4 99.69
90.77 98.47
89.32 97.33
88.09 96.28
87.1 95.36
86.35 94.54
85.82 93.82
85.49 93.18
85.33 92.61
85.32 92.09
85.43 91.61
85.61 91.17
85.84 90.76
86.08 90.35
86.31 89.96
86.5 89.57
86.65 89.2
86.75 88.83
86.79 88.49
86.78 88.15
86.7 87.82
86.53 87.48
86.27 87.13
85.91 86.76
85.46 86.37
84.94 85.96
84.38 85.56
83.81 85.16
83.23 84.78
82.65 84.41
82.08 84.05
81.5 83.69
80.91 83.33
80.32 82.95
79.72 82.56
79.12 82.14
78.53 81.72
77.95 81.29
77.41 80.86
76.91 80.43
76.44 80.0
75.99 79.57
75.58 79.15
75.2 78.74
74.85 78.34
74.54 77.94
74.23 77.55
73.94 77.15
73.64 76.76
73.34 76.36
73.05 75.97
72.77 75.59
72.53 75.23
72.31 74.89
72.13 74.58
71.96 74.28
71.79 73.99
71.62 73.7
71.42 73.42
71.22 73.13
71.02 72.86
70.85 72.61
70.69 72.37
70.55 72.15
70.41 71.95
70.28 71.75
70.15 71.55
70.01 71.36
69.87 71.18
69.74 70.99
69.6 70.82
69.46 70.65
69.31 70.48
69.16 70.31
68.98 70.13
68.8 69.95
68.6 69.76
68.41 69.58
68.26 69.42
68.19 69.33
68.14 69.27
68.03 69.06
67.85 68.82
67.66 68.62
67.54 68.38
67.46 68.13
