80.0 82.15
83.65 84.24
89.77 87.68
98.53 92.5
109.52 98.51
121.85 105.28
134.53 112.19
146.41 118.64
156.47 124.07
163.94 128.11
168.44 130.65
170.0 131.81
169.04 131.89
166.14 131.27
161.89 130.33
156.84 129.38
151.37 128.59
145.76 128.04
140.16 127.7
134.65 127.47
129.27 127.2
124.05 126.76
118.99 126.06
114.14 125.03
109.54 123.69
105.27 122.09
101.37 120.32
97.88 118.47
94.83 116.61
92.2 114.79
89.98 113.0
88.13 111.25
86.65 109.52
85.49 107.77
84.64 106.02
84.06 104.25
83.73 102.49
83.6 100.77
83.63 99.11
83.79 97.55
84.03 96.08
84.33 94.73
84.65 93.5
84.95 92.36
85.21 91.33
85.4 90.39
85.52 89.52
85.55 88.72
85.5 87.99
85.37 87.32
85.15 86.7
84.87 86.14
84.52 85.62
84.13 85.14
83.68 84.7
83.19 84.29
82.67 83.9
82.11 83.52
81.52 83.14
80.9 82.76
80.27 82.38
79.72 82.07
79.38 81.9
79.2 81.93
79.72 82.27
80.63 82.87
