86.0 88.84
88.24 90.04
91.82 91.98
96.82 94.69
103.07 98.08
110.29 101.98
118.1 106.15
126.02 110.31
133.48 114.21
139.97 117.6
145.08 120.33
148.61 122.33
150.54 123.65
151.0 124.39
150.21 124.71
148.43 124.77
145.92 124.71
142.9 124.64
139.59 124.59
136.14 124.57
132.63 124.54
129.13 124.44
125.67 124.22
122.27 123.84
118.94 123.26
115.71 122.48
112.62 121.54
109.73 120.47
107.08 119.32
104.72 118.14
102.68 116.95
100.95 115.79
99.55 114.66
98.46 113.55
97.65 112.46
97.1 111.38
96.76 110.3
96.61 109.24
96.61 108.19
96.71 107.17
96.87 106.17
97.07 105.2
97.26 104.27
97.42 103.37
97.52 102.51
97.54 101.69
97.47 100.91
97.29 100.15
97.01 99.43
96.63 98.73
96.18 98.07
95.66 97.45
95.1 96.85
94.51 96.3
93.92 95.78
93.33 95.3
92.76 94.86
92.21 94.44
91.68 94.04
91.16 93.65
90.66 93.26
90.15 92.86
89.63 92.45
89.09 92.01
88.53 91.54
87.94 91.06
87.33 90.55
86.72 90.03
86.11 89.51
85.52 89.0
84.97 88.5
84.46 88.06
84.09 87.74
83.91 87.58
84.05 87.53
84.41 87.66
