67.0 69.22
68.09 69.77
69.91 70.7
72.41 72.0
75.43 73.57
78.76 75.31
82.2 77.11
85.61 78.92
89.01 80.72
92.39 82.55
95.81 84.43
99.23 86.38
102.57 88.37
105.69 90.37
108.48 92.29
110.85 94.11
112.78 95.79
114.28 97.34
115.38 98.78
116.17 100.15
116.68 101.44
116.94 102.65
117.0 103.78
116.87 104.81
116.57 105.73
116.1 106.56
115.49 107.28
114.73 107.89
113.82 108.37
112.75 108.67
111.5 108.77
110.0 108.64
108.26 108.28
106.29 107.7
104.16 106.96
101.96 106.1
99.81 105.19
97.78 104.27
95.92 103.35
94.25 102.45
92.74 101.54
91.37 100.62
90.13 99.66
89.0 98.68
87.97 97.68
87.07 96.67
86.29 95.68
85.63 94.7
85.09 93.76
84.62 92.83
84.21 91.93
83.82 91.05
83.45 90.19
83.08 89.36
82.71 88.54
82.33 87.75
81.94 86.97
81.51 86.2
81.06 85.44
80.57 84.69
80.07 83.97
79.56 83.27
79.03 82.61
78.51 81.98
78.0 81.39
77.49 80.83
77.0 80.3
76.53 79.79
76.07 79.3
75.64 78.83
75.22 78.37
74.8 77.91
74.38 77.46
73.97 77.02
73.54 76.57
73.13 76.12
72.73 75.68
72.35 75.26
71.97 74.84
71.6 74.43
71.21 74.01
70.8 73.58
70.35 73.14
69.89 72.69
69.44 72.24
69.03 71.8
68.63 71.38
68.24 70.97
67.86 70.57
67.48 70.19
67.12 69.85
66.81 69.51
66.59 69.26
66.5 69.1
66.43 68.94
