74.0 78.45
76.21 79.62
79.91 81.62
85.12 84.38
91.5 87.75
98.54 91.47
105.8 95.3
112.93 99.04
119.77 102.62
126.25 106.03
132.36 109.32
138.05 112.53
143.2 115.66
147.69 118.69
151.46 121.58
154.47 124.3
156.73 126.85
158.34 129.26
159.37 131.54
159.91 133.69
160.0 135.71
159.69 137.54
159.01 139.16
158.0 140.54
156.69 141.68
155.12 142.61
153.31 143.34
151.27 143.83
148.95 144.07
146.34 143.98
143.4 143.53
140.11 142.7
136.53 141.53
132.76 140.08
128.96 138.45
125.26 136.73
121.81 135.01
118.67 133.31
115.88 131.64
113.43 129.99
111.27 128.35
109.38 126.69
107.72 125.02
106.28 123.34
105.04 121.65
103.97 119.97
103.05 118.32
102.26 116.69
101.56 115.08
100.9 113.51
100.26 111.99
99.64 110.5
99.01 109.07
98.36 107.69
97.69 106.35
96.99 105.05
96.26 103.79
95.5 102.57
94.7 101.38
93.87 100.23
93.03 99.12
92.19 98.08
91.36 97.09
90.57 96.16
89.81 95.29
89.1 94.47
88.41 93.69
87.76 92.93
87.1 92.19
86.43 91.45
85.75 90.71
85.04 89.96
84.28 89.19
83.51 88.42
82.73 87.65
81.96 86.9
81.23 86.16
80.54 85.45
79.89 84.76
79.25 84.07
78.58 83.38
77.87 82.67
77.12 81.93
76.34 81.19
75.58 80.49
75.04 79.93
74.6 79.6
74.27 79.31
