70.0 71.85
71.56 72.68
73.83 73.91
76.84 75.57
80.57 77.62
84.94 80.0
89.81 82.65
95.02 85.46
100.34 88.32
105.46 91.07
110.05 93.57
113.85 95.71
116.72 97.45
118.61 98.79
119.64 99.83
120.0 100.69
119.88 101.47
119.42 102.26
118.7 103.06
117.77 103.86
116.65 104.62
115.37 105.3
113.97 105.87
112.48 106.3
110.92 106.61
109.32 106.78
107.7 106.8
106.07 106.68
104.41 106.41
102.73 105.98
101.01 105.4
99.24 104.7
97.44 103.89
95.64 102.99
93.86 102.0
92.14 100.95
90.52 99.84
89.01 98.7
87.64 97.55
86.41 96.4
85.34 95.29
84.45 94.23
83.72 93.23
83.15 92.28
82.72 91.39
82.4 90.53
82.16 89.72
81.97 88.93
81.84 88.18
81.72 87.45
81.61 86.76
81.5 86.09
81.35 85.46
81.18 84.84
80.99 84.26
80.76 83.69
80.5 83.15
80.21 82.63
79.9 82.14
79.55 81.67
79.18 81.22
78.8 80.79
78.43 80.38
78.05 79.99
77.68 79.62
77.3 79.26
76.91 78.9
76.49 78.54
76.06 78.17
75.62 77.8
75.19 77.43
74.75 77.05
74.32 76.68
73.89 76.31
73.46 75.92
73.02 75.54
72.57 75.14
72.12 74.74
71.67 74.34
71.23 73.95
70.82 73.56
70.43 73.17
70.07 72.8
69.72 72.42
69.36 72.05
69.02 71.69
68.74 71.37
68.6 71.16
68.66 71.08
68.89 71.04
69.32 71.11
