73.0 74.33
74.64 75.2
77.14 76.56
80.51 78.4
84.7 80.68
89.52 83.31
94.77 86.17
100.2 89.11
105.5 91.95
110.32 94.56
114.34 96.79
117.34 98.55
119.22 99.82
120.0 100.63
119.79 101.07
118.81 101.27
117.25 101.33
115.3 101.36
113.13 101.42
110.88 101.53
108.65 101.68
106.51 101.86
104.5 102.03
102.66 102.16
100.97 102.23
99.44 102.21
98.06 102.1
96.79 101.87
95.6 101.52
94.45 101.04
93.32 100.44
92.17 99.72
90.96 98.89
89.73 97.97
88.49 96.98
87.3 95.94
86.21 94.9
85.25 93.89
84.47 92.93
83.86 92.05
83.43 91.25
83.2 90.54
83.14 89.93
83.26 89.41
83.53 88.97
83.91 88.61
84.36 88.3
84.83 88.03
85.28 87.77
85.67 87.52
85.99 87.26
86.2 86.99
86.31 86.71
86.32 86.44
86.23 86.17
86.05 85.9
85.79 85.63
85.45 85.36
85.06 85.08
84.61 84.81
84.12 84.54
83.62 84.27
83.11 84.0
82.6 83.74
82.08 83.47
81.59 83.2
81.1 82.92
80.62 82.64
80.15 82.35
79.69 82.04
79.22 81.72
78.75 81.38
78.3 81.03
77.86 80.67
77.45 80.31
77.07 79.95
76.71 79.6
76.37 79.26
76.05 78.91
75.74 78.55
75.44 78.19
75.13 77.83
74.83 77.46
74.53 77.09
74.22 76.73
73.92 76.37
73.63 76.01
73.33 75.66
73.04 75.32
72.74 74.98
72.48 74.67
72.3 74.43
72.22 74.23
72.16 74.09
72.09 73.82
72.04 73.48
