72.0 73.05
74.0 74.17
77.15 75.92
81.52 78.35
87.01 81.38
93.34 84.86
100.12 88.56
106.87 92.24
113.13 95.65
118.52 98.61
122.77 101.02
125.83 102.91
127.77 104.33
128.76 105.42
129.0 106.31
128.67 107.14
127.95 107.96
126.94 108.83
125.76 109.75
124.45 110.7
123.08 111.62
121.68 112.48
120.28 113.24
118.89 113.87
117.53 114.34
116.19 114.65
114.89 114.82
113.63 114.86
112.4 114.79
111.22 114.62
110.07 114.36
108.94 114.0
107.77 113.51
106.53 112.85
105.12 112.0
103.48 110.91
101.58 109.58
99.44 108.05
97.14 106.39
94.82 104.66
92.61 102.98
90.66 101.41
89.05 100.02
87.83 98.84
87.0 97.85
86.52 97.01
86.31 96.29
86.28 95.62
86.33 94.96
86.42 94.29
86.47 93.58
86.47 92.82
86.39 92.04
86.24 91.24
86.04 90.46
85.79 89.7
85.5 88.99
85.17 88.33
84.79 87.71
84.37 87.12
83.9 86.55
83.4 85.99
82.86 85.44
82.3 84.88
81.71 84.33
81.12 83.79
80.53 83.27
79.94 82.77
79.39 82.3
78.87 81.86
78.38 81.43
77.91 81.02
77.48 80.63
77.06 80.23
76.66 79.84
76.27 79.44
75.9 79.04
75.53 78.64
75.18 78.23
74.84 77.83
74.51 77.44
74.2 77.06
73.92 76.7
73.66 76.34
73.42 76.0
73.19 75.67
72.96 75.35
72.73 75.03
72.5 74.7
72.26 74.39
72.03 74.07
71.78 73.76
71.53 73.45
71.29 73.16
71.09 72.92
71.03 72.77
71.21 72.79
71.32 72.91
71.49 73.14
