73.0 74.52
74.02 75.06
75.57 75.91
77.68 77.07
80.32 78.51
83.39 80.18
86.78 82.01
90.33 83.91
93.88 85.81
97.28 87.63
100.36 89.3
102.99 90.78
105.1 92.06
106.69 93.14
107.79 94.08
108.49 94.92
108.87 95.71
109.0 96.49
108.92 97.27
108.7 98.04
108.35 98.79
107.9 99.5
107.39 100.16
106.83 100.75
106.24 101.26
105.62 101.69
104.96 102.03
104.23 102.24
103.42 102.32
102.49 102.26
101.43 102.06
100.27 101.72
99.01 101.29
97.72 100.77
96.45 100.22
95.25 99.65
94.17 99.08
93.23 98.53
92.45 98.0
91.82 97.51
91.34 97.05
91.01 96.62
90.81 96.21
90.7 95.82
90.68 95.44
90.71 95.07
90.78 94.69
90.86 94.33
90.93 93.96
90.98 93.6
90.99 93.23
90.95 92.87
90.86 92.51
90.7 92.15
90.49 91.79
90.23 91.43
89.93 91.06
89.58 90.7
89.18 90.34
88.76 89.98
88.31 89.63
87.84 89.28
87.36 88.93
86.87 88.58
86.38 88.23
85.87 87.87
85.37 87.52
84.89 87.16
84.4 86.79
83.92 86.42
83.45 86.04
82.97 85.65
82.49 85.24
82.01 84.83
81.53 84.41
81.07 83.99
80.62 83.57
80.19 83.15
79.78 82.74
79.4 82.34
79.03 81.94
78.69 81.56
78.37 81.18
78.07 80.8
77.77 80.43
77.47 80.07
77.18 79.7
76.87 79.32
76.56 78.94
76.23 78.56
75.9 78.18
75.55 77.8
75.2 77.43
74.85 77.06
74.51 76.7
74.17 76.35
73.84 76.01
73.52 75.68
73.21 75.35
72.9 75.02
72.59 74.71
72.31 74.41
72.07 74.15
71.92 73.95
71.91 73.84
71.99 73.7
72.17 73.62
