49.99 51.59
52.73 53.06
56.76 55.27
62.15 58.25
68.82 61.96
76.66 66.3
85.45 71.11
94.78 76.17
104.04 81.16
112.52 85.77
119.58 89.71
124.74 92.76
127.84 94.88
128.99 96.16
128.47 96.78
126.63 96.98
123.85 96.99
120.47 96.98
116.75 97.04
112.89 97.2
109.04 97.41
105.31 97.65
101.78 97.86
98.52 98.02
95.56 98.09
92.95 98.05
90.66 97.88
88.67 97.55
86.91 97.07
85.33 96.42
83.85 95.62
82.37 94.65
80.82 93.51
79.2 92.2
77.49 90.72
75.75 89.11
74.07 87.4
72.48 85.67
71.04 83.98
69.79 82.36
68.72 80.84
67.84 79.44
67.16 78.16
66.69 77.0
66.43 75.99
66.41 75.11
66.6 74.37
67.0 73.78
67.54 73.3
68.2 72.93
68.91 72.62
69.61 72.37
70.27 72.15
70.85 71.94
71.31 71.73
71.61 71.5
71.76 71.24
71.72 70.94
71.52 70.6
71.14 70.23
70.63 69.84
70.0 69.44
69.27 69.05
68.49 68.66
67.66 68.28
66.81 67.89
65.97 67.51
65.15 67.14
64.38 66.76
63.67 66.38
63.0 66.0
62.33 65.59
61.68 65.16
61.01 64.68
60.32 64.17
59.62 63.62
58.91 63.04
58.2 62.45
57.53 61.86
56.89 61.28
56.29 60.72
55.75 60.17
55.28 59.65
54.83 59.12
54.4 58.6
53.97 58.07
53.55 57.53
53.14 56.98
52.73 56.44
52.33 55.9
51.94 55.38
51.54 54.87
51.12 54.36
50.69 53.85
50.25 53.36
49.81 52.86
49.36 52.38
48.91 51.91
48.49 51.46
48.1 51.05
47.81 50.73
47.76 50.54
47.83 50.43
47.89 50.32
47.77 50.51
47.22 49.88
