46.99 49.54
51.99 52.21
59.93 56.54
70.93 62.54
84.41 69.9
99.26 78.11
114.56 86.59
129.49 94.76
143.09 102.09
154.34 108.15
162.41 112.68
166.94 115.59
167.99 117.0
166.06 117.22
161.85 116.66
156.11 115.75
149.46 114.85
142.4 114.19
135.27 113.84
128.28 113.73
121.54 113.69
115.11 113.55
108.99 113.16
103.17 112.4
97.63 111.26
92.34 109.75
87.28 107.88
82.46 105.72
77.91 103.31
73.68 100.72
69.8 98.03
66.33 95.31
63.27 92.61
60.62 89.94
58.4 87.3
56.6 84.7
55.22 82.13
54.25 79.63
53.65 77.25
53.4 75.01
53.44 72.95
53.71 71.06
54.17 69.33
54.73 67.77
55.36 66.35
55.99 65.06
56.58 63.9
57.1 62.84
57.5 61.86
57.75 60.96
57.84 60.12
57.77 59.32
57.53 58.57
57.15 57.86
56.64 57.2
56.05 56.59
55.39 56.02
54.7 55.5
54.0 55.03
53.33 54.6
52.67 54.2
52.04 53.82
51.42 53.46
50.79 53.09
50.15 52.7
49.49 52.29
48.83 51.86
48.18 51.41
47.55 50.95
46.96 50.49
46.41 50.03
45.91 49.58
45.45 49.13
45.01 48.69
44.69 48.3
44.3 47.85
43.9 47.41
43.84 47.05
43.41 46.9
43.22 46.65
43.31 46.61
