74.0 75.32
75.98 76.4
79.61 78.26
84.73 80.93
90.94 84.22
97.58 87.8
103.88 91.28
109.38 94.41
114.12 97.11
118.32 99.44
122.07 101.52
125.32 103.46
127.87 105.24
129.5 106.79
130.0 107.95
129.28 108.64
127.48 108.88
124.84 108.75
121.67 108.44
118.27 108.1
114.92 107.84
111.81 107.69
109.07 107.64
106.75 107.66
104.89 107.73
103.46 107.85
102.44 108.03
101.78 108.26
101.4 108.48
101.18 108.61
100.98 108.54
100.66 108.2
100.09 107.56
99.21 106.64
98.1 105.52
96.87 104.33
95.68 103.15
94.62 102.05
93.78 101.09
93.17 100.26
92.75 99.55
92.51 98.94
92.45 98.41
92.54 97.96
92.75 97.56
93.04 97.22
93.38 96.92
93.72 96.64
94.01 96.36
94.24 96.06
94.35 95.73
94.31 95.37
94.12 94.98
93.79 94.57
93.32 94.15
92.76 93.72
92.14 93.28
91.48 92.84
90.81 92.4
90.14 91.97
89.46 91.54
88.78 91.12
88.1 90.7
87.43 90.27
86.75 89.84
86.11 89.4
85.51 88.96
84.95 88.53
84.45 88.11
84.01 87.7
83.62 87.31
83.26 86.92
82.9 86.53
82.56 86.13
82.2 85.72
81.85 85.29
81.49 84.86
81.15 84.43
80.83 84.0
80.52 83.58
80.23 83.18
79.96 82.79
79.68 82.41
79.38 82.03
79.05 81.65
78.71 81.26
78.37 80.87
78.05 80.51
77.78 80.17
77.56 79.87
77.37 79.59
77.2 79.34
77.04 79.09
76.88 78.85
76.69 78.6
76.48 78.34
76.27 78.08
76.06 77.81
75.84 77.55
75.64 77.3
75.44 77.06
75.24 76.83
75.05 76.63
74.93 76.51
74.89 76.47
74.87 76.41
74.95 76.47
