73.0 74.08
74.31 74.76
76.29 75.82
78.95 77.27
82.26 79.08
86.11 81.18
90.35 83.48
94.77 85.87
99.13 88.22
103.17 90.41
106.63 92.32
109.31 93.88
111.09 95.04
111.96 95.82
112.0 96.27
111.31 96.48
110.06 96.53
108.4 96.5
106.49 96.45
104.45 96.43
102.4 96.43
100.42 96.46
98.56 96.5
96.84 96.52
95.26 96.5
93.82 96.43
92.52 96.28
91.34 96.06
90.29 95.75
89.35 95.37
88.51 94.93
87.74 94.42
87.01 93.85
86.3 93.22
85.59 92.53
84.87 91.78
84.17 90.99
83.49 90.18
82.88 89.36
82.34 88.57
81.87 87.82
81.49 87.12
81.21 86.48
81.02 85.91
80.96 85.42
81.0 85.01
81.15 84.67
81.4 84.41
81.73 84.22
82.1 84.08
82.51 83.98
82.94 83.91
83.37 83.87
83.76 83.85
84.12 83.84
84.43 83.84
84.69 83.85
84.87 83.84
84.98 83.82
84.99 83.78
84.92 83.72
84.77 83.64
84.53 83.54
84.24 83.43
83.89 83.3
83.51 83.17
83.09 83.02
82.65 82.84
82.17 82.65
81.66 82.43
81.12 82.19
80.58 81.93
80.04 81.67
79.54 81.4
79.07 81.13
78.64 80.87
78.24 80.6
77.86 80.32
77.48 80.02
77.11 79.71
76.74 79.38
76.38 79.04
76.02 78.69
75.68 78.34
75.35 77.98
75.04 77.63
74.73 77.28
74.42 76.93
74.12 76.58
73.83 76.24
73.55 75.9
73.29 75.58
73.05 75.27
72.81 74.97
72.59 74.68
72.38 74.39
72.21 74.14
72.12 73.93
72.09 73.77
71.98 73.58
71.83 73.31
71.74 73.09
71.55 72.85
71.4 72.62
