75.0 76.31
76.38 77.03
78.49 78.15
81.35 79.68
84.9 81.6
89.02 83.82
93.52 86.24
98.18 88.73
102.73 91.16
106.88 93.4
110.4 95.35
113.1 96.93
114.9 98.13
115.83 98.99
116.0 99.56
115.53 99.95
114.6 100.23
113.34 100.48
111.88 100.73
110.3 101.01
108.69 101.29
107.08 101.57
105.53 101.82
104.05 102.03
102.66 102.17
101.36 102.23
100.16 102.21
99.05 102.1
98.01 101.88
96.98 101.56
95.95 101.11
94.86 100.53
93.66 99.83
92.38 99.0
91.04 98.07
89.69 97.08
88.36 96.04
87.13 95.0
86.02 94.0
85.07 93.04
84.28 92.15
83.67 91.33
83.22 90.58
82.91 89.9
82.74 89.28
82.69 88.71
82.72 88.2
82.85 87.73
83.02 87.3
83.22 86.9
83.41 86.52
83.57 86.15
83.67 85.8
83.71 85.45
83.68 85.1
83.6 84.76
83.48 84.44
83.32 84.14
83.14 83.85
82.92 83.58
82.67 83.32
82.37 83.05
82.03 82.78
81.64 82.49
81.23 82.21
80.81 81.93
80.39 81.67
80.0 81.42
79.64 81.19
79.29 80.96
78.97 80.73
78.65 80.5
78.34 80.25
78.03 80.0
77.71 79.73
77.4 79.45
77.08 79.16
76.76 78.87
76.45 78.57
76.16 78.27
75.91 77.99
75.67 77.72
75.47 77.47
75.26 77.22
75.03 76.96
74.76 76.67
74.46 76.36
74.12 76.04
73.81 75.74
73.6 75.51
73.62 75.41
73.92 75.49
74.5 75.78
