69.0 70.03
71.53 71.43
75.59 73.66
81.32 76.79
88.6 80.74
96.93 85.27
105.66 90.04
114.16 94.71
121.83 98.93
128.23 102.52
133.16 105.38
136.61 107.57
138.72 109.24
139.77 110.57
140.0 111.72
139.64 112.86
138.92 114.05
137.96 115.36
136.87 116.76
135.72 118.23
134.56 119.71
133.41 121.14
132.29 122.43
131.2 123.56
130.15 124.49
129.15 125.23
128.18 125.79
127.19 126.18
126.19 126.42
125.1 126.5
123.85 126.36
122.37 125.98
120.55 125.29
118.34 124.27
115.75 122.92
112.9 121.31
109.93 119.53
107.02 117.7
104.34 115.92
102.03 114.28
100.14 112.82
98.66 111.55
97.6 110.44
96.86 109.43
96.35 108.49
95.98 107.55
95.69 106.59
95.4 105.57
95.06 104.5
94.65 103.38
94.15 102.2
93.54 101.0
92.84 99.8
92.09 98.62
91.27 97.47
90.42 96.38
89.58 95.35
88.74 94.36
87.89 93.42
87.06 92.5
86.26 91.62
85.46 90.75
84.66 89.9
83.87 89.08
83.09 88.27
82.31 87.48
81.56 86.72
80.86 85.98
80.22 85.29
79.61 84.62
79.04 83.98
78.52 83.36
78.02 82.76
77.54 82.17
77.08 81.58
76.64 81.0
76.2 80.43
75.77 79.87
75.34 79.31
74.92 78.76
74.53 78.23
74.16 77.72
73.82 77.24
73.5 76.78
73.2 76.34
72.91 75.92
72.63 75.51
72.35 75.12
72.08 74.73
71.83 74.37
71.6 74.02
71.39 73.7
71.21 73.4
71.05 73.11
70.86 72.82
70.65 72.53
70.41 72.23
70.12 71.91
69.8 71.58
69.47 71.25
69.13 70.93
68.81 70.62
68.51 70.33
68.23 70.05
67.95 69.78
67.69 69.52
67.46 69.28
67.27 69.08
67.23 68.97
67.38 69.03
67.73 69.2
68.45 69.64
