84.0 86.11
85.43 86.83
87.72 88.01
90.88 89.68
94.82 91.76
99.32 94.14
104.08 96.65
108.79 99.12
113.14 101.4
116.89 103.37
119.86 104.98
121.99 106.22
123.32 107.14
123.95 107.82
124.0 108.36
123.6 108.82
122.89 109.26
121.96 109.73
120.89 110.23
119.74 110.75
118.55 111.25
117.33 111.71
116.11 112.08
114.86 112.34
113.58 112.44
112.22 112.38
110.76 112.14
109.15 111.71
107.41 111.11
105.57 110.38
103.71 109.55
101.91 108.68
100.24 107.8
98.78 106.95
97.54 106.15
96.55 105.4
95.8 104.7
95.26 104.04
94.89 103.4
94.69 102.78
94.6 102.18
94.61 101.59
94.67 101.0
94.76 100.43
94.85 99.85
94.91 99.28
94.92 98.72
94.88 98.17
94.78 97.63
94.61 97.11
94.39 96.61
94.11 96.13
93.78 95.66
93.42 95.21
93.06 94.79
92.69 94.39
92.33 94.03
91.99 93.7
91.65 93.39
91.32 93.1
90.99 92.81
90.65 92.52
90.3 92.22
89.93 91.91
89.54 91.59
89.13 91.26
88.7 90.92
88.27 90.57
87.84 90.22
87.42 89.86
86.99 89.5
86.56 89.13
86.13 88.75
85.69 88.38
85.26 87.99
84.85 87.62
84.48 87.28
84.21 87.0
84.14 86.85
84.15 86.83
84.3 86.86
