88.0 92.84
90.38 94.1
94.33 96.22
99.82 99.16
106.63 102.78
114.34 106.84
122.41 111.04
130.37 115.14
137.83 118.94
144.53 122.37
150.3 125.39
155.09 128.06
158.93 130.45
161.88 132.63
164.05 134.67
165.54 136.64
166.46 138.57
166.92 140.5
167.0 142.41
166.78 144.3
166.32 146.11
165.66 147.8
164.87 149.34
163.96 150.68
162.92 151.83
161.77 152.77
160.51 153.52
159.11 154.07
157.58 154.41
155.91 154.51
154.02 154.35
151.89 153.88
149.45 153.09
146.69 151.97
143.62 150.55
140.33 148.89
136.94 147.06
133.57 145.13
130.35 143.19
127.36 141.28
124.68 139.45
122.34 137.71
120.35 136.07
118.74 134.54
117.48 133.09
116.53 131.74
115.88 130.47
115.49 129.25
115.24 128.06
115.1 126.89
114.99 125.72
114.85 124.53
114.63 123.32
114.29 122.1
113.81 120.85
113.17 119.61
112.4 118.36
111.5 117.11
110.51 115.89
109.47 114.71
108.39 113.56
107.29 112.45
106.19 111.4
105.09 110.39
104.02 109.42
102.97 108.48
101.94 107.58
100.96 106.7
100.01 105.84
99.1 104.99
98.2 104.15
97.33 103.31
96.47 102.47
95.61 101.62
94.76 100.76
93.92 99.89
93.07 99.02
92.2 98.14
91.35 97.26
90.52 96.38
89.69 95.52
88.89 94.69
88.17 93.94
87.58 93.34
87.36 92.99
87.55 93.04
88.02 93.28
