72.0 73.14
73.4 73.91
75.51 75.08
78.36 76.65
81.89 78.59
86.01 80.85
90.55 83.33
95.32 85.92
100.06 88.51
104.57 90.98
108.64 93.27
112.15 95.33
115.02 97.15
117.29 98.76
119.01 100.22
120.27 101.57
121.13 102.87
121.66 104.14
121.94 105.41
122.0 106.66
121.88 107.88
121.64 109.05
121.29 110.14
120.87 111.16
120.39 112.07
119.84 112.88
119.26 113.59
118.62 114.17
117.95 114.63
117.22 114.97
116.42 115.17
115.5 115.21
114.41 115.06
113.09 114.71
111.52 114.12
109.71 113.33
107.71 112.35
105.61 111.25
103.52 110.1
101.55 108.94
99.76 107.84
98.22 106.83
96.96 105.91
95.96 105.08
95.22 104.32
94.68 103.61
94.32 102.94
94.09 102.28
93.94 101.63
93.85 100.97
93.79 100.29
93.71 99.61
93.6 98.91
93.45 98.21
93.23 97.51
92.94 96.82
92.58 96.13
92.16 95.46
91.67 94.79
91.13 94.12
90.53 93.46
89.86 92.8
89.16 92.13
88.42 91.48
87.67 90.83
86.92 90.21
86.19 89.6
85.48 89.02
84.8 88.47
84.16 87.93
83.55 87.4
82.97 86.88
82.42 86.37
81.89 85.86
81.38 85.35
80.88 84.84
80.4 84.33
79.94 83.82
79.49 83.31
79.06 82.8
78.66 82.31
78.28 81.84
77.93 81.38
77.6 80.94
77.3 80.51
77.01 80.1
76.73 79.7
76.47 79.3
76.22 78.92
75.98 78.55
75.74 78.19
75.5 77.84
75.28 77.51
75.06 77.2
74.85 76.89
74.64 76.6
74.44 76.31
74.23 76.03
74.01 75.76
73.78 75.47
73.52 75.19
73.25 74.9
72.97 74.61
72.68 74.32
72.38 74.03
72.08 73.75
71.82 73.49
71.58 73.27
71.29 73.08
71.07 72.85
71.0 72.72
71.14 72.76
71.52 72.94
