87.0 87.73
90.09 89.46
95.58 92.41
103.7 96.7
113.88 102.1
125.01 108.11
135.8 114.06
145.09 119.29
152.23 123.43
157.31 126.42
160.71 128.47
162.8 129.91
163.82 131.08
164.0 132.22
163.54 133.44
162.7 134.8
161.69 136.29
160.65 137.92
159.62 139.67
158.62 141.51
157.63 143.34
156.65 145.05
155.65 146.51
154.58 147.62
153.4 148.35
152.09 148.74
150.6 148.85
148.91 148.76
146.95 148.46
144.64 147.89
141.82 146.93
138.32 145.46
134.08 143.41
129.19 140.85
123.9 137.92
118.58 134.84
113.65 131.84
109.46 129.13
106.18 126.81
103.85 124.9
102.34 123.35
101.48 122.04
101.07 120.84
100.93 119.65
100.91 118.4
100.92 117.04
100.89 115.59
100.78 114.07
100.57 112.48
100.24 110.86
99.76 109.24
99.14 107.65
98.4 106.11
97.53 104.65
96.57 103.27
95.56 101.97
94.53 100.73
93.51 99.55
92.52 98.42
91.59 97.34
90.71 96.33
89.89 95.39
89.12 94.52
88.41 93.73
87.75 93.0
87.15 92.32
86.61 91.69
86.14 91.09
85.72 90.52
85.37 89.99
85.09 89.49
84.88 89.03
84.71 88.59
84.59 88.19
84.47 87.79
84.33 87.41
84.17 87.02
84.0 86.64
83.83 86.26
83.69 85.92
83.66 85.67
83.9 85.61
84.61 85.93
85.82 86.4
