73.0 74.63
74.29 75.31
76.2 76.34
78.73 77.72
81.9 79.45
85.6 81.45
89.7 83.66
94.02 85.99
98.37 88.32
102.56 90.6
106.43 92.73
109.86 94.7
112.79 96.49
115.18 98.1
117.05 99.56
118.42 100.89
119.34 102.11
119.85 103.25
120.0 104.32
119.82 105.31
119.38 106.22
118.71 107.03
117.87 107.75
116.87 108.36
115.77 108.86
114.57 109.24
113.31 109.5
111.98 109.64
110.62 109.66
109.21 109.54
107.73 109.28
106.17 108.86
104.5 108.29
102.71 107.54
100.81 106.64
98.86 105.61
96.89 104.49
94.98 103.32
93.18 102.13
91.53 100.96
90.06 99.82
88.78 98.73
87.69 97.69
86.81 96.7
86.11 95.77
85.59 94.89
85.21 94.05
84.97 93.25
84.82 92.49
84.73 91.75
84.68 91.03
84.64 90.34
84.59 89.66
84.53 89.01
84.45 88.39
84.34 87.8
84.19 87.23
83.99 86.69
83.76 86.17
83.49 85.67
83.2 85.2
82.86 84.74
82.48 84.29
82.08 83.86
81.65 83.43
81.19 83.02
80.73 82.63
80.29 82.25
79.86 81.89
79.43 81.54
79.01 81.19
78.6 80.84
78.18 80.5
77.77 80.14
77.36 79.79
76.95 79.42
76.54 79.06
76.13 78.69
75.74 78.33
75.35 77.95
74.97 77.58
74.6 77.21
74.24 76.83
73.88 76.45
73.52 76.08
73.18 75.71
72.83 75.35
72.5 75.0
72.2 74.68
71.99 74.42
71.9 74.26
72.05 74.25
72.54 74.42
73.24 74.84
