84.0 87.49
87.94 89.6
94.57 93.14
103.95 98.16
115.59 104.41
128.65 111.44
142.09 118.69
154.88 125.6
166.34 131.77
175.97 136.97
183.49 141.17
188.92 144.5
192.49 147.15
194.43 149.33
195.0 151.23
194.47 152.99
193.12 154.68
191.12 156.37
188.62 158.05
185.74 159.67
182.57 161.16
179.23 162.44
175.8 163.43
172.3 164.08
168.75 164.37
165.12 164.3
161.4 163.89
157.53 163.16
153.5 162.13
149.39 160.83
145.31 159.29
141.35 157.56
137.62 155.69
134.22 153.72
131.17 151.71
128.48 149.66
126.13 147.6
124.11 145.54
122.4 143.5
121.02 141.49
119.9 139.52
119.0 137.61
118.28 135.76
117.71 133.96
117.22 132.21
116.8 130.51
116.44 128.87
116.06 127.29
115.65 125.77
115.18 124.32
114.65 122.94
114.06 121.62
113.43 120.37
112.77 119.17
112.07 118.02
111.34 116.93
110.58 115.89
109.8 114.91
109.04 113.99
108.32 113.13
107.64 112.32
106.97 111.56
106.29 110.82
105.58 110.09
104.83 109.36
104.05 108.64
103.29 107.91
102.54 107.19
101.8 106.47
101.05 105.75
100.29 105.02
99.49 104.27
98.65 103.51
97.77 102.71
96.83 101.89
95.84 101.04
94.82 100.17
93.76 99.28
92.71 98.39
91.7 97.5
90.73 96.63
89.79 95.78
88.93 94.97
88.2 94.21
87.64 93.5
87.2 92.87
86.94 92.35
86.75 91.9
86.48 91.44
86.14 90.91
85.71 90.36
85.46 89.96
85.2 89.53
85.02 89.13
84.82 88.8
84.65 88.53
84.3 88.15
84.39 87.87
84.64 87.61
