82.0 82.79
83.28 83.45
85.23 84.46
87.84 85.84
91.07 87.57
94.78 89.57
98.84 91.77
103.07 94.07
107.28 96.37
111.29 98.6
114.95 100.68
118.12 102.58
120.72 104.27
122.73 105.76
124.19 107.06
125.15 108.22
125.72 109.3
125.98 110.33
126.0 111.34
125.83 112.35
125.52 113.33
125.1 114.28
124.57 115.15
123.97 115.95
123.3 116.64
122.59 117.23
121.83 117.72
121.06 118.11
120.25 118.4
119.41 118.58
118.53 118.64
117.59 118.57
116.56 118.37
115.4 118.02
114.08 117.5
112.6 116.83
110.98 116.02
109.28 115.09
107.59 114.1
105.98 113.08
104.51 112.09
103.23 111.14
102.14 110.25
101.25 109.43
100.52 108.66
99.95 107.93
99.5 107.23
99.16 106.54
98.9 105.88
98.69 105.22
98.53 104.58
98.39 103.95
98.26 103.34
98.13 102.74
97.99 102.16
97.82 101.6
97.63 101.06
97.41 100.53
97.16 100.02
96.89 99.53
96.59 99.06
96.28 98.6
95.95 98.16
95.6 97.74
95.23 97.32
94.83 96.92
94.43 96.54
94.04 96.17
93.66 95.81
93.3 95.48
92.96 95.16
92.61 94.84
92.24 94.51
91.86 94.18
91.47 93.83
91.07 93.48
90.68 93.12
90.32 92.78
89.97 92.45
89.65 92.13
89.34 91.81
89.03 91.5
88.73 91.18
88.43 90.86
88.15 90.55
87.88 90.24
87.63 89.93
87.38 89.63
87.15 89.34
86.91 89.05
86.67 88.76
86.43 88.47
86.17 88.18
85.92 87.89
85.66 87.61
85.43 87.34
85.22 87.08
85.04 86.85
84.89 86.62
84.76 86.42
84.64 86.23
84.52 86.04
84.41 85.87
84.3 85.71
84.22 85.57
84.15 85.46
84.04 85.36
83.93 85.25
83.82 85.16
83.67 85.08
83.38 84.84
83.14 84.61
82.91 84.39
82.69 84.18
82.51 83.97
82.47 83.93
82.34 83.88
82.27 83.84
82.1 83.82
