63.99 66.92
66.34 68.11
70.24 70.13
75.71 73.0
82.46 76.57
90.01 80.59
97.79 84.75
105.32 88.75
112.15 92.37
117.97 95.45
122.54 97.93
125.72 99.81
127.51 101.14
127.99 102.0
127.33 102.5
125.75 102.77
123.53 102.93
120.96 103.12
118.27 103.41
115.67 103.85
113.27 104.42
111.12 105.05
109.22 105.67
107.56 106.21
106.09 106.63
104.77 106.89
103.54 106.99
102.36 106.93
101.19 106.7
99.98 106.29
98.67 105.67
97.19 104.83
95.49 103.75
93.56 102.46
91.42 100.98
89.19 99.38
87.01 97.74
85.0 96.14
83.27 94.64
81.87 93.29
80.81 92.09
80.09 91.05
79.66 90.14
79.48 89.33
79.49 88.61
79.64 87.95
79.91 87.34
80.24 86.77
80.58 86.21
80.9 85.66
81.16 85.1
81.3 84.53
81.32 83.95
81.22 83.36
80.97 82.76
80.58 82.16
80.06 81.56
79.44 80.95
78.74 80.35
77.99 79.76
77.22 79.19
76.46 78.64
75.72 78.13
75.02 77.66
74.39 77.22
73.84 76.83
73.36 76.46
72.92 76.09
72.49 75.72
72.06 75.33
71.62 74.92
71.17 74.5
70.71 74.05
70.25 73.6
69.78 73.13
69.29 72.64
68.77 72.13
68.24 71.61
67.71 71.08
67.16 70.53
66.6 69.99
66.02 69.44
65.43 68.89
64.84 68.33
64.25 67.79
63.67 67.25
63.14 66.75
62.75 66.37
62.63 66.13
62.69 66.0
63.01 66.04
