73.0 73.78
74.35 74.51
76.58 75.71
79.72 77.39
83.66 79.5
88.11 81.91
92.74 84.44
97.24 86.91
101.37 89.19
104.98 91.19
107.96 92.88
110.24 94.28
111.82 95.4
112.71 96.3
113.0 97.01
112.76 97.59
112.12 98.09
111.23 98.57
110.21 99.08
109.16 99.64
108.19 100.28
107.35 100.97
106.68 101.68
106.15 102.38
105.8 103.05
105.57 103.67
105.45 104.23
105.41 104.73
105.4 105.17
105.4 105.53
105.38 105.8
105.31 105.96
105.14 105.99
104.82 105.88
104.31 105.63
103.57 105.21
102.56 104.63
101.36 103.93
100.06 103.15
98.77 102.35
97.61 101.61
96.71 100.99
96.07 100.5
95.7 100.16
95.56 99.93
95.6 99.78
95.77 99.67
96.0 99.55
96.24 99.42
96.45 99.24
96.6 99.01
96.66 98.73
96.62 98.41
96.51 98.05
96.33 97.67
96.09 97.3
95.8 96.93
95.47 96.59
95.11 96.26
94.71 95.94
94.29 95.62
93.85 95.3
93.4 94.97
92.93 94.63
92.48 94.28
92.02 93.94
91.57 93.6
91.12 93.26
90.68 92.92
90.24 92.58
89.81 92.24
89.39 91.9
88.97 91.56
88.57 91.21
88.17 90.87
87.8 90.52
87.42 90.16
87.07 89.8
86.72 89.44
86.37 89.07
86.05 88.7
85.74 88.34
85.44 87.99
85.15 87.64
84.87 87.31
84.61 86.99
84.35 86.67
84.11 86.37
83.89 86.08
83.69 85.79
83.49 85.52
83.31 85.25
83.15 85.0
82.99 84.75
82.84 84.51
82.68 84.27
82.51 84.03
82.33 83.8
82.14 83.56
81.93 83.33
81.71 83.09
81.48 82.86
81.25 82.62
81.02 82.4
80.8 82.18
80.6 81.97
80.4 81.77
80.23 81.57
80.06 81.39
79.89 81.2
79.71 81.0
79.51 80.8
79.29 80.59
79.05 80.37
78.8 80.13
78.54 79.9
78.28 79.67
78.04 79.45
77.81 79.24
77.62 79.05
77.44 78.87
77.27 78.69
77.12 78.51
76.97 78.33
76.8 78.14
76.61 77.94
76.41 77.73
76.2 77.51
75.96 77.29
75.74 77.06
75.52 76.85
75.33 76.65
75.16 76.47
75.02 76.3
74.9 76.15
74.78 76.0
74.67 75.85
74.55 75.7
74.42 75.54
74.27 75.37
74.11 75.19
73.94 75.01
73.76 74.82
73.58 74.64
73.4 74.46
73.24 74.29
73.08 74.13
72.93 73.99
72.83 73.89
72.69 73.81
72.42 73.59
72.21 73.38
71.96 73.2
71.62 73.04
71.29 72.77
71.05 72.74
70.8 72.58
