72.0 75.34
73.53 76.1
76.01 77.37
79.44 79.15
83.67 81.36
88.51 83.88
93.68 86.55
98.9 89.22
103.86 91.74
108.3 94.0
112.04 95.95
114.94 97.55
117.0 98.84
118.28 99.86
118.9 100.71
119.0 101.46
118.71 102.19
118.15 102.94
117.42 103.73
116.58 104.55
115.68 105.36
114.73 106.13
113.77 106.83
112.79 107.42
111.79 107.9
110.79 108.25
109.76 108.48
108.72 108.59
107.66 108.57
106.58 108.44
105.45 108.18
104.23 107.77
102.89 107.21
101.43 106.49
99.84 105.63
98.18 104.66
96.51 103.6
94.88 102.51
93.36 101.42
91.98 100.36
90.76 99.34
89.72 98.38
88.85 97.46
88.15 96.6
87.58 95.78
87.12 94.99
86.77 94.25
86.5 93.53
86.3 92.83
86.14 92.16
86.01 91.51
85.92 90.88
85.83 90.29
85.73 89.72
85.6 89.18
85.43 88.65
85.19 88.12
84.87 87.58
84.49 87.03
84.04 86.47
83.55 85.92
83.02 85.37
82.49 84.85
81.96 84.36
81.45 83.9
80.96 83.46
80.48 83.05
80.01 82.64
79.53 82.23
79.03 81.8
78.5 81.36
77.94 80.89
77.36 80.39
76.74 79.88
76.11 79.35
75.45 78.81
74.78 78.26
74.12 77.71
73.49 77.19
72.95 76.73
72.59 76.36
72.28 76.16
72.06 75.9
72.06 75.74
