71.0 75.55
76.11 78.28
85.06 83.07
97.81 89.94
113.72 98.35
130.69 107.36
146.51 115.96
160.03 123.29
170.54 128.83
177.61 132.49
181.28 134.48
182.0 135.22
180.35 135.18
176.95 134.75
172.33 134.19
166.91 133.7
161.0 133.35
154.82 133.18
148.55 133.16
142.31 133.19
136.15 133.12
130.13 132.74
124.26 131.93
118.58 130.63
113.14 128.88
108.04 126.85
103.4 124.72
99.32 122.65
95.89 120.74
93.14 118.99
91.09 117.4
89.72 115.9
88.98 114.46
88.79 113.05
89.07 111.65
89.68 110.26
90.46 108.84
91.29 107.37
92.01 105.84
92.54 104.25
92.82 102.62
92.84 100.96
92.6 99.33
92.15 97.75
91.53 96.26
90.76 94.87
89.89 93.6
88.95 92.43
87.96 91.35
86.92 90.34
85.85 89.41
84.78 88.53
83.73 87.71
82.72 86.94
81.77 86.21
80.91 85.53
80.16 84.9
79.47 84.3
78.84 83.73
78.26 83.17
77.67 82.61
77.06 82.01
76.42 81.38
75.76 80.72
75.06 80.02
74.33 79.3
73.61 78.56
72.88 77.81
72.17 77.11
71.53 76.4
70.96 75.79
70.19 75.31
69.48 74.7
68.6 73.82
67.17 72.97
