66.99 69.9
70.28 71.69
75.65 74.63
83.12 78.7
92.31 83.69
102.5 89.24
113.0 94.93
123.13 100.33
132.16 105.12
139.6 109.06
145.1 112.06
148.52 114.16
150.0 115.49
149.89 116.25
148.52 116.65
146.16 116.88
143.09 117.08
139.61 117.35
135.91 117.7
132.11 118.1
128.3 118.48
124.52 118.73
120.82 118.78
117.21 118.57
113.67 118.09
110.21 117.33
106.8 116.32
103.44 115.09
100.14 113.66
96.95 112.08
93.87 110.38
90.96 108.58
88.27 106.73
85.84 104.85
83.71 102.96
81.91 101.09
80.45 99.27
79.34 97.53
78.55 95.87
78.07 94.32
77.84 92.88
77.82 91.54
77.97 90.29
78.23 89.12
78.55 88.04
78.89 87.02
79.21 86.07
79.47 85.16
79.64 84.31
79.7 83.49
79.64 82.71
79.48 81.97
79.21 81.26
78.83 80.59
78.4 79.97
77.92 79.39
77.41 78.86
76.9 78.38
76.39 77.94
75.88 77.53
75.37 77.15
74.87 76.78
74.34 76.41
73.81 76.04
73.27 75.66
72.74 75.27
72.21 74.88
71.7 74.48
71.19 74.07
70.66 73.65
70.12 73.2
69.56 72.74
68.98 72.25
68.41 71.77
67.86 71.3
67.37 70.93
66.98 70.53
66.38 70.01
65.75 69.54
65.08 69.09
64.52 68.51
63.83 68.11
