64.0 69.23
68.87 71.67
77.01 75.88
88.6 81.89
102.93 89.37
118.58 97.64
134.06 105.89
148.05 113.32
159.42 119.36
167.61 123.76
172.67 126.6
174.97 128.2
175.0 128.97
173.31 129.34
170.4 129.58
166.63 129.89
162.33 130.38
157.79 131.05
153.2 131.9
148.71 132.87
144.44 133.82
140.35 134.62
136.39 135.09
132.46 135.1
128.46 134.58
124.28 133.51
119.88 131.98
115.31 130.08
110.68 127.94
106.14 125.67
101.84 123.35
97.97 121.03
94.61 118.75
91.8 116.52
89.57 114.38
87.9 112.32
86.74 110.37
86.04 108.51
85.71 106.74
85.66 105.03
85.78 103.36
85.98 101.71
86.12 100.05
86.13 98.38
85.94 96.67
85.51 94.95
84.84 93.23
83.93 91.52
82.83 89.85
81.6 88.23
80.28 86.68
78.91 85.22
77.52 83.83
76.16 82.53
74.85 81.31
73.59 80.16
72.39 79.09
71.27 78.07
70.22 77.1
69.21 76.16
68.24 75.23
67.29 74.31
66.37 73.38
65.46 72.45
64.56 71.52
63.67 70.6
62.83 69.76
62.29 69.03
61.95 68.53
61.77 68.3
62.0 68.18
