75.0 75.98
77.04 77.08
80.35 78.86
84.93 81.34
90.6 84.42
97.01 87.91
103.68 91.57
110.17 95.13
116.1 98.37
121.12 101.16
125.03 103.4
127.75 105.12
129.35 106.4
130.0 107.34
129.89 108.07
129.25 108.72
128.24 109.39
127.02 110.13
125.72 110.97
124.41 111.88
123.16 112.85
122.01 113.81
121.01 114.74
120.15 115.59
119.47 116.35
118.96 117.04
118.61 117.66
118.39 118.21
118.28 118.71
118.24 119.13
118.22 119.47
118.17 119.7
118.05 119.81
117.8 119.76
117.37 119.52
116.68 119.07
115.66 118.39
114.25 117.45
112.4 116.24
110.14 114.81
107.57 113.22
104.89 111.55
102.28 109.93
99.95 108.45
98.05 107.19
96.62 106.17
95.66 105.38
95.12 104.78
94.91 104.29
94.94 103.87
95.12 103.46
95.36 103.01
95.59 102.51
95.75 101.93
95.82 101.29
95.77 100.59
95.59 99.84
95.29 99.07
94.89 98.3
94.41 97.55
93.86 96.83
93.28 96.16
92.68 95.52
92.08 94.92
91.49 94.35
90.89 93.79
90.3 93.24
89.71 92.69
89.1 92.15
88.49 91.62
87.88 91.09
87.28 90.58
86.71 90.09
86.17 89.61
85.66 89.15
85.19 88.7
84.73 88.26
84.29 87.82
83.85 87.37
83.44 86.93
83.03 86.48
82.64 86.03
82.28 85.6
81.96 85.18
81.66 84.78
81.4 84.39
81.17 84.03
80.95 83.67
80.75 83.34
80.56 83.01
80.37 82.69
80.18 82.38
79.98 82.07
79.78 81.76
79.57 81.46
79.36 81.16
79.14 80.88
78.93 80.6
78.72 80.34
78.52 80.1
78.34 79.87
78.18 79.66
78.02 79.45
77.88 79.26
77.73 79.07
77.58 78.87
77.42 78.68
77.24 78.48
77.05 78.27
76.85 78.06
76.64 77.85
76.44 77.65
76.24 77.45
76.05 77.26
75.86 77.08
75.69 76.9
75.51 76.72
75.33 76.54
75.14 76.35
74.92 76.15
74.68 75.94
74.43 75.71
74.16 75.48
73.93 75.27
73.77 75.12
73.76 75.1
73.74 75.14
73.73 75.17
73.83 75.32
