73.0 73.83
75.16 74.92
78.64 76.71
83.43 79.22
89.35 82.38
96.0 85.98
102.92 89.78
109.67 93.51
115.85 96.94
121.05 99.89
124.97 102.24
127.52 103.98
128.79 105.18
129.0 105.96
128.43 106.5
127.36 106.95
126.01 107.46
124.53 108.09
123.04 108.87
121.62 109.78
120.31 110.76
119.17 111.76
118.22 112.73
117.47 113.63
116.93 114.45
116.57 115.2
116.37 115.86
116.29 116.44
116.27 116.92
116.26 117.3
116.2 117.56
116.05 117.69
115.74 117.68
115.23 117.48
114.47 117.09
113.4 116.45
111.96 115.56
110.09 114.4
107.8 112.98
105.15 111.35
102.29 109.59
99.45 107.82
96.85 106.15
94.69 104.69
93.08 103.5
92.03 102.6
91.48 101.94
91.33 101.46
91.48 101.09
91.83 100.75
92.28 100.39
92.73 99.98
93.11 99.49
93.37 98.93
93.47 98.28
93.42 97.56
93.21 96.8
92.86 96.02
92.39 95.24
91.84 94.5
91.22 93.8
90.55 93.14
89.84 92.51
89.12 91.89
88.4 91.28
87.68 90.69
86.97 90.11
86.29 89.55
85.64 89.01
85.04 88.51
84.47 88.04
83.95 87.59
83.47 87.16
83.02 86.74
82.6 86.33
82.2 85.91
81.82 85.5
81.47 85.08
81.13 84.67
80.82 84.25
80.52 83.85
80.25 83.45
80.01 83.07
79.77 82.69
79.54 82.33
79.32 81.98
79.1 81.63
78.9 81.3
78.71 80.98
78.52 80.68
78.35 80.39
78.19 80.11
78.03 79.85
77.87 79.6
77.71 79.36
77.55 79.13
77.39 78.9
77.23 78.68
77.07 78.47
76.91 78.26
76.76 78.07
76.62 77.88
76.49 77.71
76.37 77.54
76.23 77.38
76.09 77.22
75.93 77.05
75.76 76.89
75.58 76.71
75.4 76.54
75.22 76.36
75.05 76.19
74.88 76.02
74.71 75.85
74.55 75.68
74.37 75.51
74.2 75.35
74.01 75.18
73.81 75.01
73.59 74.82
73.35 74.63
73.1 74.46
72.94 74.29
72.78 74.11
72.63 74.0
72.79 73.99
72.84 74.09
