84.99 86.91
86.38 87.62
88.62 88.79
91.72 90.42
95.56 92.45
99.88 94.75
104.39 97.16
108.79 99.51
112.87 101.68
116.5 103.61
119.59 105.31
122.19 106.82
124.33 108.21
126.06 109.51
127.44 110.78
128.5 112.03
129.29 113.27
129.84 114.51
130.19 115.76
130.4 117.0
130.51 118.23
130.59 119.44
130.64 120.61
130.68 121.71
130.74 122.75
130.8 123.73
130.89 124.64
130.97 125.5
131.0 126.27
130.95 126.94
130.78 127.48
130.49 127.88
130.09 128.13
129.56 128.24
128.91 128.2
128.1 128.01
127.08 127.67
125.82 127.16
124.32 126.48
122.64 125.65
120.84 124.73
119.02 123.75
117.28 122.78
115.68 121.85
114.31 121.01
113.22 120.29
112.44 119.68
111.94 119.17
111.65 118.73
111.51 118.32
111.43 117.88
111.35 117.41
111.24 116.87
111.08 116.27
110.88 115.63
110.63 114.97
110.34 114.31
110.02 113.67
109.68 113.04
109.3 112.45
108.92 111.89
108.5 111.35
108.05 110.81
107.55 110.28
107.01 109.75
106.46 109.21
105.89 108.66
105.32 108.12
104.73 107.56
104.11 107.01
103.45 106.45
102.76 105.89
102.07 105.34
101.4 104.81
100.78 104.3
100.23 103.83
99.74 103.38
99.3 102.95
98.9 102.52
98.5 102.1
98.14 101.66
97.76 101.2
97.36 100.73
96.95 100.25
96.54 99.78
96.13 99.31
95.73 98.85
95.38 98.4
95.04 97.96
94.68 97.52
94.33 97.09
93.96 96.67
93.56 96.25
93.18 95.84
92.81 95.44
92.46 95.05
92.12 94.66
91.78 94.28
91.44 93.89
91.08 93.51
90.71 93.12
90.33 92.73
89.96 92.36
89.62 92.0
89.3 91.66
89.0 91.33
88.72 91.0
88.42 90.67
88.11 90.34
87.79 89.99
87.45 89.64
87.12 89.3
86.8 88.97
86.52 88.66
86.25 88.36
85.99 88.07
85.73 87.78
85.47 87.51
85.04 87.19
84.54 86.82
84.13 86.57
83.88 86.36
83.35 86.16
83.18 86.08
