68.0 68.9
69.77 69.88
72.6 71.43
76.52 73.58
81.43 76.27
87.07 79.36
93.09 82.66
99.12 85.96
104.77 89.05
109.67 91.78
113.61 94.03
116.47 95.79
118.24 97.09
119.0 97.99
118.88 98.6
118.05 99.02
116.67 99.33
114.88 99.6
112.81 99.87
110.6 100.13
108.32 100.39
106.08 100.62
103.92 100.8
101.89 100.91
100.03 100.95
98.35 100.9
96.83 100.78
95.49 100.59
94.32 100.33
93.31 100.02
92.42 99.65
91.62 99.2
90.87 98.67
90.11 98.02
89.28 97.25
88.37 96.35
87.41 95.35
86.41 94.29
85.44 93.22
84.57 92.18
83.85 91.23
83.32 90.38
82.99 89.66
82.87 89.06
82.94 88.57
83.18 88.2
83.56 87.92
84.06 87.72
84.64 87.58
85.27 87.49
85.93 87.44
86.56 87.4
87.14 87.37
87.64 87.34
88.03 87.3
88.31 87.25
88.46 87.18
88.47 87.09
88.36 86.97
88.13 86.81
87.77 86.63
87.32 86.42
86.78 86.19
86.18 85.94
85.51 85.67
84.8 85.39
84.08 85.09
83.34 84.77
82.61 84.44
81.88 84.09
81.17 83.73
80.47 83.35
79.77 82.94
79.08 82.52
78.4 82.06
77.73 81.58
77.06 81.08
76.42 80.56
75.79 80.03
75.19 79.5
74.65 78.99
74.16 78.48
73.74 78.0
73.35 77.52
73.0 77.06
72.67 76.59
72.35 76.14
72.04 75.69
71.76 75.25
71.52 74.83
71.32 74.44
71.14 74.07
71.0 73.73
70.86 73.4
70.73 73.08
70.6 72.78
70.46 72.5
70.33 72.23
70.2 71.97
70.05 71.72
69.9 71.47
69.73 71.22
69.56 70.98
69.38 70.75
69.19 70.52
69.0 70.3
68.8 70.1
68.6 69.93
68.47 69.78
68.35 69.52
68.14 69.36
68.21 69.36
68.23 69.42
