69.0 70.75
70.45 71.54
72.56 72.74
75.41 74.34
79.01 76.36
83.29 78.73
88.1 81.35
93.18 84.07
98.2 86.72
102.8 89.15
106.72 91.22
109.73 92.87
111.76 94.08
112.82 94.89
113.0 95.4
112.4 95.68
111.21 95.82
109.57 95.89
107.61 95.93
105.47 95.97
103.24 96.0
101.01 96.02
98.81 96.01
96.71 95.95
94.7 95.81
92.82 95.58
91.06 95.26
89.44 94.84
87.96 94.33
86.59 93.74
85.3 93.07
84.08 92.32
82.89 91.5
81.73 90.6
80.62 89.64
79.55 88.63
78.58 87.62
77.74 86.63
77.04 85.68
76.51 84.8
76.15 84.0
75.98 83.3
75.97 82.68
76.11 82.15
76.39 81.72
76.79 81.37
77.29 81.09
77.86 80.88
78.48 80.73
79.13 80.63
79.77 80.58
80.38 80.55
80.94 80.53
81.41 80.53
81.78 80.52
82.04 80.5
82.18 80.47
82.19 80.41
82.09 80.33
81.88 80.23
81.58 80.11
81.21 79.98
80.77 79.84
80.28 79.69
79.77 79.52
79.22 79.35
78.65 79.16
78.1 78.96
77.56 78.76
77.04 78.54
76.54 78.31
76.06 78.07
75.6 77.8
75.13 77.52
74.67 77.2
74.21 76.87
73.76 76.51
73.31 76.15
72.89 75.78
72.48 75.4
72.09 75.02
71.72 74.64
71.38 74.26
71.02 73.87
70.66 73.47
70.29 73.07
69.91 72.65
69.52 72.24
69.14 71.83
68.77 71.44
68.46 71.11
68.28 70.88
68.31 70.79
68.64 70.87
69.31 71.2
