78.0 78.49
79.15 79.15
80.94 80.16
83.38 81.53
86.42 83.23
89.99 85.2
93.9 87.36
97.96 89.59
101.93 91.76
105.55 93.76
108.63 95.5
111.03 96.94
112.69 98.06
113.65 98.9
114.0 99.52
113.84 100.0
113.33 100.42
112.57 100.84
111.68 101.28
110.73 101.76
109.78 102.28
108.86 102.81
108.02 103.33
107.24 103.82
106.53 104.25
105.89 104.61
105.29 104.89
104.73 105.08
104.19 105.18
103.64 105.18
103.06 105.08
102.43 104.89
101.7 104.57
100.85 104.14
99.84 103.57
98.7 102.87
97.45 102.08
96.16 101.21
94.89 100.33
93.71 99.46
92.67 98.65
91.81 97.92
91.14 97.28
90.68 96.73
90.41 96.26
90.31 95.87
90.37 95.53
90.53 95.23
90.78 94.97
91.06 94.71
91.34 94.45
91.58 94.17
91.76 93.88
91.86 93.56
91.86 93.22
91.74 92.86
91.52 92.48
91.21 92.09
90.81 91.69
90.34 91.28
89.83 90.88
89.28 90.47
88.7 90.08
88.1 89.68
87.5 89.3
86.91 88.92
86.33 88.54
85.77 88.17
85.23 87.8
84.72 87.44
84.25 87.09
83.8 86.73
83.38 86.38
82.99 86.03
82.62 85.67
82.28 85.31
81.95 84.96
81.64 84.6
81.34 84.24
81.07 83.89
80.81 83.54
80.57 83.21
80.36 82.88
80.17 82.57
79.99 82.28
79.82 81.99
79.67 81.72
79.52 81.46
79.38 81.2
79.26 80.96
79.15 80.74
79.05 80.53
78.97 80.34
78.92 80.17
78.88 80.02
78.85 79.89
78.83 79.76
78.79 79.64
78.75 79.52
78.68 79.4
78.61 79.28
78.52 79.15
78.43 79.03
78.32 78.89
78.18 78.76
78.03 78.61
77.86 78.48
77.7 78.35
77.57 78.26
77.44 78.22
77.4 78.2
77.36 78.24
77.38 78.24
