84.0 85.99
86.76 87.4
91.47 89.84
98.16 93.35
106.43 97.72
115.43 102.54
124.21 107.32
132.03 111.61
138.43 115.14
143.21 117.79
146.41 119.66
148.23 120.94
149.0 121.87
148.98 122.67
148.41 123.47
147.48 124.36
146.32 125.36
145.01 126.47
143.61 127.65
142.14 128.85
140.63 129.98
139.07 130.96
137.47 131.71
135.81 132.19
134.09 132.38
132.27 132.3
130.3 131.99
128.15 131.45
125.75 130.7
123.05 129.69
120.05 128.4
116.78 126.85
113.37 125.06
109.96 123.12
106.73 121.13
103.83 119.17
101.36 117.34
99.37 115.68
97.88 114.19
96.85 112.86
96.22 111.68
95.94 110.6
95.92 109.59
96.06 108.62
96.3 107.65
96.55 106.68
96.76 105.69
96.9 104.68
96.95 103.68
96.9 102.69
96.76 101.74
96.52 100.82
96.18 99.96
95.77 99.14
95.28 98.36
94.73 97.61
94.14 96.9
93.51 96.22
92.87 95.57
92.21 94.95
91.57 94.37
90.94 93.83
90.34 93.32
89.77 92.83
89.23 92.38
88.74 91.95
88.27 91.53
87.82 91.13
87.4 90.72
86.97 90.32
86.54 89.9
86.11 89.46
85.69 89.03
85.28 88.59
84.91 88.17
84.57 87.76
84.26 87.36
83.97 86.98
83.68 86.6
83.39 86.24
83.17 85.95
83.12 85.73
83.07 85.53
83.14 85.44
