83.99 84.48
86.26 85.73
89.7 87.65
94.39 90.26
100.22 93.51
106.96 97.26
114.32 101.35
121.91 105.55
129.27 109.64
136.0 113.42
141.74 116.74
146.28 119.52
149.57 121.78
151.68 123.57
152.77 125.01
153.0 126.23
152.56 127.34
151.63 128.41
150.37 129.51
148.96 130.65
147.51 131.83
146.09 133.02
144.76 134.17
143.52 135.25
142.34 136.2
141.21 137.0
140.09 137.62
138.99 138.05
137.88 138.3
136.76 138.39
135.61 138.3
134.38 138.05
133.02 137.6
131.45 136.93
129.61 135.99
127.42 134.74
124.86 133.21
121.99 131.42
118.94 129.45
115.87 127.4
112.95 125.37
110.32 123.45
108.07 121.7
106.24 120.14
104.83 118.77
103.79 117.55
103.07 116.45
102.62 115.43
102.35 114.44
102.19 113.47
102.1 112.5
102.03 111.5
101.94 110.5
101.8 109.47
101.56 108.44
101.22 107.41
100.77 106.39
100.23 105.38
99.61 104.42
98.94 103.49
98.24 102.6
97.54 101.76
96.85 100.96
96.18 100.21
95.53 99.5
94.91 98.83
94.31 98.19
93.74 97.59
93.18 97.02
92.63 96.46
92.1 95.92
91.58 95.39
91.08 94.88
90.61 94.37
90.16 93.88
89.74 93.4
89.35 92.94
88.99 92.49
88.65 92.06
88.32 91.63
87.98 91.2
87.65 90.77
87.31 90.34
86.97 89.92
86.64 89.5
86.33 89.1
86.05 88.72
85.79 88.37
85.58 88.05
85.41 87.76
85.28 87.49
85.17 87.24
85.06 86.99
84.93 86.74
84.77 86.48
84.58 86.22
84.38 85.96
84.17 85.7
83.97 85.45
83.79 85.22
83.61 85.0
83.43 84.79
83.25 84.58
83.05 84.36
82.83 84.15
82.61 83.95
82.46 83.81
82.52 83.76
82.74 83.83
83.12 84.07
