65.0 65.97
67.07 67.15
70.32 68.98
74.83 71.5
80.48 74.64
87.0 78.26
94.04 82.15
101.22 86.08
108.07 89.81
114.14 93.15
119.1 95.95
122.76 98.13
125.03 99.73
126.0 100.8
125.83 101.48
124.74 101.88
122.93 102.14
120.62 102.33
117.98 102.53
115.16 102.74
112.27 102.95
109.42 103.14
106.66 103.28
104.08 103.35
101.73 103.34
99.61 103.25
97.75 103.08
96.14 102.83
94.78 102.52
93.62 102.14
92.68 101.72
91.92 101.24
91.31 100.72
90.8 100.13
90.33 99.45
89.83 98.65
89.23 97.72
88.47 96.64
87.52 95.44
86.44 94.14
85.29 92.82
84.17 91.54
83.21 90.38
82.48 89.39
82.01 88.58
81.83 87.96
81.9 87.51
82.18 87.2
82.65 87.01
83.26 86.91
83.97 86.87
84.76 86.89
85.58 86.94
86.4 87.01
87.21 87.1
87.94 87.19
88.58 87.27
89.09 87.33
89.42 87.36
89.57 87.34
89.53 87.27
89.3 87.15
88.91 86.98
88.38 86.76
87.74 86.51
87.03 86.24
86.26 85.96
85.45 85.66
84.62 85.35
83.78 85.03
82.94 84.7
82.15 84.37
81.4 84.03
80.7 83.68
80.06 83.33
79.46 82.96
78.9 82.58
78.35 82.18
77.84 81.75
77.32 81.3
76.82 80.83
76.33 80.34
75.85 79.85
75.38 79.34
74.93 78.83
74.48 78.31
74.05 77.8
73.63 77.29
73.2 76.78
72.79 76.28
72.38 75.79
71.97 75.31
71.58 74.84
71.19 74.38
70.83 73.93
70.49 73.5
70.17 73.08
69.84 72.68
69.53 72.29
69.23 71.9
68.92 71.53
68.64 71.18
68.37 70.83
68.12 70.5
67.87 70.18
67.65 69.88
67.42 69.58
67.2 69.29
66.98 69.01
66.76 68.73
66.55 68.46
66.34 68.19
66.13 67.93
65.97 67.69
65.85 67.5
65.73 67.34
65.68 67.17
65.63 66.99
65.37 66.67
65.08 66.33
64.8 65.97
64.49 65.69
64.3 65.52
64.47 65.65
64.74 65.79
65.37 65.98
