68.0 72.31
72.21 74.43
79.45 78.16
89.59 83.51
102.05 90.02
115.15 96.99
127.4 103.67
138.03 109.45
146.57 113.98
152.76 117.2
156.53 119.24
158.0 120.34
157.5 120.78
155.47 120.84
152.37 120.72
148.58 120.59
144.44 120.6
140.2 120.81
136.0 121.23
131.92 121.78
127.99 122.33
124.25 122.71
120.69 122.8
117.33 122.55
114.16 121.96
111.14 121.11
108.23 120.06
105.35 118.84
102.46 117.45
99.54 115.88
96.61 114.1
93.75 112.15
91.01 110.08
88.48 107.95
86.24 105.83
84.35 103.79
82.85 101.85
81.77 100.06
81.13 98.44
80.9 97.0
81.05 95.75
81.51 94.67
82.18 93.73
82.98 92.89
83.83 92.11
84.63 91.37
85.33 90.64
85.85 89.9
86.18 89.16
86.29 88.42
86.16 87.67
85.82 86.92
85.29 86.17
84.6 85.44
83.8 84.73
82.9 84.04
81.94 83.38
80.94 82.75
79.93 82.14
78.92 81.55
77.94 80.99
77.02 80.44
76.14 79.91
75.31 79.39
74.52 78.87
73.77 78.34
73.04 77.79
72.33 77.22
71.64 76.64
71.0 76.08
70.47 75.66
70.04 75.27
69.61 74.78
69.23 74.32
68.75 73.71
68.11 72.9
67.38 72.04
