71.0 72.74
72.09 73.3
73.81 74.23
76.18 75.51
79.13 77.09
82.48 78.89
86.05 80.8
89.67 82.72
93.2 84.58
96.48 86.3
99.39 87.83
101.78 89.14
103.56 90.19
104.64 90.96
105.0 91.47
104.67 91.73
103.76 91.82
102.38 91.78
100.69 91.68
98.81 91.56
96.86 91.45
94.94 91.35
93.11 91.26
91.42 91.18
89.89 91.08
88.53 90.96
87.31 90.79
86.18 90.54
85.08 90.17
83.97 89.68
82.83 89.06
81.69 88.34
80.57 87.54
79.53 86.73
78.63 85.93
77.88 85.19
77.29 84.5
76.86 83.88
76.6 83.32
76.47 82.81
76.49 82.34
76.63 81.93
76.88 81.56
77.2 81.23
77.57 80.93
77.97 80.66
78.34 80.4
78.67 80.15
78.94 79.91
79.13 79.67
79.23 79.44
79.23 79.2
79.14 78.97
78.97 78.73
78.71 78.49
78.39 78.24
78.03 78.01
77.65 77.78
77.26 77.57
76.87 77.37
76.51 77.19
76.18 77.03
75.86 76.86
75.54 76.69
75.22 76.5
74.87 76.29
74.5 76.05
74.11 75.79
73.71 75.52
73.32 75.24
72.95 74.96
72.61 74.68
72.29 74.4
71.98 74.11
71.66 73.82
71.34 73.52
71.02 73.21
70.7 72.91
70.44 72.65
70.23 72.4
70.08 72.21
70.08 72.14
70.09 72.02
