66.0 66.87
67.82 67.89
70.8 69.58
75.01 71.92
80.13 74.75
85.68 77.87
91.39 81.05
96.96 84.08
102.03 86.81
106.28 89.1
109.51 90.93
111.67 92.28
112.78 93.22
113.0 93.83
112.49 94.22
111.49 94.53
110.15 94.86
108.65 95.28
107.11 95.79
105.6 96.4
104.16 97.03
102.82 97.63
101.57 98.15
100.42 98.57
99.37 98.88
98.4 99.08
97.5 99.18
96.66 99.18
95.85 99.08
95.06 98.88
94.28 98.59
93.47 98.21
92.63 97.73
91.75 97.15
90.82 96.48
89.84 95.72
88.82 94.89
87.8 94.0
86.79 93.08
85.85 92.18
84.98 91.3
84.21 90.47
83.55 89.69
83.02 88.98
82.59 88.34
82.29 87.76
82.1 87.24
82.03 86.79
82.06 86.4
82.17 86.06
82.33 85.76
82.51 85.47
82.66 85.18
82.75 84.88
82.78 84.57
82.74 84.24
82.62 83.9
82.43 83.54
82.16 83.18
81.82 82.81
81.41 82.43
80.96 82.06
80.47 81.69
79.99 81.34
79.5 81.0
79.0 80.66
78.5 80.32
78.01 79.99
77.5 79.65
77.01 79.3
76.52 78.94
76.03 78.58
75.55 78.21
75.07 77.83
74.63 77.46
74.22 77.09
73.84 76.73
73.49 76.38
73.15 76.02
72.82 75.66
72.49 75.3
72.16 74.93
71.84 74.56
71.53 74.19
71.24 73.83
70.96 73.48
70.69 73.15
70.44 72.82
70.21 72.5
69.98 72.19
69.75 71.88
69.52 71.57
69.3 71.28
69.08 70.99
68.85 70.71
68.63 70.43
68.4 70.16
68.17 69.89
67.94 69.63
67.72 69.37
67.5 69.12
67.29 68.88
67.1 68.66
66.92 68.44
66.75 68.23
66.58 68.03
66.43 67.83
66.28 67.63
66.13 67.44
65.96 67.26
65.82 67.11
65.78 66.97
65.75 66.85
65.71 66.74
65.67 66.63
65.67 66.51
65.7 66.51
65.58 66.4
65.57 66.26
65.63 66.21
