71.0 71.88
72.58 72.73
75.1 74.08
78.51 75.93
82.67 78.19
87.31 80.74
92.21 83.46
97.19 86.22
102.14 88.95
106.91 91.61
111.33 94.11
115.17 96.39
118.24 98.38
120.4 100.02
121.62 101.29
122.0 102.24
121.67 102.95
120.83 103.54
119.64 104.08
118.27 104.65
116.8 105.24
115.33 105.85
113.89 106.44
112.52 106.99
111.22 107.46
109.99 107.86
108.83 108.17
107.72 108.38
106.64 108.46
105.56 108.4
104.46 108.17
103.3 107.76
102.02 107.19
100.63 106.45
99.1 105.57
97.48 104.56
95.82 103.47
94.19 102.33
92.66 101.19
91.3 100.08
90.16 99.04
89.24 98.09
88.57 97.24
88.1 96.47
87.82 95.79
87.69 95.16
87.67 94.57
87.74 94.02
87.86 93.5
88.02 92.99
88.19 92.5
88.33 92.02
88.4 91.54
88.41 91.06
88.31 90.57
88.12 90.08
87.83 89.59
87.46 89.1
87.04 88.61
86.57 88.15
86.09 87.7
85.59 87.26
85.08 86.85
84.56 86.45
84.05 86.05
83.52 85.67
82.99 85.29
82.47 84.91
81.96 84.53
81.46 84.15
80.99 83.77
80.53 83.39
80.09 83.01
79.66 82.63
79.25 82.24
78.85 81.85
78.45 81.46
78.06 81.07
77.68 80.68
77.32 80.29
76.97 79.9
76.65 79.52
76.33 79.14
76.01 78.76
75.7 78.38
75.38 78.01
75.06 77.63
74.75 77.27
74.45 76.91
74.16 76.56
73.89 76.22
73.63 75.9
73.4 75.6
73.2 75.32
73.02 75.06
72.87 74.82
72.74 74.59
72.63 74.37
72.49 74.15
72.34 73.93
72.21 73.71
72.03 73.47
71.8 73.19
71.56 72.92
71.32 72.64
71.06 72.37
70.83 72.13
70.67 71.97
70.61 71.8
70.49 71.63
70.39 71.52
70.14 71.4
69.77 71.09
69.32 70.81
