63.99 66.94
68.13 69.04
74.76 72.55
83.94 77.45
95.2 83.49
107.65 90.25
120.41 97.21
132.69 103.87
143.7 109.79
152.72 114.69
159.29 118.43
163.32 121.04
165.0 122.7
164.71 123.65
162.94 124.19
160.16 124.58
156.73 125.02
152.94 125.62
148.95 126.38
144.87 127.23
140.77 128.04
136.7 128.67
132.7 129.05
128.83 129.12
125.11 128.88
121.55 128.36
118.14 127.6
114.82 126.6
111.57 125.37
108.34 123.9
105.11 122.21
101.9 120.32
98.77 118.28
95.81 116.12
93.12 113.92
90.76 111.74
88.81 109.61
87.3 107.6
86.22 105.73
85.59 104.03
85.35 102.52
85.49 101.18
85.93 100.01
86.58 98.97
87.37 98.04
88.19 97.18
88.97 96.34
89.64 95.52
90.14 94.69
90.42 93.86
90.48 93.01
90.3 92.16
89.92 91.33
89.34 90.5
88.62 89.7
87.78 88.93
86.86 88.2
85.89 87.51
84.88 86.84
83.84 86.21
82.8 85.59
81.76 84.98
80.72 84.37
79.71 83.76
78.73 83.14
77.77 82.5
76.84 81.86
75.93 81.19
75.05 80.51
74.18 79.8
73.33 79.08
72.5 78.33
71.68 77.58
70.9 76.82
70.15 76.06
69.44 75.31
68.75 74.56
68.08 73.82
67.44 73.09
66.86 72.41
66.36 71.86
66.1 71.41
65.78 71.02
65.63 70.83
65.71 70.96
66.0 71.24
66.75 71.64
67.85 72.37
68.67 73.1
70.11 73.75
