71.0 71.8
72.35 72.51
74.5 73.65
77.43 75.23
81.03 77.18
85.1 79.41
89.41 81.76
93.69 84.11
97.74 86.34
101.36 88.35
104.39 90.08
106.76 91.53
108.43 92.71
109.46 93.66
109.94 94.43
110.0 95.11
109.74 95.77
109.29 96.45
108.75 97.18
108.18 97.98
107.62 98.81
107.1 99.65
106.62 100.45
106.16 101.18
105.74 101.83
105.35 102.39
104.99 102.87
104.66 103.27
104.35 103.59
104.04 103.83
103.72 104.0
103.36 104.08
102.97 104.07
102.49 103.96
101.86 103.71
101.04 103.31
100.02 102.76
98.8 102.05
97.44 101.23
96.03 100.34
94.64 99.43
93.36 98.58
92.25 97.8
91.35 97.12
90.67 96.56
90.23 96.1
90.01 95.73
89.97 95.43
90.06 95.17
90.25 94.92
90.45 94.65
90.61 94.34
90.67 93.97
90.63 93.55
90.49 93.07
90.26 92.57
89.95 92.06
89.6 91.57
89.24 91.11
88.87 90.69
88.51 90.31
88.15 89.94
87.77 89.58
87.34 89.22
86.85 88.83
86.33 88.43
85.77 88.01
85.22 87.59
84.7 87.19
84.22 86.8
83.76 86.42
83.35 86.07
82.97 85.72
82.62 85.39
82.29 85.07
81.98 84.74
81.67 84.41
81.34 84.06
80.97 83.7
80.58 83.32
80.2 82.94
79.86 82.57
79.57 82.22
79.31 81.9
79.1 81.6
78.92 81.32
78.76 81.05
78.61 80.79
78.48 80.54
78.36 80.29
78.23 80.04
78.07 79.78
77.87 79.52
77.65 79.25
77.42 78.99
77.18 78.73
76.95 78.48
76.75 78.25
76.57 78.05
76.4 77.85
76.25 77.66
76.1 77.48
75.93 77.29
75.77 77.11
75.62 76.92
75.49 76.75
75.37 76.59
75.28 76.45
75.2 76.31
75.09 76.17
74.95 76.02
74.78 75.85
74.58 75.66
74.35 75.47
74.12 75.26
73.91 75.07
73.72 74.89
73.56 74.72
73.42 74.57
73.3 74.43
73.16 74.29
72.98 74.13
72.76 73.94
72.52 73.74
72.25 73.52
71.99 73.3
71.76 73.09
71.59 72.91
71.46 72.77
71.35 72.68
71.34 72.58
71.38 72.55
71.33 72.47
71.26 72.3
71.16 72.14
