79.99 82.6
82.61 83.99
87.2 86.44
93.74 89.93
101.75 94.17
110.3 98.72
118.41 103.08
125.44 106.84
131.02 109.77
135.08 111.86
137.66 113.23
138.9 114.06
139.0 114.54
138.15 114.83
136.59 115.01
134.5 115.16
132.05 115.31
129.37 115.52
126.61 115.79
123.84 116.09
121.14 116.39
118.56 116.59
116.14 116.64
113.87 116.5
111.76 116.17
109.8 115.69
107.96 115.11
106.2 114.44
104.48 113.69
102.75 112.81
101.02 111.8
99.31 110.66
97.68 109.42
96.21 108.15
94.97 106.9
94.0 105.73
93.32 104.66
92.94 103.72
92.86 102.91
93.06 102.23
93.51 101.67
94.18 101.23
95.0 100.88
95.93 100.61
96.87 100.38
97.78 100.18
98.6 99.98
99.3 99.77
99.84 99.56
100.22 99.33
100.41 99.09
100.41 98.84
100.23 98.56
99.86 98.25
99.33 97.92
98.65 97.55
97.86 97.17
96.99 96.77
96.07 96.36
95.11 95.96
94.14 95.54
93.19 95.13
92.26 94.7
91.36 94.27
90.51 93.83
89.68 93.37
88.88 92.89
88.1 92.38
87.32 91.83
86.55 91.26
85.81 90.66
85.11 90.05
84.45 89.44
83.85 88.84
83.31 88.25
82.82 87.68
82.37 87.12
81.95 86.56
81.55 86.01
81.17 85.47
80.84 84.95
80.53 84.49
80.21 84.04
79.93 83.59
79.67 83.18
79.54 82.9
79.59 82.63
79.44 82.26
79.46 82.07
