60.99 63.0
65.92 65.47
74.23 69.75
85.79 75.86
99.91 83.41
115.11 91.69
129.79 99.91
142.94 107.36
153.9 113.57
162.24 118.34
167.87 121.77
171.02 124.08
172.0 125.56
171.1 126.45
168.51 126.9
164.31 126.96
158.65 126.67
151.83 126.09
144.24 125.3
136.35 124.39
128.56 123.41
121.19 122.4
114.4 121.34
108.31 120.19
102.9 118.91
98.11 117.52
93.84 115.99
90.0 114.34
86.51 112.55
83.35 110.64
80.56 108.6
78.22 106.47
76.41 104.31
75.13 102.17
74.4 100.12
74.17 98.19
74.35 96.42
74.91 94.83
75.83 93.42
77.05 92.2
78.5 91.15
80.09 90.24
81.72 89.44
83.26 88.71
84.61 88.03
85.71 87.37
86.51 86.73
86.99 86.08
87.15 85.44
86.95 84.8
86.45 84.16
85.67 83.51
84.66 82.86
83.47 82.21
82.17 81.57
80.77 80.95
79.34 80.34
77.89 79.75
76.44 79.17
75.06 78.6
73.76 78.04
72.55 77.47
71.43 76.9
70.43 76.32
69.49 75.72
68.62 75.11
67.84 74.49
67.18 73.86
66.6 73.23
66.1 72.61
65.66 71.99
65.27 71.38
64.93 70.78
64.62 70.19
64.35 69.6
64.13 69.03
63.91 68.48
63.71 67.94
63.49 67.42
63.25 66.9
62.97 66.38
62.67 65.88
62.41 65.42
62.12 64.94
61.98 64.49
61.75 63.97
61.41 63.4
61.36 63.0
61.05 62.41
