85.0 87.29
88.17 88.92
93.34 91.64
100.55 95.47
109.46 100.24
119.41 105.62
129.66 111.2
139.51 116.55
148.29 121.31
155.5 125.27
160.89 128.36
164.47 130.64
166.42 132.27
167.0 133.46
166.51 134.38
165.21 135.19
163.25 135.98
160.8 136.79
157.98 137.6
154.89 138.37
151.61 139.02
148.2 139.47
144.67 139.65
141.04 139.49
137.29 138.98
133.43 138.12
129.46 136.94
125.42 135.49
121.36 133.85
117.37 132.07
113.56 130.21
110.03 128.31
106.86 126.41
104.12 124.54
101.89 122.72
100.18 120.98
98.96 119.33
98.21 117.8
97.89 116.38
97.91 115.06
98.2 113.83
98.68 112.67
99.29 111.58
99.98 110.55
100.71 109.59
101.44 108.71
102.17 107.9
102.84 107.17
103.44 106.51
103.92 105.92
104.3 105.4
104.58 104.94
104.74 104.53
104.76 104.15
104.66 103.8
104.39 103.46
103.95 103.09
103.38 102.7
102.69 102.29
101.89 101.85
101.0 101.39
100.05 100.92
99.06 100.45
98.06 99.99
97.07 99.53
96.13 99.07
95.23 98.62
94.36 98.14
93.5 97.64
92.66 97.11
91.84 96.55
91.07 95.98
90.37 95.4
89.77 94.84
89.23 94.28
88.74 93.73
88.27 93.18
87.81 92.63
87.35 92.06
86.9 91.47
86.43 90.87
85.95 90.26
85.48 89.66
85.04 89.07
84.64 88.52
84.3 88.0
84.04 87.57
83.94 87.32
83.78 87.25
83.51 87.08
83.38 87.08
