78.99 82.34
81.06 83.39
84.31 85.09
88.79 87.45
94.37 90.39
100.75 93.73
107.51 97.25
114.18 100.71
120.3 103.89
125.55 106.63
129.73 108.87
132.77 110.62
134.74 111.96
135.77 112.98
136.0 113.81
135.58 114.52
134.67 115.18
133.39 115.83
131.84 116.49
130.12 117.14
128.27 117.74
126.31 118.25
124.28 118.63
122.18 118.82
120.03 118.82
117.85 118.62
115.67 118.24
113.5 117.71
111.32 117.04
109.14 116.23
106.93 115.29
104.71 114.2
102.46 112.97
100.23 111.61
98.06 110.16
96.0 108.66
94.13 107.15
92.49 105.68
91.13 104.3
90.08 103.01
89.33 101.84
88.86 100.77
88.64 99.81
88.64 98.94
88.8 98.15
89.09 97.43
89.47 96.77
89.91 96.17
90.37 95.61
90.82 95.08
91.22 94.59
91.53 94.11
91.74 93.64
91.84 93.19
91.82 92.76
91.72 92.36
91.56 91.98
91.33 91.63
91.05 91.3
90.72 90.98
90.32 90.65
89.84 90.33
89.31 90.01
88.74 89.68
88.12 89.34
87.49 89.0
86.86 88.65
86.21 88.29
85.57 87.9
84.93 87.5
84.28 87.07
83.61 86.62
82.91 86.14
82.16 85.63
81.37 85.09
80.57 84.53
79.8 83.96
79.12 83.42
78.63 82.98
78.51 82.74
78.91 82.82
79.69 83.17
