76.99 79.27
79.93 80.92
84.64 83.57
91.16 87.2
99.31 91.72
108.7 96.86
118.74 102.3
128.76 107.68
138.1 112.66
146.16 117.01
152.6 120.6
157.35 123.46
160.56 125.72
162.52 127.59
163.57 129.29
163.99 131.0
164.0 132.83
163.71 134.81
163.19 136.88
162.44 138.93
161.42 140.86
160.12 142.55
158.51 143.93
156.57 144.95
154.34 145.6
151.87 145.9
149.18 145.87
146.29 145.53
143.18 144.9
139.78 143.95
136.05 142.68
132.0 141.07
127.63 139.13
123.07 136.9
118.48 134.46
114.03 131.91
109.91 129.35
106.23 126.85
103.07 124.47
100.42 122.23
98.27 120.12
96.54 118.12
95.17 116.18
94.06 114.29
93.15 112.42
92.39 110.57
91.75 108.74
91.22 106.94
90.8 105.2
90.46 103.53
90.16 101.95
89.88 100.45
89.58 99.04
89.26 97.71
88.89 96.45
88.47 95.26
88.01 94.13
87.52 93.07
86.99 92.07
86.46 91.14
85.96 90.29
85.51 89.52
85.09 88.82
84.71 88.18
84.34 87.6
83.97 87.05
83.57 86.53
83.16 86.03
82.72 85.54
82.28 85.07
81.85 84.62
81.44 84.18
81.03 83.76
80.6 83.32
80.13 82.87
79.61 82.4
79.04 81.89
78.43 81.37
77.84 80.85
77.3 80.34
76.82 79.87
76.39 79.42
75.95 78.98
75.47 78.53
74.94 78.08
74.42 77.67
74.15 77.38
74.13 77.21
74.3 77.22
