65.0 65.47
65.98 66.0
67.52 66.82
69.64 67.94
72.26 69.34
75.24 70.96
78.45 72.72
81.78 74.55
85.14 76.41
88.44 78.25
91.59 80.05
94.45 81.76
96.91 83.33
98.9 84.74
100.36 85.96
101.32 87.01
101.83 87.9
102.0 88.7
101.88 89.43
101.55 90.14
101.05 90.81
100.42 91.45
99.69 92.04
98.9 92.56
98.07 93.0
97.21 93.38
96.34 93.68
95.48 93.92
94.64 94.08
93.81 94.16
92.98 94.15
92.16 94.04
91.32 93.85
90.44 93.57
89.53 93.21
88.58 92.76
87.6 92.23
86.61 91.63
85.61 90.96
84.64 90.26
83.73 89.53
82.89 88.81
82.13 88.1
81.48 87.43
80.92 86.79
80.46 86.19
80.1 85.63
79.85 85.11
79.72 84.64
79.67 84.22
79.69 83.83
79.75 83.46
79.82 83.12
79.88 82.79
79.93 82.48
79.96 82.18
79.98 81.91
80.0 81.64
79.99 81.39
79.94 81.15
79.85 80.9
79.72 80.65
79.53 80.39
79.28 80.11
78.97 79.83
78.6 79.53
78.19 79.23
77.74 78.92
77.3 78.61
76.87 78.32
76.47 78.06
76.1 77.81
75.76 77.59
75.42 77.37
75.09 77.14
74.77 76.89
74.43 76.63
74.09 76.35
73.75 76.04
73.39 75.73
73.02 75.4
72.66 75.07
72.3 74.73
71.95 74.39
71.61 74.06
71.3 73.74
71.01 73.43
70.76 73.14
70.56 72.88
70.39 72.64
70.28 72.42
70.21 72.22
70.15 72.02
70.06 71.82
69.95 71.61
69.8 71.38
69.59 71.13
69.33 70.86
69.07 70.59
68.81 70.33
68.59 70.08
68.39 69.86
68.24 69.67
68.12 69.5
68.02 69.34
67.91 69.18
67.8 69.04
67.69 68.89
67.6 68.76
67.51 68.63
67.42 68.5
67.34 68.37
67.28 68.25
67.21 68.12
67.12 67.99
67.01 67.86
66.9 67.74
66.78 67.63
66.68 67.52
66.62 67.44
66.57 67.36
66.52 67.28
66.46 67.2
66.37 67.1
66.25 66.98
66.12 66.86
66.0 66.76
65.96 66.65
65.89 66.47
65.72 66.31
65.64 66.11
65.36 65.9
