71.0 72.27
72.85 73.22
75.89 74.79
80.14 77.01
85.37 79.78
91.2 82.92
97.18 86.19
102.94 89.37
108.24 92.32
112.97 94.97
117.05 97.3
120.46 99.36
123.16 101.19
125.15 102.81
126.41 104.24
126.99 105.5
127.0 106.62
126.5 107.62
125.62 108.54
124.48 109.4
123.12 110.2
121.59 110.9
119.95 111.47
118.21 111.89
116.42 112.16
114.62 112.3
112.86 112.32
111.16 112.27
109.55 112.16
108.06 111.97
106.64 111.68
105.28 111.28
103.91 110.72
102.5 110.0
101.01 109.12
99.44 108.09
97.82 106.95
96.21 105.72
94.67 104.45
93.26 103.19
92.01 101.97
90.94 100.81
90.07 99.73
89.37 98.74
88.84 97.83
88.47 96.99
88.24 96.21
88.11 95.49
88.08 94.8
88.11 94.15
88.18 93.54
88.26 92.95
88.33 92.4
88.36 91.87
88.34 91.37
88.29 90.9
88.22 90.46
88.14 90.06
88.06 89.7
87.96 89.36
87.81 89.04
87.61 88.72
87.34 88.4
87.0 88.06
86.58 87.71
86.12 87.35
85.64 86.99
85.15 86.64
84.66 86.3
84.15 85.95
83.63 85.6
83.09 85.24
82.54 84.87
81.98 84.48
81.45 84.1
80.94 83.72
80.45 83.35
79.99 82.98
79.56 82.61
79.15 82.23
78.75 81.84
78.33 81.44
77.9 81.02
77.45 80.58
76.99 80.14
76.53 79.69
76.11 79.25
75.75 78.84
75.43 78.45
75.16 78.09
74.94 77.76
74.74 77.44
74.55 77.14
74.38 76.84
74.19 76.54
73.98 76.24
73.77 75.93
73.54 75.61
73.3 75.3
73.06 74.99
72.82 74.68
72.56 74.36
72.28 74.05
71.98 73.74
71.66 73.42
71.32 73.11
70.97 72.81
70.64 72.53
70.35 72.3
70.22 72.12
70.1 71.91
69.84 71.75
69.99 71.6
69.86 71.55
