67.0 69.22
69.14 70.35
72.67 72.23
77.65 74.89
83.85 78.2
90.81 81.93
97.94 85.75
104.7 89.36
110.64 92.53
115.49 95.12
119.12 97.14
121.62 98.66
123.14 99.85
123.88 100.83
124.0 101.72
123.61 102.59
122.82 103.45
121.71 104.32
120.33 105.17
118.76 105.97
117.03 106.67
115.18 107.23
113.22 107.61
111.17 107.78
109.05 107.73
106.86 107.48
104.65 107.06
102.44 106.51
100.23 105.84
98.03 105.06
95.82 104.14
93.57 103.08
91.27 101.85
88.95 100.46
86.67 98.95
84.49 97.37
82.52 95.79
80.8 94.26
79.38 92.83
78.25 91.5
77.4 90.27
76.8 89.13
76.42 88.07
76.22 87.08
76.15 86.13
76.17 85.24
76.24 84.37
76.32 83.54
76.38 82.72
76.4 81.92
76.35 81.15
76.26 80.42
76.12 79.73
75.96 79.09
75.77 78.51
75.57 77.98
75.35 77.5
75.12 77.05
74.87 76.64
74.6 76.25
74.3 75.87
73.94 75.49
73.52 75.11
73.03 74.7
72.48 74.28
71.9 73.85
71.32 73.43
70.76 73.03
70.25 72.66
69.81 72.33
69.41 72.02
69.04 71.72
68.68 71.41
68.29 71.08
67.87 70.71
67.44 70.32
67.02 69.93
66.67 69.62
66.61 69.47
66.88 69.62
67.36 70.0
