82.0 82.89
84.15 84.1
87.69 86.04
92.71 88.78
99.06 92.22
106.28 96.14
113.78 100.22
120.92 104.12
127.11 107.53
131.97 110.25
135.33 112.23
137.26 113.55
138.0 114.4
137.9 114.99
137.29 115.54
136.44 116.21
135.51 117.07
134.63 118.14
133.84 119.4
133.15 120.77
132.6 122.2
132.17 123.59
131.87 124.91
131.69 126.09
131.61 127.13
131.58 128.01
131.59 128.75
131.56 129.35
131.44 129.81
131.14 130.11
130.58 130.2
129.62 130.01
128.16 129.47
126.08 128.53
123.38 127.2
120.19 125.52
116.75 123.65
113.35 121.76
110.32 120.01
107.9 118.55
106.16 117.43
105.1 116.64
104.61 116.1
104.56 115.71
104.77 115.36
105.09 114.95
105.37 114.43
105.54 113.76
105.52 112.94
105.29 111.98
104.86 110.92
104.27 109.8
103.54 108.67
102.73 107.58
101.87 106.55
101.01 105.6
100.16 104.74
99.35 103.94
98.58 103.19
97.84 102.47
97.13 101.74
96.43 101.03
95.75 100.32
95.09 99.62
94.44 98.94
93.81 98.29
93.2 97.66
92.62 97.06
92.08 96.49
91.6 95.96
91.17 95.45
90.81 94.98
90.5 94.53
90.22 94.1
89.96 93.67
89.7 93.24
89.44 92.81
89.16 92.37
88.88 91.93
88.59 91.5
88.32 91.08
88.06 90.69
87.81 90.32
87.58 89.97
87.36 89.63
87.13 89.31
86.89 88.99
86.64 88.67
86.36 88.35
86.08 88.03
85.8 87.72
85.53 87.42
85.27 87.14
85.03 86.87
84.81 86.63
84.63 86.4
84.46 86.19
84.31 85.99
84.17 85.8
84.04 85.6
83.89 85.41
83.74 85.2
83.56 84.98
83.36 84.76
83.16 84.53
82.94 84.29
82.7 84.06
82.47 83.84
82.25 83.64
82.05 83.48
81.94 83.38
81.99 83.42
82.01 83.21
81.95 83.19
82.0 83.23
81.72 83.19
