69.99 69.95
72.55 71.29
76.93 73.58
83.19 76.88
91.01 81.05
99.6 85.74
107.97 90.44
115.24 94.66
120.82 97.99
124.4 100.24
125.99 101.42
125.79 101.7
124.12 101.34
121.34 100.62
117.86 99.79
114.05 99.02
110.24 98.45
106.68 98.18
103.57 98.23
101.02 98.59
99.12 99.21
97.87 100.01
97.25 100.88
97.21 101.76
97.7 102.59
98.62 103.37
99.87 104.1
101.3 104.8
102.74 105.44
104.05 105.99
105.07 106.36
105.67 106.48
105.73 106.29
105.22 105.77
104.14 104.93
102.61 103.84
100.78 102.6
98.84 101.33
96.98 100.13
95.37 99.1
94.11 98.31
93.25 97.77
92.83 97.48
92.81 97.4
93.1 97.47
93.63 97.63
94.29 97.82
94.97 97.97
95.56 98.05
96.0 98.0
96.22 97.82
96.21 97.5
95.96 97.06
95.49 96.54
94.84 95.96
94.08 95.36
93.22 94.76
92.31 94.17
91.37 93.59
90.42 93.02
89.46 92.44
88.53 91.87
87.66 91.31
86.84 90.76
86.06 90.21
85.33 89.66
84.61 89.1
83.91 88.54
83.28 87.99
82.71 87.47
82.26 86.98
81.94 86.55
81.71 86.16
81.52 85.79
81.34 85.42
81.15 85.03
80.93 84.6
80.69 84.15
80.46 83.71
80.26 83.29
80.1 82.91
79.97 82.57
79.86 82.25
79.73 81.95
79.6 81.64
79.43 81.33
79.19 81.0
78.89 80.66
78.56 80.31
78.21 79.98
77.89 79.66
77.61 79.38
77.41 79.13
77.26 78.93
77.11 78.75
76.94 78.57
76.72 78.36
76.44 78.12
76.12 77.85
75.81 77.56
75.52 77.27
75.29 77.01
75.12 76.8
74.98 76.62
74.84 76.45
74.67 76.28
74.44 76.08
74.18 75.86
73.94 75.62
73.72 75.39
73.55 75.18
73.46 75.01
73.43 74.87
73.42 74.75
73.4 74.64
73.36 74.52
73.27 74.38
73.13 74.22
72.96 74.05
72.78 73.87
72.59 73.69
72.42 73.52
72.3 73.35
72.21 73.2
72.14 73.07
72.05 72.95
71.94 72.82
71.76 72.69
71.53 72.53
71.27 72.35
71.03 72.17
70.85 72.01
70.75 71.88
70.74 71.79
70.77 71.75
70.84 71.73
70.91 71.71
70.95 71.68
70.93 71.62
70.86 71.52
70.74 71.39
70.57 71.24
70.39 71.09
70.26 70.95
70.25 70.88
70.37 70.89
70.56 70.98
70.97 71.2
71.45 71.31
71.41 71.35
71.62 71.52
