56.0 58.86
61.72 61.79
71.2 66.73
84.68 73.79
101.42 82.6
119.71 92.42
137.72 102.27
153.83 111.18
166.71 118.39
175.57 123.48
180.2 126.43
181.0 127.59
178.75 127.51
174.4 126.78
168.83 125.95
162.77 125.41
156.77 125.38
151.18 125.96
146.14 127.07
141.7 128.55
137.86 130.19
134.51 131.73
131.5 132.93
128.64 133.58
125.72 133.59
122.58 132.93
119.09 131.66
115.24 129.9
111.11 127.8
106.9 125.49
102.8 123.1
98.99 120.73
95.64 118.43
92.82 116.22
90.53 114.1
88.77 112.07
87.51 110.11
86.68 108.24
86.23 106.45
86.11 104.76
86.23 103.16
86.5 101.64
86.84 100.19
87.14 98.77
87.3 97.36
87.28 95.96
87.03 94.56
86.53 93.16
85.78 91.76
84.82 90.37
83.67 88.98
82.34 87.6
80.9 86.23
79.36 84.88
77.76 83.56
76.15 82.27
74.56 81.03
73.0 79.84
71.52 78.71
70.13 77.63
68.84 76.6
67.67 75.62
66.63 74.69
65.7 73.8
64.87 72.93
64.12 72.08
63.42 71.24
62.76 70.41
62.14 69.57
61.57 68.75
61.05 67.94
60.58 67.15
60.15 66.39
59.75 65.65
59.36 64.92
58.97 64.21
58.56 63.5
58.13 62.79
57.67 62.09
57.26 61.42
56.9 60.8
56.59 60.22
56.29 59.79
55.86 59.35
55.3 58.75
54.87 58.45
54.13 57.81
