63.0 65.91
65.89 67.43
70.73 70.01
77.58 73.66
86.07 78.19
95.51 83.27
105.16 88.46
114.3 93.35
122.29 97.59
128.65 100.98
133.16 103.48
135.86 105.19
137.0 106.29
136.87 107.0
135.83 107.52
134.18 108.03
132.15 108.63
129.89 109.37
127.49 110.21
125.02 111.08
122.47 111.9
119.85 112.54
117.15 112.91
114.36 112.96
111.43 112.66
108.35 112.01
105.12 111.06
101.76 109.85
98.32 108.44
94.86 106.87
91.47 105.2
88.25 103.47
85.28 101.71
82.62 99.96
80.32 98.22
78.38 96.52
76.83 94.87
75.63 93.27
74.78 91.75
74.22 90.3
73.88 88.92
73.7 87.59
73.65 86.31
73.66 85.07
73.71 83.88
73.76 82.74
73.8 81.64
73.8 80.6
73.72 79.6
73.57 78.65
73.33 77.74
73.0 76.87
72.59 76.03
72.11 75.23
71.58 74.48
71.03 73.77
70.46 73.12
69.88 72.52
69.33 71.96
68.79 71.45
68.28 70.97
67.78 70.51
67.3 70.08
66.82 69.66
66.35 69.24
65.86 68.81
65.36 68.37
64.82 67.91
64.27 67.42
63.69 66.93
63.16 66.46
62.7 66.03
62.2 65.61
61.75 65.28
61.42 65.1
60.92 64.87
