74.0 75.62
75.03 76.19
76.7 77.1
79.02 78.38
81.95 79.97
85.33 81.78
88.94 83.68
92.51 85.54
95.81 87.23
98.62 88.67
100.84 89.83
102.42 90.71
103.41 91.36
103.91 91.86
104.0 92.27
103.78 92.66
103.34 93.05
102.75 93.47
102.05 93.9
101.28 94.33
100.46 94.75
99.61 95.12
98.75 95.43
97.89 95.66
97.02 95.78
96.13 95.81
95.2 95.72
94.23 95.53
93.2 95.23
92.1 94.84
90.94 94.35
89.73 93.79
88.5 93.15
87.28 92.47
86.12 91.75
85.03 91.03
84.07 90.31
83.23 89.62
82.54 88.97
81.99 88.36
81.59 87.8
81.31 87.28
81.15 86.79
81.09 86.33
81.1 85.9
81.17 85.5
81.29 85.12
81.41 84.76
81.54 84.42
81.66 84.09
81.75 83.77
81.79 83.46
81.78 83.16
81.72 82.86
81.6 82.57
81.42 82.27
81.2 81.98
80.95 81.7
80.67 81.43
80.37 81.16
80.05 80.91
79.72 80.67
79.39 80.43
79.06 80.2
78.72 79.97
78.38 79.74
78.04 79.5
77.7 79.26
77.36 79.02
77.03 78.77
76.7 78.51
76.38 78.26
76.07 78.0
75.77 77.74
75.48 77.47
75.2 77.21
74.91 76.93
74.61 76.65
74.33 76.38
74.07 76.13
73.89 75.95
73.87 75.84
73.95 75.77
74.11 75.8
