85.0 86.91
89.14 89.03
95.88 92.55
105.4 97.57
117.26 103.85
130.35 110.88
143.4 118.01
155.28 124.56
165.05 129.99
172.1 134.01
176.31 136.63
178.0 138.09
177.71 138.74
176.02 138.99
173.43 139.16
170.33 139.47
167.01 140.04
163.62 140.86
160.27 141.88
156.96 142.97
153.68 144.0
150.37 144.78
146.95 145.17
143.31 145.03
139.38 144.31
135.07 143.01
130.38 141.19
125.39 138.98
120.25 136.51
115.16 133.92
110.35 131.33
106.01 128.83
102.32 126.48
99.34 124.29
97.1 122.28
95.59 120.43
94.74 118.74
94.46 117.18
94.63 115.72
95.14 114.33
95.85 113.0
96.66 111.68
97.43 110.36
98.08 109.03
98.57 107.69
98.83 106.35
98.87 105.03
98.68 103.74
98.3 102.5
97.75 101.32
97.07 100.22
96.3 99.18
95.48 98.22
94.64 97.34
93.79 96.54
92.96 95.8
92.14 95.13
91.36 94.51
90.62 93.94
89.94 93.42
89.32 92.93
88.79 92.49
88.34 92.09
87.96 91.71
87.62 91.35
87.3 90.98
86.97 90.59
86.59 90.16
86.16 89.7
85.68 89.19
85.16 88.66
84.64 88.13
84.16 87.61
83.71 87.11
83.32 86.65
83.0 86.25
82.76 85.97
82.91 85.95
83.8 86.3
85.01 87.05
