78.0 80.62
80.0 81.62
83.22 83.28
87.72 85.63
93.33 88.57
99.65 91.9
106.21 95.35
112.49 98.68
118.13 101.66
122.87 104.17
126.6 106.21
129.31 107.81
131.05 109.05
131.9 110.04
132.0 110.83
131.41 111.48
130.3 112.05
128.78 112.56
126.99 113.05
125.11 113.56
123.23 114.09
121.44 114.64
119.8 115.16
118.33 115.64
117.01 116.02
115.8 116.29
114.7 116.44
113.62 116.43
112.45 116.24
111.15 115.86
109.66 115.26
107.99 114.45
106.2 113.47
104.4 112.4
102.75 111.3
101.33 110.27
100.21 109.34
99.41 108.53
98.86 107.82
98.53 107.18
98.35 106.57
98.3 105.98
98.35 105.39
98.47 104.8
98.62 104.24
98.78 103.68
98.89 103.13
98.94 102.58
98.88 102.03
98.75 101.47
98.52 100.91
98.18 100.36
97.77 99.79
97.25 99.21
96.6 98.6
95.84 97.96
94.97 97.29
94.05 96.61
93.1 95.94
92.17 95.31
91.31 94.72
90.52 94.19
89.81 93.69
89.18 93.22
88.62 92.76
88.12 92.31
87.64 91.85
87.18 91.37
86.7 90.87
86.21 90.35
85.71 89.8
85.16 89.23
84.6 88.65
84.03 88.05
83.43 87.45
82.82 86.84
82.22 86.24
81.63 85.65
81.07 85.06
80.52 84.48
80.0 83.91
79.49 83.36
79.0 82.84
78.56 82.36
78.22 81.96
78.02 81.66
77.96 81.42
77.97 81.2
77.95 80.96
