79.0 82.99
82.88 85.05
89.56 88.6
99.03 93.65
110.74 99.89
123.54 106.71
136.06 113.4
147.18 119.33
156.17 124.05
162.66 127.4
166.54 129.45
168.0 130.48
167.47 130.8
165.48 130.75
162.41 130.56
158.59 130.36
154.25 130.26
149.6 130.25
144.81 130.34
140.02 130.45
135.31 130.51
130.76 130.41
126.39 130.05
122.24 129.38
118.29 128.41
114.56 127.19
111.07 125.8
107.87 124.33
105.0 122.87
102.52 121.44
100.5 120.06
98.97 118.75
97.92 117.5
97.33 116.29
97.16 115.14
97.35 114.02
97.79 112.93
98.37 111.86
99.01 110.79
99.61 109.71
100.13 108.63
100.53 107.55
100.79 106.47
100.89 105.41
100.82 104.38
100.57 103.41
100.18 102.48
99.65 101.62
99.01 100.8
98.27 100.02
97.41 99.26
96.44 98.51
95.38 97.76
94.27 97.02
93.17 96.29
92.12 95.59
91.13 94.93
90.19 94.31
89.3 93.71
88.47 93.14
87.67 92.57
86.92 91.99
86.2 91.4
85.5 90.79
84.81 90.14
84.1 89.47
83.4 88.76
82.68 88.03
81.95 87.28
81.23 86.52
80.52 85.78
79.85 85.05
79.23 84.37
78.68 83.75
78.33 83.3
78.26 82.94
78.35 82.76
78.75 82.75
