70.02 69.7
71.48 70.49
73.78 71.78
77.03 73.67
81.45 76.13
86.67 78.98
91.99 82.03
97.24 85.04
102.15 87.79
106.28 90.12
109.34 91.92
111.25 93.17
112.0 93.9
111.69 94.2
110.51 94.19
108.71 93.99
106.49 93.72
104.06 93.48
101.6 93.35
99.22 93.33
97.01 93.41
94.99 93.54
93.16 93.66
91.52 93.71
90.04 93.65
88.7 93.46
87.48 93.16
86.35 92.76
85.29 92.26
84.29 91.68
83.35 91.03
82.47 90.34
81.65 89.61
80.89 88.86
80.23 88.1
79.65 87.34
79.15 86.57
78.71 85.79
78.32 85.02
77.96 84.24
77.63 83.48
77.33 82.75
77.07 82.06
76.86 81.42
76.68 80.83
76.56 80.3
76.47 79.83
76.43 79.42
76.41 79.05
76.42 78.73
76.43 78.44
76.43 78.17
76.42 77.92
76.38 77.69
76.31 77.45
76.22 77.23
76.11 77.01
75.99 76.81
75.85 76.61
75.69 76.43
75.52 76.25
75.34 76.07
75.14 75.89
74.92 75.72
74.69 75.54
74.46 75.37
74.22 75.19
73.99 75.02
73.76 74.86
73.54 74.68
73.32 74.51
73.09 74.33
72.89 74.16
72.69 73.98
72.5 73.81
72.32 73.64
72.12 73.46
71.91 73.27
71.7 73.06
71.47 72.85
71.23 72.63
71.01 72.42
70.8 72.22
70.6 72.02
70.42 71.84
70.26 71.67
70.12 71.5
70.0 71.34
69.88 71.17
69.76 71.02
69.66 70.86
69.56 70.71
69.46 70.57
69.36 70.42
69.26 70.28
69.16 70.14
69.05 70.0
68.94 69.86
68.83 69.71
68.71 69.58
68.59 69.45
68.5 69.33
68.42 69.22
68.38 69.14
68.36 69.06
68.36 69.0
68.36 68.95
68.38 68.91
68.42 68.88
68.45 68.85
68.51 68.85
68.64 68.89
68.77 68.93
68.93 69.01
69.12 69.09
69.26 69.19
69.37 69.17
69.32 69.21
69.24 69.16
