87.99 93.22
91.78 95.12
98.49 98.53
108.03 103.41
119.53 109.36
131.59 115.72
142.87 121.75
152.44 126.86
159.81 130.75
164.98 133.43
168.22 135.12
169.79 136.14
170.0 136.81
169.18 137.34
167.56 137.85
165.28 138.38
162.53 138.96
159.5 139.58
156.29 140.24
152.96 140.89
149.52 141.42
146.04 141.73
142.51 141.68
138.91 141.23
135.23 140.38
131.49 139.21
127.69 137.81
123.91 136.29
120.27 134.71
116.88 133.12
113.84 131.52
111.2 129.91
108.97 128.29
107.15 126.67
105.7 125.07
104.61 123.5
103.82 121.96
103.29 120.46
102.97 118.99
102.79 117.55
102.68 116.12
102.61 114.72
102.51 113.34
102.37 111.98
102.16 110.66
101.87 109.39
101.51 108.17
101.07 107.02
100.55 105.92
99.98 104.88
99.31 103.88
98.59 102.92
97.81 102.0
97.01 101.11
96.17 100.25
95.32 99.42
94.44 98.61
93.53 97.81
92.56 97.02
91.57 96.22
90.56 95.41
89.51 94.59
88.45 93.8
87.49 93.16
87.17 92.8
86.71 92.46
