72.0 74.72
74.11 75.8
77.55 77.61
82.34 80.16
88.3 83.32
94.95 86.84
101.76 90.47
108.31 93.94
114.26 97.06
119.32 99.72
123.35 101.92
126.35 103.72
128.45 105.21
129.82 106.52
130.62 107.74
130.98 108.95
131.0 110.19
130.72 111.46
130.19 112.74
129.43 113.98
128.47 115.12
127.33 116.11
126.03 116.9
124.58 117.48
123.01 117.83
121.29 117.95
119.41 117.86
117.32 117.54
114.98 116.98
112.38 116.18
109.55 115.15
106.59 113.93
103.64 112.6
100.86 111.22
98.37 109.87
96.26 108.59
94.55 107.41
93.21 106.31
92.2 105.29
91.49 104.32
91.01 103.38
90.72 102.45
90.54 101.51
90.44 100.57
90.36 99.62
90.28 98.65
90.17 97.68
90.03 96.71
89.84 95.77
89.58 94.86
89.27 93.99
88.9 93.16
88.45 92.35
87.93 91.57
87.35 90.8
86.72 90.05
86.04 89.31
85.34 88.59
84.62 87.9
83.92 87.24
83.23 86.62
82.56 86.03
81.9 85.47
81.27 84.92
80.64 84.38
80.02 83.84
79.42 83.3
78.84 82.76
78.28 82.22
77.73 81.68
77.18 81.13
76.62 80.58
76.06 80.02
75.49 79.45
74.92 78.88
74.36 78.31
73.83 77.76
73.33 77.22
72.88 76.71
72.45 76.21
72.05 75.72
71.68 75.26
71.36 74.86
71.23 74.63
71.25 74.46
71.35 74.38
