71.99 73.85
73.88 74.87
76.79 76.48
80.79 78.7
85.76 81.42
91.38 84.52
97.42 87.83
103.66 91.17
109.72 94.39
115.21 97.31
119.81 99.84
123.37 101.92
125.86 103.56
127.36 104.83
128.0 105.81
127.91 106.59
127.21 107.27
125.99 107.86
124.33 108.38
122.29 108.79
119.93 109.06
117.33 109.16
114.55 109.09
111.67 108.85
108.75 108.44
105.82 107.89
102.93 107.19
100.09 106.35
97.31 105.37
94.61 104.28
92.03 103.09
89.62 101.84
87.41 100.57
85.46 99.29
83.8 98.02
82.44 96.77
81.37 95.55
80.56 94.36
79.98 93.21
79.6 92.1
79.4 91.04
79.31 90.02
79.32 89.03
79.39 88.09
79.5 87.19
79.62 86.33
79.73 85.53
79.84 84.77
79.94 84.08
80.02 83.46
80.07 82.89
80.09 82.39
80.07 81.93
80.0 81.5
79.88 81.11
79.71 80.74
79.49 80.39
79.25 80.07
78.99 79.78
78.72 79.51
78.43 79.26
78.13 79.02
77.8 78.79
77.46 78.56
77.12 78.32
76.76 78.09
76.39 77.84
76.01 77.59
75.61 77.32
75.2 77.04
74.79 76.74
74.39 76.44
73.98 76.14
73.61 75.83
73.26 75.53
72.92 75.24
72.61 74.96
72.34 74.71
72.14 74.54
72.04 74.35
71.76 74.2
71.57 74.11
71.36 73.92
