59.99 61.13
62.08 62.28
65.39 64.11
69.96 66.63
75.64 69.75
82.14 73.31
89.06 77.1
96.06 80.91
102.73 84.52
108.68 87.74
113.55 90.46
117.11 92.59
119.23 94.13
120.0 95.14
119.6 95.75
118.32 96.11
116.47 96.38
114.36 96.71
112.25 97.18
110.31 97.85
108.65 98.71
107.34 99.71
106.37 100.78
105.7 101.86
105.3 102.9
105.11 103.85
105.08 104.69
105.18 105.42
105.36 106.03
105.59 106.51
105.8 106.85
105.91 107.06
105.9 107.12
105.69 107.03
105.24 106.76
104.51 106.3
103.46 105.64
102.09 104.78
100.41 103.72
98.5 102.53
96.44 101.24
94.37 99.93
92.38 98.67
90.6 97.52
89.13 96.52
88.02 95.72
87.28 95.09
86.91 94.63
86.86 94.29
87.04 94.02
87.36 93.77
87.74 93.5
88.1 93.18
88.38 92.79
88.54 92.33
88.55 91.82
88.45 91.26
88.25 90.69
87.96 90.12
87.62 89.57
87.22 89.03
86.76 88.52
86.25 88.01
85.65 87.49
84.98 86.97
84.25 86.43
83.48 85.87
82.69 85.31
81.93 84.76
81.21 84.23
80.53 83.71
79.87 83.21
79.24 82.72
78.61 82.23
77.98 81.74
77.35 81.22
76.71 80.68
76.08 80.14
75.44 79.58
74.84 79.03
74.3 78.49
73.81 77.97
73.38 77.48
73.02 77.01
72.69 76.55
72.39 76.11
72.08 75.66
71.78 75.21
71.48 74.76
71.17 74.31
70.87 73.87
70.58 73.45
70.29 73.03
70.02 72.63
69.76 72.25
69.5 71.89
69.27 71.54
69.04 71.22
68.81 70.9
68.58 70.6
68.33 70.29
68.08 69.99
67.82 69.68
67.56 69.38
67.3 69.08
67.03 68.78
66.75 68.49
66.46 68.2
66.17 67.92
65.87 67.64
65.59 67.36
65.32 67.09
65.06 66.82
64.8 66.55
64.53 66.29
64.24 66.01
63.92 65.72
63.58 65.42
63.24 65.11
62.89 64.8
62.56 64.49
62.26 64.2
62.02 63.94
61.86 63.76
61.72 63.64
61.58 63.53
61.47 63.46
61.43 63.4
61.34 63.28
61.19 63.12
61.08 62.97
60.94 62.79
60.7 62.58
60.46 62.36
60.26 62.12
60.05 61.89
59.87 61.65
59.7 61.42
59.57 61.22
59.53 61.07
59.5 60.92
