57.99 60.09
60.02 61.16
63.11 62.82
67.32 65.11
72.58 67.97
78.7 71.28
85.37 74.88
92.26 78.59
99.02 82.22
105.29 85.59
110.73 88.58
115.1 91.1
118.26 93.12
120.21 94.65
120.99 95.76
120.76 96.53
119.66 97.07
117.87 97.44
115.55 97.73
112.89 97.97
110.05 98.18
107.13 98.35
104.23 98.46
101.43 98.5
98.74 98.44
96.19 98.27
93.8 97.98
91.56 97.55
89.46 97.0
87.5 96.3
85.64 95.48
83.85 94.52
82.08 93.42
80.31 92.18
78.51 90.8
76.68 89.3
74.85 87.69
73.07 86.04
71.39 84.37
69.87 82.75
68.57 81.21
67.51 79.78
66.71 78.49
66.17 77.33
65.89 76.32
65.88 75.45
66.1 74.72
66.53 74.13
67.13 73.65
67.87 73.28
68.68 72.98
69.53 72.74
70.37 72.54
71.13 72.37
71.79 72.2
72.33 72.04
72.72 71.87
72.97 71.7
73.06 71.52
73.02 71.33
72.83 71.13
72.53 70.92
72.12 70.7
71.61 70.47
71.01 70.22
70.35 69.96
69.62 69.68
68.87 69.38
68.11 69.08
67.36 68.77
66.63 68.46
65.95 68.15
65.32 67.85
64.72 67.54
64.17 67.22
63.67 66.89
63.2 66.55
62.77 66.19
62.36 65.82
61.96 65.42
61.56 65.01
61.16 64.57
60.75 64.11
60.31 63.63
59.85 63.14
59.38 62.64
58.89 62.13
58.38 61.62
57.89 61.12
57.41 60.63
56.98 60.19
56.67 59.83
56.55 59.6
56.72 59.49
56.98 59.53
57.33 59.61
