68.0 71.02
70.35 72.21
74.33 74.25
80.08 77.22
87.35 80.96
95.45 85.15
103.48 89.35
110.59 93.08
116.15 96.03
119.95 98.06
122.1 99.28
122.98 99.92
123.0 100.28
122.48 100.62
121.62 101.08
120.54 101.69
119.24 102.43
117.77 103.23
116.18 104.04
114.56 104.86
113.01 105.64
111.55 106.37
110.23 107.01
109.05 107.51
107.99 107.85
107.04 108.03
106.16 108.08
105.3 108.02
104.41 107.87
103.43 107.61
102.28 107.19
100.91 106.55
99.27 105.66
97.4 104.53
95.39 103.2
93.36 101.77
91.45 100.37
89.79 99.06
88.45 97.91
87.42 96.93
86.73 96.12
86.36 95.43
86.27 94.85
86.42 94.36
86.76 93.92
87.2 93.52
87.66 93.14
88.12 92.74
88.49 92.32
88.75 91.86
88.87 91.35
88.82 90.81
88.6 90.23
88.22 89.64
87.7 89.03
87.08 88.42
86.38 87.83
85.62 87.24
84.84 86.66
84.01 86.1
83.17 85.54
82.3 84.98
81.44 84.42
80.58 83.87
79.73 83.3
78.91 82.74
78.12 82.18
77.36 81.61
76.65 81.06
76.01 80.52
75.43 79.99
74.9 79.48
74.42 78.97
73.97 78.47
73.52 77.95
73.06 77.42
72.58 76.85
72.07 76.25
71.51 75.62
70.91 74.96
70.25 74.27
69.55 73.58
68.83 72.89
68.13 72.22
67.49 71.6
66.97 71.06
66.63 70.65
66.56 70.4
66.67 70.25
67.0 70.25
