80.0 81.27
81.71 82.21
84.36 83.68
88.01 85.7
92.59 88.24
97.94 91.18
103.76 94.36
109.73 97.59
115.46 100.68
120.59 103.47
124.87 105.84
128.11 107.75
130.32 109.22
131.56 110.33
132.0 111.2
131.8 111.92
131.17 112.6
130.2 113.3
129.03 114.02
127.71 114.77
126.32 115.51
124.87 116.21
123.42 116.83
121.99 117.34
120.62 117.74
119.3 118.02
118.06 118.18
116.89 118.24
115.8 118.19
114.73 118.03
113.66 117.76
112.54 117.34
111.28 116.76
109.87 115.99
108.31 115.06
106.64 113.97
104.93 112.78
103.26 111.55
101.72 110.34
100.36 109.19
99.23 108.14
98.35 107.2
97.72 106.37
97.28 105.62
97.02 104.93
96.87 104.29
96.81 103.67
96.78 103.05
96.77 102.44
96.76 101.81
96.7 101.19
96.6 100.56
96.44 99.94
96.19 99.32
95.86 98.71
95.47 98.1
95.0 97.5
94.47 96.92
93.9 96.33
93.27 95.76
92.63 95.19
91.99 94.64
91.34 94.09
90.68 93.55
90.02 93.02
89.37 92.49
88.72 91.97
88.1 91.47
87.5 90.97
86.94 90.49
86.41 90.02
85.9 89.55
85.42 89.09
84.97 88.63
84.54 88.17
84.14 87.72
83.74 87.26
83.37 86.81
83.01 86.36
82.65 85.91
82.3 85.47
81.97 85.04
81.64 84.62
81.34 84.22
81.06 83.83
80.78 83.45
80.52 83.09
80.27 82.73
80.0 82.37
79.74 82.02
79.48 81.67
79.22 81.34
78.96 81.02
78.74 80.75
78.6 80.55
78.68 80.52
79.16 80.67
79.86 80.96
