73.0 76.01
75.56 77.36
79.71 79.59
85.49 82.68
92.69 86.53
100.86 90.89
109.49 95.49
118.06 100.05
126.12 104.33
133.29 108.17
139.32 111.47
144.0 114.21
147.28 116.41
149.24 118.13
150.0 119.47
149.69 120.52
148.52 121.4
146.71 122.19
144.45 122.96
141.9 123.73
139.23 124.48
136.56 125.19
133.95 125.81
131.44 126.29
129.04 126.61
126.75 126.77
124.55 126.75
122.4 126.55
120.26 126.14
118.06 125.5
115.73 124.61
113.27 123.47
110.71 122.1
108.12 120.55
105.56 118.89
103.15 117.17
100.97 115.45
99.02 113.77
97.33 112.15
95.92 110.6
94.79 109.13
93.91 107.73
93.25 106.42
92.79 105.17
92.49 104.0
92.3 102.88
92.19 101.83
92.16 100.83
92.19 99.88
92.25 99.0
92.3 98.17
92.33 97.4
92.29 96.66
92.17 95.95
91.93 95.25
91.62 94.56
91.24 93.89
90.81 93.24
90.36 92.62
89.87 92.03
89.32 91.45
88.71 90.89
88.05 90.33
87.34 89.77
86.59 89.19
85.82 88.62
85.02 88.03
84.2 87.44
83.37 86.85
82.56 86.27
81.79 85.7
81.08 85.15
80.43 84.63
79.85 84.13
79.35 83.64
78.91 83.18
78.53 82.72
78.18 82.27
77.83 81.81
77.46 81.32
77.05 80.82
76.6 80.27
76.1 79.7
75.55 79.09
74.93 78.45
74.26 77.8
73.54 77.14
72.8 76.5
72.15 75.94
71.71 75.49
71.45 75.27
71.36 75.21
71.55 75.28
