99.0 103.08
103.18 105.07
110.27 108.58
120.24 113.64
132.42 119.94
145.54 126.87
158.21 133.69
169.33 139.73
178.11 144.5
184.15 147.81
187.37 149.7
188.0 150.43
186.43 150.31
183.22 149.71
178.91 148.92
173.95 148.16
168.7 147.58
163.43 147.24
158.33 147.16
153.48 147.26
148.95 147.41
144.73 147.47
140.8 147.29
137.11 146.77
133.58 145.87
130.13 144.6
126.72 143.02
123.34 141.22
120.03 139.26
116.89 137.24
114.07 135.22
111.7 133.28
109.91 131.49
108.77 129.89
108.3 128.52
108.48 127.37
109.24 126.44
110.46 125.68
112.03 125.06
113.82 124.54
115.66 124.07
117.43 123.61
119.02 123.14
120.36 122.63
121.39 122.08
122.08 121.51
122.45 120.92
122.51 120.34
122.26 119.77
121.76 119.22
121.04 118.69
120.15 118.18
119.14 117.69
118.04 117.23
116.91 116.78
115.79 116.37
114.71 115.98
113.71 115.61
112.8 115.27
111.95 114.94
111.15 114.59
110.37 114.21
109.58 113.78
108.77 113.3
107.93 112.75
107.07 112.16
106.2 111.52
105.34 110.84
104.5 110.14
103.69 109.43
102.93 108.71
102.2 107.99
101.52 107.29
100.88 106.59
100.26 105.9
99.68 105.26
99.26 104.72
99.0 104.38
98.99 104.47
99.19 104.78
