74.0 76.17
75.58 77.01
78.1 78.38
81.56 80.27
85.87 82.6
90.79 85.26
96.04 88.07
101.34 90.87
106.38 93.53
110.93 95.93
114.78 98.01
117.84 99.77
120.1 101.23
121.63 102.45
122.53 103.52
122.95 104.51
123.0 105.48
122.75 106.45
122.29 107.44
121.66 108.41
120.87 109.33
119.95 110.16
118.91 110.86
117.76 111.41
116.52 111.81
115.2 112.05
113.84 112.16
112.45 112.15
111.03 112.01
109.59 111.77
108.11 111.39
106.57 110.87
104.94 110.2
103.17 109.35
101.27 108.32
99.26 107.14
97.19 105.83
95.12 104.44
93.13 103.02
91.3 101.63
89.66 100.31
88.26 99.07
87.11 97.93
86.23 96.9
85.6 95.96
85.19 95.11
84.98 94.33
84.93 93.61
85.0 92.92
85.15 92.28
85.34 91.65
85.54 91.04
85.72 90.45
85.86 89.88
85.94 89.33
85.98 88.81
85.94 88.31
85.85 87.83
85.71 87.39
85.52 86.96
85.28 86.56
85.0 86.18
84.7 85.83
84.37 85.49
84.01 85.16
83.64 84.85
83.26 84.55
82.87 84.26
82.47 83.97
82.05 83.68
81.62 83.38
81.18 83.07
80.72 82.75
80.25 82.41
79.76 82.07
79.28 81.71
78.81 81.35
78.35 80.99
77.92 80.63
77.5 80.27
77.1 79.91
76.7 79.55
76.32 79.18
75.94 78.81
75.56 78.43
75.19 78.04
74.82 77.66
74.49 77.31
74.28 77.06
74.35 77.03
74.6 77.09
