73.0 74.96
74.7 75.92
77.3 77.38
80.82 79.35
85.22 81.79
90.38 84.63
96.11 87.74
102.13 90.96
108.07 94.13
113.58 97.08
118.38 99.7
122.27 101.91
125.2 103.74
127.22 105.23
128.44 106.47
129.0 107.55
128.99 108.55
128.54 109.5
127.73 110.41
126.61 111.26
125.25 112.03
123.7 112.7
122.01 113.25
120.2 113.65
118.31 113.89
116.36 113.97
114.37 113.88
112.34 113.61
110.26 113.17
108.12 112.55
105.9 111.75
103.6 110.79
101.21 109.65
98.77 108.37
96.33 106.97
93.94 105.47
91.67 103.93
89.55 102.36
87.64 100.82
85.96 99.33
84.53 97.89
83.34 96.53
82.39 95.25
81.67 94.03
81.14 92.89
80.79 91.81
80.57 90.79
80.46 89.83
80.43 88.91
80.45 88.05
80.5 87.23
80.57 86.47
80.63 85.76
80.68 85.1
80.72 84.49
80.73 83.92
80.7 83.4
80.64 82.91
80.54 82.45
80.39 82.03
80.22 81.64
80.04 81.29
79.84 80.97
79.62 80.67
79.37 80.4
79.11 80.13
78.81 79.87
78.48 79.61
78.13 79.34
77.76 79.07
77.37 78.8
76.98 78.52
76.57 78.24
76.17 77.96
75.78 77.67
75.38 77.37
74.97 77.07
74.55 76.75
74.13 76.42
73.7 76.08
73.28 75.77
72.95 75.51
72.83 75.42
73.1 75.48
73.72 75.68
