65.0 66.17
67.35 67.36
71.13 69.32
76.39 72.09
82.94 75.57
90.34 79.55
98.02 83.73
105.42 87.78
112.0 91.42
117.31 94.42
121.08 96.68
123.26 98.2
124.0 99.12
123.58 99.59
122.35 99.84
120.61 100.03
118.59 100.3
116.47 100.72
114.38 101.3
112.37 102.0
110.5 102.76
108.76 103.49
107.16 104.13
105.65 104.62
104.24 104.92
102.88 105.03
101.57 104.96
100.26 104.72
98.93 104.33
97.54 103.79
96.06 103.1
94.45 102.25
92.72 101.23
90.87 100.06
88.94 98.75
87.02 97.33
85.19 95.88
83.54 94.45
82.14 93.12
81.06 91.91
80.29 90.85
79.81 89.93
79.59 89.14
79.56 88.44
79.69 87.8
79.88 87.19
80.09 86.6
80.29 86.0
80.43 85.39
80.5 84.77
80.48 84.14
80.38 83.51
80.18 82.89
79.9 82.29
79.54 81.71
79.12 81.16
78.65 80.63
78.14 80.12
77.59 79.62
77.02 79.13
76.43 78.65
75.82 78.18
75.22 77.71
74.61 77.25
74.0 76.8
73.41 76.35
72.85 75.92
72.3 75.49
71.79 75.08
71.33 74.68
70.89 74.28
70.48 73.89
70.1 73.5
69.75 73.12
69.43 72.74
69.12 72.36
68.82 71.98
68.53 71.59
68.24 71.21
67.96 70.83
67.68 70.45
67.41 70.09
67.16 69.73
66.91 69.39
66.67 69.05
66.44 68.72
66.18 68.39
65.91 68.06
65.62 67.73
65.31 67.4
65.02 67.08
64.77 66.79
64.59 66.58
64.56 66.49
64.59 66.41
64.62 66.33
64.91 66.29
