54.99 56.13
58.42 57.97
64.06 60.99
72.04 65.25
81.94 70.57
92.92 76.56
104.05 82.71
114.53 88.52
123.68 93.6
131.03 97.71
136.26 100.75
139.23 102.76
140.0 103.87
138.82 104.26
136.1 104.17
132.3 103.83
127.88 103.45
123.21 103.19
118.56 103.15
114.09 103.31
109.87 103.58
105.87 103.81
102.05 103.84
98.35 103.57
94.7 102.91
91.07 101.89
87.48 100.56
83.96 99.01
80.58 97.3
77.42 95.5
74.53 93.65
71.96 91.8
69.74 89.98
67.88 88.2
66.4 86.48
65.3 84.84
64.59 83.28
64.23 81.8
64.19 80.4
64.41 79.08
64.81 77.85
65.3 76.69
65.82 75.58
66.29 74.52
66.64 73.48
66.83 72.46
66.83 71.45
66.63 70.45
66.24 69.45
65.7 68.48
65.03 67.55
64.28 66.68
63.5 65.87
62.7 65.14
61.91 64.48
61.16 63.88
60.44 63.33
59.77 62.83
59.16 62.37
58.6 61.93
58.08 61.51
57.61 61.1
57.15 60.69
56.71 60.28
56.29 59.86
55.87 59.43
55.48 59.01
55.1 58.59
54.76 58.18
54.45 57.79
54.18 57.41
53.93 57.05
53.71 56.71
53.55 56.41
53.48 56.19
53.55 56.11
53.76 56.14
53.88 56.17
54.11 56.41
