81.0 83.98
84.57 85.75
90.41 88.73
98.62 92.97
108.84 98.3
120.26 104.33
131.86 110.51
142.61 116.29
151.65 121.2
158.44 124.97
162.82 127.54
164.91 129.05
165.0 129.74
163.46 129.88
160.71 129.73
157.06 129.47
152.83 129.23
148.29 129.07
143.65 129.02
139.07 129.07
134.69 129.16
130.59 129.23
126.79 129.18
123.32 128.96
120.18 128.52
117.31 127.85
114.67 126.98
112.2 125.94
109.83 124.72
107.47 123.34
105.06 121.78
102.62 120.03
100.17 118.11
97.81 116.07
95.66 113.99
93.82 111.96
92.38 110.05
91.38 108.33
90.83 106.81
90.71 105.51
90.99 104.42
91.64 103.53
92.62 102.82
93.87 102.3
95.34 101.93
96.93 101.7
98.55 101.55
100.09 101.46
101.47 101.38
102.57 101.27
103.36 101.11
103.82 100.89
103.93 100.61
103.72 100.27
103.23 99.89
102.49 99.47
101.56 99.03
100.51 98.57
99.35 98.12
98.15 97.68
96.94 97.25
95.74 96.82
94.55 96.39
93.39 95.95
92.28 95.5
91.22 95.03
90.21 94.55
89.27 94.04
88.4 93.51
87.59 92.96
86.83 92.4
86.14 91.82
85.49 91.22
84.89 90.6
84.33 89.97
83.79 89.32
83.26 88.65
82.71 87.96
82.13 87.24
81.51 86.51
80.87 85.75
80.22 85.0
79.56 84.26
78.93 83.57
78.42 82.97
78.11 82.58
77.91 82.4
77.97 82.26
78.35 82.43
