77.99 79.78
80.22 80.85
83.99 82.74
89.29 85.46
95.78 88.84
102.74 92.55
109.4 96.19
115.25 99.43
119.96 102.04
123.41 103.96
125.63 105.26
126.74 106.1
127.0 106.65
126.64 107.1
125.91 107.57
125.02 108.14
124.07 108.86
123.12 109.71
122.14 110.66
121.1 111.62
119.96 112.49
118.7 113.2
117.31 113.66
115.8 113.84
114.18 113.76
112.46 113.46
110.62 112.98
108.63 112.34
106.5 111.57
104.25 110.65
101.92 109.61
99.59 108.46
97.37 107.25
95.33 106.02
93.56 104.82
92.08 103.68
90.91 102.61
90.01 101.61
89.36 100.66
88.9 99.75
88.58 98.86
88.35 97.98
88.18 97.1
88.05 96.23
87.92 95.36
87.79 94.5
87.64 93.66
87.47 92.86
87.28 92.09
87.06 91.37
86.79 90.68
86.47 90.03
86.1 89.39
85.69 88.78
85.22 88.16
84.71 87.56
84.18 86.97
83.62 86.39
83.06 85.83
82.51 85.31
81.99 84.82
81.51 84.37
81.06 83.96
80.66 83.58
80.3 83.22
79.96 82.89
79.65 82.56
79.35 82.23
79.05 81.89
78.73 81.53
78.42 81.17
78.11 80.81
77.83 80.47
77.65 80.2
77.52 80.01
77.45 79.82
77.5 79.71
