70.0 72.32
73.48 74.17
79.18 77.22
87.22 81.52
97.22 86.87
108.41 92.91
119.86 99.12
130.64 104.99
139.97 110.09
147.34 114.17
152.54 117.19
155.67 119.28
157.0 120.65
156.9 121.57
155.72 122.27
153.8 122.95
151.39 123.7
148.69 124.58
145.85 125.58
142.98 126.66
140.16 127.73
137.41 128.7
134.75 129.48
132.2 129.99
129.71 130.22
127.29 130.17
124.92 129.86
122.56 129.33
120.15 128.57
117.59 127.56
114.8 126.28
111.74 124.69
108.41 122.79
104.9 120.63
101.39 118.31
98.12 115.95
95.27 113.69
92.97 111.62
91.28 109.81
90.22 108.25
89.67 106.91
89.55 105.74
89.71 104.67
90.08 103.66
90.53 102.67
91.0 101.68
91.44 100.69
91.79 99.69
92.03 98.68
92.13 97.69
92.06 96.7
91.82 95.73
91.4 94.78
90.81 93.84
90.06 92.92
89.18 92.02
88.2 91.13
87.16 90.25
86.1 89.4
85.03 88.58
83.98 87.8
82.97 87.06
81.99 86.36
81.05 85.7
80.19 85.07
79.41 84.47
78.71 83.89
78.08 83.34
77.53 82.8
77.04 82.28
76.61 81.76
76.24 81.26
75.95 80.78
75.71 80.32
75.5 79.85
75.28 79.38
75.01 78.88
74.65 78.35
74.23 77.78
73.74 77.18
73.19 76.57
72.62 75.95
72.02 75.36
71.44 74.78
70.88 74.24
70.38 73.78
70.01 73.44
70.05 73.43
70.91 73.97
72.3 74.89
