70.0 71.01
71.48 71.79
73.81 73.03
77.04 74.75
81.08 76.9
85.7 79.38
90.6 82.02
95.45 84.65
99.97 87.11
103.9 89.28
107.08 91.1
109.43 92.55
110.97 93.68
111.78 94.56
112.0 95.25
111.77 95.86
111.21 96.44
110.45 97.04
109.57 97.67
108.58 98.33
107.54 98.99
106.48 99.61
105.42 100.15
104.36 100.59
103.31 100.91
102.26 101.12
101.22 101.22
100.2 101.23
99.21 101.14
98.24 100.96
97.22 100.67
96.12 100.25
94.84 99.65
93.35 98.86
91.67 97.89
89.89 96.79
88.1 95.61
86.42 94.44
85.0 93.35
83.87 92.38
83.06 91.56
82.57 90.89
82.37 90.34
82.38 89.87
82.54 89.45
82.8 89.05
83.1 88.65
83.39 88.23
83.63 87.79
83.79 87.32
83.9 86.84
83.93 86.36
83.91 85.9
83.84 85.47
83.74 85.07
83.56 84.7
83.31 84.33
82.98 83.96
82.56 83.58
82.07 83.17
81.54 82.75
80.97 82.33
80.38 81.91
79.77 81.5
79.17 81.11
78.57 80.72
77.98 80.35
77.43 79.98
76.92 79.63
76.46 79.29
76.02 78.95
75.59 78.61
75.17 78.24
74.72 77.85
74.25 77.42
73.79 76.99
73.37 76.56
72.99 76.15
72.68 75.78
72.43 75.44
72.23 75.13
72.07 74.84
71.95 74.57
71.87 74.32
71.81 74.07
71.76 73.83
71.71 73.6
71.65 73.37
71.56 73.13
71.43 72.87
71.24 72.59
71.01 72.3
70.74 72.01
70.44 71.72
70.14 71.44
69.85 71.18
69.56 70.93
69.27 70.69
69.02 70.48
68.83 70.3
68.79 70.21
69.0 70.29
69.44 70.52
