67.0 67.88
68.38 68.63
70.59 69.83
73.65 71.49
77.46 73.56
81.81 75.93
86.42 78.43
90.98 80.91
95.2 83.21
98.86 85.23
101.84 86.93
104.08 88.31
105.63 89.41
106.55 90.31
106.96 91.07
107.0 91.77
106.74 92.46
106.3 93.17
105.72 93.91
105.04 94.67
104.3 95.42
103.53 96.14
102.76 96.79
102.01 97.38
101.33 97.89
100.71 98.33
100.14 98.68
99.58 98.94
99.02 99.11
98.4 99.17
97.69 99.11
96.87 98.91
95.91 98.55
94.76 98.01
93.41 97.3
91.86 96.42
90.17 95.42
88.43 94.34
86.79 93.27
85.35 92.27
84.2 91.41
83.36 90.69
82.81 90.11
82.49 89.62
82.34 89.18
82.32 88.76
82.39 88.34
82.53 87.93
82.7 87.51
82.86 87.08
82.97 86.63
83.0 86.16
82.92 85.65
82.74 85.13
82.46 84.58
82.08 84.03
81.63 83.5
81.11 82.97
80.55 82.46
79.95 81.95
79.33 81.44
78.7 80.94
78.08 80.45
77.47 79.98
76.9 79.53
76.35 79.11
75.84 78.7
75.35 78.3
74.87 77.9
74.41 77.5
73.96 77.1
73.55 76.7
73.14 76.3
72.76 75.91
72.4 75.52
72.05 75.13
71.72 74.74
71.4 74.35
71.1 73.97
70.83 73.6
70.6 73.25
70.41 72.93
70.25 72.63
70.09 72.34
69.9 72.04
69.69 71.73
69.46 71.42
69.23 71.1
69.02 70.81
68.84 70.54
68.68 70.3
68.54 70.08
68.43 69.89
68.32 69.71
68.22 69.54
68.14 69.37
68.05 69.2
67.94 69.02
67.8 68.83
67.63 68.64
67.42 68.43
67.21 68.21
66.98 68.0
66.76 67.8
66.54 67.6
66.32 67.4
66.11 67.22
65.9 67.04
65.7 66.87
65.56 66.75
65.53 66.7
65.58 66.75
65.69 66.88
