90.0 90.5
92.16 91.69
95.65 93.61
100.56 96.29
106.76 99.67
113.93 103.58
121.49 107.69
128.71 111.63
134.88 115.07
139.53 117.75
142.48 119.57
143.85 120.64
144.0 121.16
143.33 121.42
142.24 121.66
140.98 122.07
139.74 122.74
138.61 123.67
137.64 124.81
136.85 126.08
136.24 127.41
135.78 128.71
135.44 129.91
135.15 130.95
134.89 131.79
134.58 132.41
134.18 132.8
133.66 133.0
132.99 133.03
132.15 132.91
131.09 132.65
129.76 132.19
128.1 131.5
126.07 130.53
123.64 129.25
120.85 127.69
117.8 125.9
114.64 123.99
111.57 122.07
108.76 120.25
106.37 118.61
104.47 117.2
103.07 116.0
102.13 115.01
101.6 114.17
101.41 113.43
101.49 112.78
101.79 112.17
102.25 111.59
102.81 111.03
103.41 110.48
104.0 109.92
104.51 109.35
104.9 108.77
105.13 108.16
105.21 107.55
105.1 106.92
104.83 106.29
104.42 105.65
103.88 105.02
103.26 104.4
102.58 103.79
101.87 103.22
101.15 102.68
100.43 102.17
99.71 101.7
99.0 101.26
98.32 100.83
97.65 100.41
97.01 99.99
96.41 99.58
95.84 99.17
95.33 98.77
94.87 98.38
94.47 98.01
94.13 97.65
93.83 97.3
93.55 96.94
93.28 96.58
93.01 96.21
92.73 95.82
92.47 95.44
92.26 95.08
92.1 94.74
92.0 94.44
91.94 94.18
91.9 93.94
91.86 93.71
91.79 93.48
91.7 93.24
91.58 92.99
91.43 92.74
91.25 92.48
91.04 92.22
90.82 91.97
90.6 91.72
90.38 91.5
90.2 91.3
90.05 91.13
89.93 90.98
89.8 90.84
89.68 90.71
89.54 90.57
89.39 90.43
89.25 90.27
89.11 90.11
88.98 89.96
88.86 89.8
88.71 89.64
88.51 89.47
88.29 89.29
88.1 89.14
88.06 89.08
88.28 89.2
88.51 89.29
88.74 89.38
