87.0 88.59
88.61 89.53
91.24 91.04
95.02 93.17
99.86 95.85
105.43 98.88
111.28 102.01
116.91 104.99
121.93 107.61
126.06 109.76
129.2 111.43
131.4 112.72
132.82 113.74
133.62 114.63
133.97 115.5
134.0 116.39
133.77 117.33
133.33 118.31
132.73 119.29
131.98 120.26
131.13 121.16
130.18 121.98
129.2 122.67
128.18 123.22
127.16 123.62
126.15 123.88
125.13 124.0
124.05 123.97
122.81 123.76
121.31 123.33
119.47 122.65
117.32 121.73
114.96 120.62
112.58 119.4
110.33 118.19
108.41 117.08
106.91 116.13
105.83 115.34
105.13 114.7
104.75 114.15
104.6 113.64
104.6 113.12
104.67 112.57
104.77 111.98
104.85 111.34
104.88 110.65
104.84 109.93
104.73 109.19
104.52 108.44
104.24 107.71
103.89 107.0
103.47 106.32
102.97 105.66
102.4 105.02
101.75 104.37
101.03 103.71
100.27 103.04
99.49 102.38
98.71 101.73
97.95 101.11
97.22 100.53
96.55 99.99
95.92 99.49
95.35 99.01
94.83 98.56
94.37 98.14
93.98 97.74
93.68 97.38
93.47 97.04
93.33 96.73
93.22 96.42
93.12 96.11
92.99 95.77
92.79 95.39
92.52 94.97
92.18 94.52
91.77 94.04
91.28 93.54
90.74 93.02
90.18 92.51
89.59 92.0
89.01 91.52
88.47 91.06
87.96 90.64
87.52 90.27
87.14 89.92
86.8 89.61
86.53 89.31
86.3 89.03
86.15 88.78
86.06 88.56
86.08 88.41
86.25 88.35
86.55 88.38
86.98 88.57
87.7 88.92
