62.99 66.64
65.74 68.06
70.41 70.51
77.07 74.04
85.41 78.43
94.64 83.29
103.82 88.14
112.16 92.53
119.09 96.12
124.24 98.76
127.52 100.47
129.0 101.39
128.88 101.71
127.49 101.67
125.18 101.46
122.29 101.25
119.11 101.16
115.91 101.27
112.9 101.63
110.2 102.22
107.89 102.95
105.96 103.73
104.37 104.43
103.02 104.93
101.75 105.15
100.42 105.03
98.87 104.57
96.99 103.76
94.74 102.65
92.2 101.28
89.5 99.75
86.84 98.15
84.39 96.58
82.32 95.14
80.74 93.87
79.67 92.81
79.11 91.94
78.97 91.21
79.2 90.6
79.68 90.06
80.32 89.55
81.07 89.05
81.83 88.53
82.55 88.0
83.16 87.43
83.6 86.82
83.83 86.18
83.82 85.51
83.56 84.8
83.05 84.08
82.34 83.33
81.46 82.58
80.46 81.83
79.38 81.09
78.28 80.37
77.18 79.68
76.14 79.04
75.17 78.45
74.27 77.91
73.47 77.4
72.76 76.93
72.1 76.47
71.48 75.99
70.89 75.49
70.29 74.96
69.67 74.39
69.03 73.77
68.35 73.11
67.65 72.43
66.94 71.74
66.23 71.04
65.54 70.37
64.9 69.72
64.31 69.12
63.81 68.58
63.41 68.11
63.09 67.75
62.93 67.57
62.86 67.4
