70.0 71.75
71.01 72.29
72.57 73.13
74.72 74.29
77.41 75.74
80.53 77.41
83.93 79.22
87.43 81.07
90.86 82.87
94.1 84.55
96.98 86.08
99.44 87.45
101.42 88.64
102.9 89.67
103.94 90.59
104.59 91.41
104.92 92.18
105.0 92.93
104.89 93.67
104.66 94.43
104.35 95.18
103.96 95.9
103.52 96.57
103.0 97.15
102.41 97.62
101.74 97.96
100.95 98.16
100.02 98.2
98.92 98.08
97.63 97.78
96.14 97.31
94.48 96.7
92.74 95.98
90.97 95.2
89.26 94.39
87.67 93.6
86.25 92.83
85.04 92.12
84.02 91.44
83.23 90.81
82.63 90.22
82.22 89.64
81.95 89.08
81.78 88.53
81.66 87.96
81.59 87.38
81.51 86.79
81.42 86.19
81.31 85.6
81.16 85.01
80.97 84.44
80.74 83.88
80.49 83.35
80.21 82.83
79.9 82.33
79.57 81.83
79.2 81.35
78.79 80.87
78.35 80.4
77.88 79.94
77.41 79.5
76.95 79.08
76.52 78.7
76.12 78.35
75.76 78.04
75.46 77.76
75.22 77.5
75.01 77.25
74.83 77.0
74.63 76.73
74.4 76.44
74.14 76.13
73.84 75.8
73.52 75.46
73.19 75.11
72.85 74.76
72.49 74.41
72.11 74.06
71.71 73.7
71.29 73.34
70.87 72.99
70.47 72.66
70.12 72.35
69.83 72.08
69.6 71.85
69.47 71.71
69.51 71.6
69.46 71.37
69.27 71.28
69.28 71.06
