70.0 71.44
71.28 72.12
73.25 73.19
75.93 74.65
79.25 76.47
83.07 78.55
87.23 80.81
91.53 83.14
95.76 85.43
99.78 87.61
103.42 89.63
106.58 91.47
109.22 93.11
111.3 94.58
112.86 95.89
113.95 97.09
114.62 98.21
114.95 99.27
115.0 100.3
114.81 101.28
114.44 102.22
113.9 103.09
113.23 103.87
112.45 104.56
111.59 105.14
110.67 105.61
109.67 105.97
108.62 106.2
107.48 106.28
106.22 106.2
104.8 105.92
103.19 105.44
101.37 104.76
99.39 103.91
97.32 102.93
95.26 101.88
93.3 100.81
91.53 99.78
90.0 98.8
88.71 97.91
87.71 97.09
86.96 96.33
86.44 95.62
86.12 94.95
85.95 94.3
85.88 93.66
85.85 93.01
85.85 92.35
85.84 91.68
85.8 91.01
85.73 90.34
85.6 89.69
85.41 89.05
85.17 88.43
84.87 87.83
84.53 87.25
84.14 86.69
83.72 86.14
83.25 85.59
82.72 85.05
82.14 84.51
81.54 83.97
80.94 83.46
80.35 82.97
79.8 82.51
79.3 82.08
78.84 81.68
78.4 81.3
78.01 80.93
77.63 80.57
77.26 80.21
76.9 79.84
76.53 79.47
76.17 79.09
75.81 78.72
75.48 78.34
75.18 77.98
74.92 77.63
74.67 77.28
74.43 76.94
74.18 76.61
73.91 76.27
73.62 75.92
73.33 75.57
73.04 75.23
72.75 74.89
72.47 74.56
72.18 74.23
71.88 73.92
71.58 73.61
71.28 73.3
70.99 73.0
70.7 72.72
70.46 72.47
70.32 72.29
70.26 72.23
70.2 72.16
70.01 71.77
69.75 71.45
