91.99 94.38
95.02 96.0
99.76 98.55
106.31 102.09
114.51 106.55
123.94 111.7
134.05 117.24
144.32 122.86
154.2 128.22
163.11 133.04
170.51 137.12
176.0 140.34
179.45 142.71
181.0 144.34
180.94 145.41
179.65 146.14
177.48 146.74
174.72 147.35
171.6 148.04
168.29 148.82
164.96 149.64
161.67 150.42
158.49 151.08
155.4 151.54
152.38 151.73
149.33 151.58
146.13 151.04
142.63 150.05
138.78 148.62
134.62 146.8
130.33 144.71
126.13 142.49
122.28 140.3
118.98 138.28
116.35 136.47
114.41 134.88
113.13 133.48
112.42 132.22
112.22 131.04
112.39 129.92
112.8 128.81
113.32 127.68
113.86 126.53
114.31 125.31
114.6 124.04
114.67 122.7
114.49 121.32
114.05 119.91
113.35 118.51
112.42 117.14
111.35 115.83
110.19 114.6
109.03 113.45
107.92 112.39
106.88 111.43
105.93 110.56
105.07 109.78
104.27 109.08
103.51 108.42
102.81 107.79
102.14 107.17
101.52 106.56
100.93 105.95
100.38 105.34
99.87 104.74
99.38 104.15
98.9 103.57
98.44 102.99
97.95 102.4
97.42 101.79
96.83 101.15
96.19 100.48
95.49 99.78
94.76 99.08
94.06 98.37
93.36 97.68
92.7 97.01
92.07 96.38
91.52 95.8
91.09 95.31
90.84 94.93
90.85 94.73
91.17 94.72
91.82 94.96
92.87 95.61
