56.99 59.13
59.17 60.27
62.54 62.06
67.13 64.51
72.79 67.55
79.25 71.03
86.21 74.76
93.28 78.51
100.0 82.08
105.91 85.23
110.61 87.83
113.86 89.78
115.62 91.09
115.99 91.84
115.23 92.18
113.63 92.29
111.48 92.34
109.07 92.46
106.59 92.74
104.22 93.17
102.02 93.72
100.04 94.33
98.28 94.94
96.74 95.48
95.4 95.93
94.26 96.26
93.28 96.46
92.39 96.5
91.52 96.36
90.57 96.02
89.47 95.48
88.15 94.72
86.61 93.76
84.89 92.64
83.08 91.4
81.29 90.1
79.63 88.82
78.16 87.59
76.96 86.47
76.04 85.47
75.41 84.61
75.06 83.87
74.99 83.25
75.16 82.74
75.52 82.32
76.02 81.96
76.59 81.64
77.18 81.32
77.71 81.0
78.14 80.64
78.43 80.25
78.55 79.82
78.5 79.37
78.28 78.9
77.93 78.42
77.46 77.95
76.91 77.48
76.3 77.02
75.64 76.57
74.96 76.14
74.26 75.72
73.57 75.3
72.88 74.89
72.2 74.48
71.53 74.07
70.86 73.65
70.17 73.21
69.49 72.75
68.82 72.27
68.15 71.78
67.51 71.28
66.89 70.78
66.3 70.27
65.74 69.77
65.21 69.27
64.69 68.77
64.2 68.25
63.71 67.74
63.25 67.22
62.8 66.7
62.39 66.19
61.99 65.7
61.63 65.22
61.29 64.76
60.96 64.31
60.63 63.87
60.3 63.41
59.95 62.95
59.56 62.47
59.12 61.98
58.64 61.47
58.11 60.95
57.57 60.44
57.04 59.95
56.57 59.51
56.22 59.15
55.94 58.87
55.85 58.6
55.98 58.5
56.1 58.4
