75.0 76.51
76.31 77.18
78.39 78.26
81.24 79.75
84.75 81.61
88.74 83.74
92.99 86.01
97.28 88.3
101.41 90.52
105.22 92.57
108.53 94.41
111.23 95.99
113.26 97.34
114.65 98.46
115.49 99.42
115.9 100.28
116.0 101.11
115.88 101.94
115.62 102.81
115.26 103.71
114.81 104.6
114.29 105.45
113.69 106.21
113.03 106.86
112.29 107.39
111.48 107.79
110.58 108.05
109.58 108.17
108.48 108.14
107.23 107.94
105.81 107.57
104.18 107.01
102.35 106.27
100.37 105.38
98.34 104.39
96.37 103.35
94.57 102.33
93.02 101.35
91.74 100.46
90.72 99.65
89.94 98.91
89.36 98.21
88.95 97.54
88.67 96.88
88.5 96.23
88.41 95.59
88.37 94.96
88.34 94.33
88.31 93.7
88.27 93.08
88.19 92.47
88.09 91.88
87.96 91.32
87.81 90.79
87.62 90.28
87.4 89.81
87.14 89.35
86.85 88.9
86.52 88.46
86.16 88.03
85.77 87.6
85.35 87.19
84.92 86.79
84.47 86.4
84.02 86.03
83.57 85.65
83.1 85.29
82.65 84.93
82.21 84.58
81.78 84.23
81.38 83.9
81.0 83.57
80.65 83.25
80.31 82.93
79.97 82.61
79.64 82.28
79.31 81.94
78.99 81.6
78.69 81.26
78.4 80.93
78.14 80.61
77.9 80.3
77.68 80.0
77.47 79.71
77.26 79.42
77.05 79.13
76.81 78.83
76.53 78.52
76.22 78.2
75.89 77.87
75.55 77.54
75.24 77.24
75.02 77.01
75.0 76.9
75.33 77.05
75.93 77.32
