79.0 83.07
83.23 85.35
90.21 89.13
100.05 94.43
112.3 100.96
125.81 108.18
139.36 115.46
151.93 122.15
162.53 127.74
170.45 131.95
175.46 134.77
177.81 136.4
178.0 137.16
176.53 137.41
173.83 137.44
170.21 137.43
165.88 137.47
161.05 137.58
155.88 137.71
150.5 137.78
145.03 137.69
139.54 137.37
134.09 136.72
128.69 135.68
123.36 134.26
118.12 132.48
113.01 130.44
108.15 128.23
103.63 125.96
99.58 123.71
96.09 121.55
93.22 119.48
90.98 117.51
89.34 115.61
88.24 113.75
87.61 111.92
87.35 110.13
87.37 108.37
87.61 106.66
87.99 105.0
88.44 103.4
88.91 101.85
89.33 100.37
89.68 98.95
89.93 97.61
90.09 96.36
90.15 95.22
90.13 94.19
90.04 93.27
89.89 92.46
89.7 91.74
89.46 91.11
89.19 90.54
88.86 90.02
88.44 89.52
87.9 89.02
87.25 88.51
86.49 87.97
85.64 87.42
84.74 86.85
83.82 86.29
82.89 85.73
81.99 85.19
81.1 84.65
80.22 84.1
79.37 83.59
78.67 83.18
78.31 83.09
78.41 83.27
78.72 83.63
