60.99 61.28
63.43 62.53
67.45 64.62
73.04 67.59
79.92 71.29
87.46 75.42
94.87 79.58
101.53 83.39
106.98 86.54
110.91 88.87
113.19 90.37
114.0 91.18
113.65 91.51
112.52 91.6
110.92 91.64
109.06 91.77
107.11 92.05
105.14 92.5
103.19 93.08
101.31 93.73
99.51 94.35
97.79 94.89
96.16 95.27
94.61 95.47
93.15 95.47
91.77 95.31
90.49 95.03
89.3 94.67
88.18 94.26
87.1 93.79
86.02 93.25
84.91 92.6
83.69 91.8
82.33 90.83
80.84 89.67
79.23 88.36
77.58 86.95
75.99 85.52
74.57 84.15
73.42 82.91
72.59 81.84
72.11 80.98
71.97 80.3
72.13 79.78
72.51 79.39
73.05 79.09
73.68 78.82
74.31 78.57
74.89 78.3
75.36 77.99
75.7 77.64
75.91 77.26
75.96 76.84
75.88 76.42
75.67 75.99
75.35 75.57
74.94 75.17
74.46 74.79
73.94 74.42
73.39 74.07
72.83 73.74
72.27 73.41
71.72 73.1
71.17 72.78
70.62 72.47
70.08 72.14
69.53 71.81
68.99 71.46
68.45 71.11
67.93 70.74
67.44 70.38
66.97 70.01
66.53 69.65
66.13 69.29
65.77 68.94
65.45 68.6
65.17 68.26
64.92 67.93
64.68 67.6
64.45 67.26
64.22 66.92
63.98 66.58
63.74 66.23
63.5 65.88
63.26 65.54
63.04 65.21
62.83 64.9
62.64 64.61
62.46 64.34
62.29 64.09
62.14 63.85
61.98 63.62
61.83 63.4
61.68 63.19
61.55 62.98
61.43 62.79
61.33 62.61
61.24 62.43
61.16 62.27
61.08 62.12
61.01 61.99
60.94 61.86
60.9 61.75
60.87 61.66
60.87 61.58
60.9 61.52
60.93 61.46
60.96 61.41
60.98 61.36
60.96 61.29
60.92 61.21
60.84 61.12
60.74 61.02
60.62 60.91
60.48 60.8
60.33 60.69
60.16 60.58
59.99 60.46
59.85 60.36
59.67 60.29
59.5 60.29
59.56 60.29
59.5 60.34
59.52 60.25
