64.0 64.73
65.8 65.71
68.7 67.27
72.79 69.47
77.97 72.25
83.92 75.47
90.23 78.89
96.39 82.26
101.97 85.33
106.6 87.91
110.02 89.9
112.13 91.28
113.0 92.12
112.76 92.53
111.67 92.67
109.99 92.68
108.01 92.71
105.96 92.86
104.0 93.19
102.26 93.71
100.79 94.39
99.58 95.16
98.6 95.93
97.84 96.64
97.23 97.23
96.73 97.67
96.28 97.95
95.85 98.08
95.36 98.06
94.77 97.87
94.0 97.53
93.02 97.0
91.79 96.28
90.31 95.39
88.64 94.35
86.87 93.22
85.13 92.06
83.53 90.93
82.19 89.89
81.14 88.97
80.41 88.2
79.98 87.57
79.83 87.07
79.94 86.68
80.27 86.39
80.76 86.17
81.39 86.0
82.06 85.84
82.73 85.69
83.33 85.5
83.8 85.26
84.09 84.97
84.17 84.61
84.03 84.2
83.64 83.72
83.06 83.2
82.32 82.65
81.48 82.09
80.63 81.55
79.81 81.05
79.04 80.59
78.34 80.19
77.7 79.82
77.08 79.47
76.48 79.11
75.89 78.75
75.3 78.36
74.73 77.96
74.2 77.56
73.71 77.16
73.28 76.77
72.91 76.39
72.59 76.02
72.29 75.65
72.0 75.27
71.69 74.87
71.33 74.44
70.92 73.99
70.5 73.52
70.06 73.04
69.63 72.57
69.26 72.13
68.94 71.72
68.69 71.37
68.5 71.05
68.35 70.76
68.23 70.49
68.09 70.23
67.94 69.95
67.76 69.67
67.56 69.38
67.36 69.09
67.14 68.81
66.91 68.52
66.68 68.24
66.44 67.98
66.21 67.72
66.0 67.48
65.83 67.26
65.69 67.06
65.58 66.88
65.48 66.72
65.37 66.56
65.24 66.38
65.07 66.19
64.86 65.98
64.62 65.76
64.36 65.55
64.13 65.35
63.96 65.21
63.76 65.08
63.59 64.97
63.45 64.87
63.32 64.77
63.17 64.65
63.14 64.57
63.21 64.58
63.22 64.76
63.26 64.77
63.07 64.67
62.82 64.51
62.48 64.28
62.15 63.85
