67.0 67.92
69.93 69.5
74.66 72.07
81.32 75.69
89.74 80.27
99.35 85.52
109.37 90.99
118.9 96.22
127.17 100.79
133.6 104.42
137.94 107.01
140.29 108.67
141.0 109.63
140.46 110.16
138.98 110.49
136.8 110.78
134.12 111.13
131.13 111.55
127.95 112.03
124.69 112.53
121.42 112.97
118.17 113.29
114.96 113.41
111.76 113.26
108.56 112.79
105.33 112.0
102.06 110.92
98.77 109.6
95.53 108.11
92.39 106.54
89.43 104.92
86.72 103.29
84.28 101.64
82.13 99.98
80.28 98.31
78.72 96.63
77.46 94.97
76.47 93.34
75.72 91.77
75.18 90.26
74.81 88.81
74.55 87.4
74.33 86.03
74.12 84.69
73.88 83.39
73.59 82.13
73.26 80.92
72.9 79.76
72.51 78.68
72.12 77.68
71.71 76.74
71.3 75.87
70.87 75.07
70.43 74.32
70.0 73.62
69.57 72.98
69.16 72.39
68.77 71.85
68.39 71.34
67.98 70.85
67.55 70.37
67.11 69.9
66.69 69.45
66.3 69.02
65.96 68.64
65.67 68.28
65.42 67.97
65.2 67.68
65.03 67.42
64.87 67.17
64.73 66.94
64.69 66.77
64.9 66.8
65.49 67.16
66.55 67.79
