61.99 63.84
66.13 66.04
73.08 69.76
82.91 75.02
94.98 81.54
108.18 88.78
121.44 96.16
133.94 103.12
145.05 109.3
154.32 114.47
161.46 118.58
166.26 121.67
168.72 123.84
169.0 125.23
167.44 126.04
164.5 126.48
160.62 126.77
156.13 127.07
151.32 127.47
146.4 127.99
141.55 128.56
136.9 129.07
132.53 129.41
128.48 129.54
124.8 129.46
121.52 129.19
118.63 128.81
116.12 128.34
113.99 127.8
112.22 127.18
110.78 126.47
109.65 125.67
108.77 124.76
108.07 123.75
107.41 122.61
106.67 121.29
105.78 119.78
104.73 118.1
103.61 116.31
102.5 114.51
101.54 112.8
100.84 111.27
100.42 109.98
100.29 108.93
100.43 108.11
100.8 107.49
101.36 107.02
102.04 106.68
102.79 106.42
103.57 106.23
104.34 106.07
105.02 105.93
105.59 105.78
106.03 105.61
106.28 105.41
106.32 105.17
106.15 104.89
105.79 104.58
105.23 104.23
104.52 103.84
103.68 103.42
102.72 102.96
101.67 102.45
100.54 101.91
99.34 101.31
98.07 100.67
96.73 99.99
95.36 99.27
93.96 98.51
92.58 97.72
91.21 96.89
89.86 96.04
88.52 95.15
87.17 94.21
85.84 93.24
84.53 92.23
83.28 91.21
82.08 90.18
80.98 89.17
79.96 88.17
79.02 87.19
78.13 86.22
77.29 85.26
76.48 84.3
75.69 83.34
74.95 82.39
74.26 81.45
73.6 80.53
72.98 79.64
72.41 78.78
71.88 77.96
71.39 77.18
70.94 76.44
70.54 75.74
70.16 75.07
69.79 74.45
69.44 73.84
69.1 73.26
68.74 72.69
68.4 72.14
68.07 71.6
67.74 71.07
67.4 70.57
67.04 70.07
66.65 69.59
66.24 69.11
65.82 68.65
65.43 68.21
65.08 67.8
64.77 67.42
64.47 67.05
64.15 66.68
63.8 66.32
63.43 66.0
63.14 65.57
62.69 65.02
62.03 64.5
61.49 64.04
61.16 63.69
60.85 63.5
60.72 63.42
61.02 63.45
60.92 63.13
60.58 62.57
