72.0 72.12
73.23 72.8
75.08 73.83
77.59 75.22
80.72 76.96
84.39 79.0
88.45 81.27
92.71 83.64
96.95 86.01
100.95 88.26
104.46 90.29
107.33 92.04
109.48 93.48
110.91 94.64
111.7 95.57
112.0 96.36
111.95 97.09
111.69 97.84
111.33 98.63
110.92 99.49
110.49 100.39
110.07 101.3
109.65 102.18
109.23 103.0
108.8 103.73
108.36 104.35
107.88 104.85
107.34 105.22
106.74 105.45
106.07 105.55
105.32 105.52
104.47 105.37
103.48 105.09
102.31 104.66
100.96 104.08
99.42 103.35
97.74 102.48
96.01 101.53
94.34 100.54
92.82 99.57
91.49 98.66
90.38 97.83
89.48 97.06
88.77 96.36
88.22 95.71
87.81 95.09
87.52 94.49
87.31 93.9
87.14 93.32
87.0 92.73
86.84 92.14
86.67 91.53
86.48 90.91
86.28 90.3
86.04 89.71
85.79 89.15
85.52 88.61
85.23 88.1
84.91 87.6
84.57 87.12
84.18 86.63
83.77 86.15
83.34 85.68
82.91 85.23
82.49 84.81
82.08 84.4
81.67 84.01
81.25 83.63
80.83 83.24
80.39 82.86
79.93 82.46
79.46 82.05
78.99 81.65
78.53 81.24
78.09 80.84
77.66 80.44
77.25 80.06
76.85 79.67
76.45 79.29
76.07 78.92
75.71 78.55
75.39 78.2
75.11 77.86
74.87 77.54
74.64 77.22
74.42 76.91
74.21 76.6
74.0 76.3
73.8 76.0
73.63 75.72
73.48 75.46
73.34 75.22
73.21 74.99
73.08 74.76
72.95 74.55
72.81 74.33
72.69 74.13
72.59 73.94
72.51 73.77
72.46 73.62
72.43 73.48
72.4 73.36
72.35 73.22
72.27 73.09
72.16 72.94
72.05 72.79
71.93 72.65
71.83 72.53
71.73 72.41
71.63 72.31
71.52 72.2
71.39 72.09
71.27 71.97
71.14 71.85
71.03 71.75
70.99 71.7
71.05 71.63
71.18 71.64
71.14 71.65
71.29 71.55
