66.0 67.68
67.59 68.54
70.0 69.86
73.27 71.67
77.36 73.92
82.11 76.54
87.32 79.4
92.74 82.35
98.1 85.25
103.15 87.98
107.61 90.4
111.21 92.43
113.81 94.04
115.4 95.22
116.0 96.05
115.78 96.63
114.98 97.08
113.79 97.49
112.34 97.93
110.77 98.42
109.13 98.93
107.47 99.43
105.81 99.89
104.18 100.25
102.59 100.51
101.05 100.66
99.58 100.69
98.19 100.61
96.86 100.4
95.6 100.07
94.35 99.61
93.09 99.02
91.78 98.29
90.36 97.4
88.82 96.38
87.17 95.21
85.44 93.94
83.71 92.61
82.05 91.27
80.56 89.97
79.26 88.77
78.23 87.68
77.47 86.73
76.98 85.91
76.72 85.19
76.66 84.55
76.73 83.98
76.91 83.45
77.16 82.95
77.47 82.48
77.79 82.02
78.11 81.59
78.39 81.17
78.6 80.77
78.73 80.37
78.76 79.99
78.7 79.61
78.54 79.23
78.31 78.87
78.0 78.51
77.63 78.15
77.22 77.8
76.77 77.45
76.28 77.1
75.77 76.76
75.26 76.43
74.74 76.11
74.22 75.8
73.7 75.48
73.19 75.16
72.67 74.83
72.17 74.49
71.67 74.15
71.22 73.82
70.83 73.51
70.5 73.22
70.23 72.95
70.02 72.69
69.82 72.43
69.64 72.15
69.44 71.84
69.19 71.49
68.87 71.11
68.49 70.69
68.04 70.25
67.55 69.78
67.04 69.32
66.53 68.86
66.03 68.43
65.59 68.03
65.19 67.66
64.82 67.33
64.51 67.04
64.33 66.84
64.36 66.78
64.61 66.88
64.87 66.9
65.26 67.08
