68.0 68.37
69.59 69.26
72.08 70.64
75.53 72.54
79.88 74.93
84.92 77.71
90.36 80.7
95.85 83.73
101.04 86.61
105.61 89.17
109.31 91.31
111.96 92.96
113.51 94.13
114.0 94.85
113.51 95.2
112.21 95.28
110.27 95.19
107.9 95.01
105.28 94.83
102.59 94.68
99.95 94.61
97.51 94.6
95.32 94.64
93.42 94.71
91.83 94.78
90.58 94.85
89.61 94.89
88.93 94.9
88.48 94.88
88.24 94.82
88.14 94.71
88.12 94.53
88.11 94.26
88.04 93.88
87.84 93.38
87.5 92.76
87.04 92.05
86.48 91.28
85.89 90.49
85.34 89.73
84.88 89.05
84.54 88.46
84.35 87.98
84.31 87.62
84.43 87.36
84.67 87.2
85.03 87.12
85.48 87.1
85.98 87.12
86.49 87.17
86.98 87.21
87.38 87.23
87.69 87.22
87.88 87.17
87.92 87.08
87.81 86.94
87.57 86.75
87.18 86.52
86.67 86.25
86.07 85.95
85.39 85.62
84.65 85.27
83.88 84.91
83.09 84.54
82.32 84.17
81.6 83.81
80.93 83.46
80.32 83.12
79.77 82.8
79.29 82.48
78.85 82.15
78.44 81.83
78.07 81.49
77.74 81.15
77.42 80.8
77.13 80.44
76.86 80.09
76.61 79.73
76.38 79.38
76.17 79.04
75.99 78.71
75.83 78.4
75.69 78.09
75.55 77.8
75.41 77.52
75.28 77.25
75.13 76.97
74.97 76.7
74.81 76.44
74.65 76.19
74.49 75.96
74.35 75.74
74.22 75.54
74.12 75.36
74.01 75.19
73.91 75.03
73.8 74.87
73.68 74.72
73.57 74.58
73.44 74.43
73.32 74.28
73.19 74.14
73.05 73.99
72.91 73.84
72.75 73.69
72.59 73.53
72.42 73.38
72.26 73.23
72.1 73.08
71.95 72.94
71.8 72.8
71.66 72.67
71.51 72.53
71.37 72.39
71.22 72.25
71.08 72.11
70.93 71.96
70.78 71.81
70.63 71.66
70.47 71.51
70.31 71.37
70.16 71.22
70.02 71.07
69.88 70.93
69.76 70.8
69.64 70.67
69.54 70.54
69.43 70.42
69.31 70.29
69.17 70.15
69.03 70.0
68.88 69.85
68.72 69.7
68.56 69.54
68.4 69.39
68.24 69.23
68.08 69.09
67.95 68.96
67.84 68.86
67.82 68.82
67.96 68.87
68.26 69.02
68.63 69.2
68.66 69.18
68.66 69.14
