57.0 56.9
58.71 57.89
61.62 59.5
65.84 61.81
71.21 64.74
77.33 68.11
83.65 71.62
89.62 74.97
94.78 77.91
98.87 80.28
101.78 82.03
103.47 83.19
104.0 83.86
103.49 84.16
102.15 84.2
100.19 84.08
97.8 83.91
95.16 83.73
92.4 83.61
89.65 83.55
87.02 83.56
84.62 83.61
82.5 83.66
80.69 83.68
79.21 83.66
78.01 83.59
77.06 83.46
76.34 83.29
75.81 83.11
75.48 82.9
75.27 82.65
75.17 82.35
75.09 81.97
74.91 81.46
74.54 80.8
73.95 79.97
73.11 78.99
72.14 77.93
71.19 76.88
70.41 75.92
69.87 75.12
69.59 74.51
69.56 74.07
69.68 73.76
69.92 73.54
70.25 73.38
70.65 73.26
71.12 73.18
71.61 73.12
72.07 73.07
72.47 73.01
72.77 72.91
72.93 72.77
72.94 72.58
72.79 72.34
72.5 72.07
72.07 71.78
71.53 71.46
70.88 71.12
70.17 70.76
69.42 70.38
68.67 69.99
67.95 69.61
67.27 69.25
66.65 68.92
66.09 68.61
65.57 68.31
65.09 68.0
64.61 67.68
64.13 67.33
63.67 66.95
63.2 66.55
62.75 66.14
62.33 65.73
61.96 65.34
61.64 64.96
61.37 64.61
61.16 64.28
60.99 63.97
60.85 63.67
60.7 63.37
60.54 63.06
60.35 62.74
60.12 62.39
59.85 62.02
59.54 61.64
59.21 61.27
58.87 60.9
58.56 60.56
58.3 60.25
58.09 59.99
57.94 59.78
57.84 59.6
57.77 59.43
57.69 59.27
57.61 59.11
57.49 58.92
57.35 58.72
57.2 58.52
57.05 58.32
56.93 58.13
56.84 57.97
56.78 57.84
56.75 57.74
56.73 57.64
56.71 57.56
56.68 57.46
56.62 57.37
56.54 57.26
56.47 57.16
56.43 57.09
56.51 57.08
56.58 57.08
56.66 57.13
56.78 57.22
57.01 57.33
56.96 57.23
57.0 57.25
57.25 57.21
