61.0 61.71
63.35 63.02
67.24 65.14
72.71 68.13
79.52 71.85
87.17 76.04
94.97 80.35
102.29 84.41
108.66 87.96
113.67 90.79
117.17 92.88
119.2 94.3
120.0 95.23
119.87 95.86
119.14 96.39
118.04 96.96
116.72 97.65
115.29 98.49
113.79 99.43
112.26 100.42
110.72 101.37
109.17 102.23
107.65 102.91
106.15 103.4
104.68 103.69
103.26 103.8
101.9 103.77
100.59 103.63
99.33 103.41
98.11 103.1
96.9 102.7
95.66 102.18
94.33 101.5
92.87 100.63
91.22 99.54
89.35 98.23
87.3 96.72
85.11 95.08
82.91 93.39
80.83 91.73
79.01 90.18
77.55 88.82
76.52 87.67
75.93 86.74
75.74 86.01
75.89 85.45
76.3 84.99
76.88 84.61
77.55 84.25
78.22 83.88
78.8 83.47
79.25 83.0
79.54 82.49
79.65 81.93
79.6 81.35
79.39 80.76
79.06 80.18
78.64 79.64
78.14 79.13
77.61 78.66
77.05 78.21
76.45 77.78
75.83 77.36
75.19 76.94
74.53 76.52
73.87 76.1
73.22 75.68
72.61 75.28
72.02 74.88
71.47 74.49
70.95 74.11
70.46 73.74
69.98 73.36
69.52 72.97
69.07 72.57
68.63 72.16
68.2 71.74
67.78 71.3
67.37 70.87
66.99 70.44
66.64 70.02
66.33 69.62
66.07 69.24
65.83 68.88
65.61 68.54
65.4 68.2
65.2 67.86
64.98 67.52
64.75 67.18
64.52 66.83
64.29 66.51
64.08 66.2
63.9 65.92
63.76 65.67
63.65 65.46
63.58 65.27
63.54 65.11
63.52 64.97
63.52 64.85
63.54 64.73
63.56 64.63
63.59 64.53
63.6 64.42
63.59 64.31
63.56 64.2
63.5 64.09
63.43 63.97
63.34 63.86
63.23 63.74
63.12 63.64
63.01 63.53
62.89 63.44
62.78 63.34
62.65 63.25
62.51 63.14
62.34 63.03
62.15 62.9
61.93 62.77
61.73 62.67
61.71 62.58
61.73 62.33
61.35 62.07
61.13 61.55
