78.0 79.23
79.09 79.86
80.88 80.87
83.36 82.27
86.45 83.99
89.95 85.91
93.68 87.95
97.45 89.98
101.07 91.89
104.33 93.63
107.07 95.12
109.22 96.35
110.73 97.32
111.63 98.07
112.0 98.65
111.9 99.11
111.43 99.49
110.69 99.85
109.73 100.2
108.64 100.54
107.49 100.87
106.31 101.18
105.16 101.44
104.08 101.67
103.05 101.84
102.09 101.95
101.18 102.0
100.31 101.96
99.44 101.83
98.57 101.61
97.7 101.3
96.83 100.91
95.95 100.45
95.09 99.93
94.26 99.38
93.48 98.8
92.77 98.2
92.13 97.61
91.59 97.04
91.15 96.49
90.82 95.98
90.59 95.51
90.46 95.08
90.42 94.68
90.44 94.31
90.5 93.97
90.57 93.64
90.64 93.32
90.7 93.0
90.7 92.68
90.65 92.36
90.55 92.04
90.39 91.71
90.18 91.39
89.94 91.08
89.67 90.78
89.39 90.49
89.08 90.21
88.76 89.95
88.44 89.69
88.13 89.44
87.82 89.2
87.52 88.96
87.21 88.72
86.9 88.47
86.57 88.21
86.23 87.95
85.88 87.67
85.53 87.39
85.17 87.1
84.81 86.81
84.44 86.51
84.08 86.21
83.74 85.91
83.41 85.62
83.11 85.33
82.84 85.06
82.59 84.79
82.38 84.54
82.19 84.29
82.01 84.05
81.83 83.8
81.65 83.56
81.48 83.31
81.3 83.07
81.13 82.83
80.96 82.59
80.78 82.36
80.59 82.13
80.42 81.9
80.23 81.68
80.04 81.46
79.84 81.23
79.62 81.0
79.39 80.75
79.11 80.5
78.81 80.26
78.54 80.08
78.32 79.97
78.27 80.04
78.28 80.17
