59.0 60.18
61.05 61.32
64.5 63.2
69.44 65.85
75.61 69.16
82.52 72.89
89.57 76.73
96.17 80.35
101.89 83.51
106.48 86.07
109.84 88.02
112.0 89.4
113.0 90.33
112.96 90.91
112.02 91.23
110.33 91.37
108.08 91.42
105.48 91.43
102.71 91.46
99.94 91.57
97.31 91.74
94.91 91.96
92.8 92.2
91.0 92.4
89.49 92.53
88.25 92.59
87.25 92.59
86.48 92.55
85.9 92.48
85.51 92.37
85.27 92.22
85.1 91.98
84.9 91.61
84.58 91.09
84.06 90.39
83.3 89.52
82.37 88.52
81.35 87.46
80.33 86.39
79.44 85.39
78.74 84.52
78.28 83.8
78.05 83.25
78.08 82.85
78.32 82.59
78.75 82.45
79.34 82.4
80.02 82.42
80.76 82.47
81.5 82.53
82.15 82.56
82.67 82.53
83.01 82.44
83.15 82.28
83.08 82.06
82.85 81.81
82.5 81.54
82.06 81.28
81.58 81.03
81.08 80.81
80.58 80.6
80.06 80.39
79.55 80.19
79.03 79.98
78.5 79.74
77.95 79.49
77.38 79.2
76.78 78.88
76.16 78.51
75.5 78.11
74.81 77.66
74.09 77.19
73.36 76.68
72.61 76.16
71.87 75.62
71.14 75.09
70.45 74.55
69.82 74.03
69.24 73.52
68.75 73.04
68.33 72.57
67.99 72.13
67.72 71.72
67.5 71.33
67.33 70.95
67.17 70.58
67.01 70.21
66.84 69.84
66.66 69.46
66.47 69.08
66.25 68.7
66.03 68.33
65.8 67.98
65.56 67.63
65.3 67.3
65.03 66.96
64.74 66.63
64.43 66.3
64.11 65.97
63.77 65.64
63.44 65.31
63.11 65.0
62.8 64.71
62.53 64.45
62.3 64.21
62.13 64.0
62.0 63.82
61.92 63.66
61.85 63.5
61.79 63.35
61.73 63.2
61.67 63.04
61.6 62.89
61.53 62.73
61.46 62.56
61.35 62.39
61.19 62.19
60.96 61.97
60.68 61.72
60.34 61.45
59.97 61.17
59.57 60.88
59.2 60.6
58.91 60.37
58.73 60.22
58.63 60.12
58.71 60.24
58.86 60.47
