62.0 64.69
63.57 65.5
66.1 66.83
69.57 68.67
73.84 70.93
78.64 73.47
83.7 76.16
88.83 78.86
93.79 81.46
98.41 83.88
102.49 86.06
105.87 87.95
108.43 89.53
110.12 90.79
110.95 91.75
111.0 92.46
110.38 92.98
109.25 93.39
107.73 93.73
105.96 94.04
104.03 94.33
102.05 94.59
100.08 94.8
98.17 94.95
96.36 95.03
94.63 95.04
92.99 94.95
91.42 94.77
89.92 94.47
88.46 94.05
87.03 93.5
85.64 92.82
84.24 92.01
82.79 91.08
81.31 90.04
79.81 88.91
78.33 87.72
76.91 86.5
75.62 85.3
74.47 84.12
73.47 83.01
72.63 81.95
71.95 80.96
71.43 80.05
71.07 79.21
70.88 78.46
70.86 77.8
70.96 77.22
71.18 76.73
71.48 76.29
71.83 75.91
72.19 75.56
72.53 75.23
72.85 74.93
73.1 74.64
73.28 74.36
73.37 74.08
73.37 73.8
73.27 73.51
73.1 73.22
72.85 72.93
72.56 72.66
72.24 72.41
71.89 72.18
71.55 71.98
71.2 71.78
70.85 71.6
70.49 71.41
70.13 71.21
69.76 71.01
69.37 70.78
68.98 70.54
68.56 70.28
68.11 69.98
67.64 69.67
67.16 69.33
66.67 68.97
66.17 68.6
65.67 68.22
65.17 67.82
64.65 67.42
64.13 67.0
63.62 66.58
63.11 66.15
62.65 65.75
62.27 65.4
62.03 65.21
61.95 65.07
61.97 65.03
