62.99 63.16
64.89 64.22
68.08 65.99
72.6 68.45
78.07 71.48
84.09 74.87
90.33 78.38
96.41 81.79
102.03 84.93
106.92 87.66
110.79 89.9
113.42 91.6
114.79 92.79
114.99 93.51
114.25 93.89
112.78 94.05
110.87 94.14
108.72 94.28
106.49 94.52
104.29 94.88
102.2 95.31
100.22 95.73
98.37 96.08
96.62 96.31
95.0 96.41
93.49 96.38
92.1 96.24
90.81 95.99
89.63 95.65
88.53 95.22
87.49 94.7
86.5 94.09
85.56 93.41
84.66 92.68
83.8 91.91
83.01 91.1
82.27 90.26
81.6 89.39
80.96 88.51
80.39 87.64
79.93 86.81
79.61 86.06
79.45 85.4
79.48 84.86
79.69 84.44
80.03 84.11
80.46 83.87
80.94 83.68
81.42 83.5
81.83 83.33
82.15 83.14
82.35 82.93
82.41 82.68
82.33 82.4
82.12 82.1
81.8 81.77
81.39 81.43
80.91 81.09
80.4 80.77
79.88 80.47
79.33 80.18
78.76 79.89
78.18 79.59
77.59 79.28
76.98 78.93
76.36 78.57
75.74 78.19
75.15 77.8
74.58 77.42
74.05 77.05
73.56 76.68
73.1 76.31
72.67 75.94
72.25 75.56
71.85 75.17
71.46 74.77
71.06 74.36
70.66 73.94
70.25 73.51
69.86 73.07
69.49 72.63
69.15 72.21
68.82 71.8
68.53 71.41
68.24 71.04
67.99 70.69
67.74 70.35
67.51 70.03
67.29 69.71
67.08 69.4
66.87 69.09
66.66 68.79
66.44 68.49
66.21 68.19
65.97 67.89
65.73 67.61
65.52 67.34
65.34 67.09
65.18 66.86
65.05 66.66
64.95 66.48
64.84 66.3
64.71 66.12
64.57 65.92
64.39 65.72
64.19 65.5
63.97 65.27
63.74 65.05
63.53 64.84
63.34 64.65
63.19 64.48
63.08 64.35
63.01 64.23
62.95 64.12
62.9 64.02
62.83 63.91
62.79 63.8
62.83 63.72
62.88 63.64
62.94 63.55
62.99 63.46
63.01 63.37
62.95 63.25
62.85 63.13
62.73 63.04
62.7 63.03
62.54 63.19
62.3 63.13
62.15 63.16
