57.0 58.25
58.49 59.09
60.93 60.44
64.35 62.32
68.61 64.64
73.42 67.26
78.44 69.97
83.33 72.6
87.78 74.97
91.54 76.99
94.46 78.6
96.49 79.82
97.64 80.68
98.0 81.26
97.66 81.62
96.75 81.85
95.39 81.99
93.71 82.1
91.84 82.22
89.91 82.37
88.02 82.55
86.26 82.76
84.68 82.96
83.28 83.14
82.07 83.27
81.03 83.35
80.14 83.37
79.37 83.32
78.69 83.2
78.09 83.0
77.52 82.72
76.94 82.34
76.3 81.83
75.56 81.2
74.68 80.45
73.69 79.58
72.64 78.66
71.61 77.72
70.67 76.82
69.9 76.01
69.33 75.3
68.96 74.71
68.79 74.23
68.79 73.84
68.95 73.53
69.25 73.3
69.66 73.13
70.15 73.0
70.69 72.91
71.22 72.83
71.71 72.74
72.09 72.63
72.35 72.47
72.47 72.27
72.42 72.03
72.21 71.75
71.86 71.45
71.4 71.12
70.85 70.78
70.26 70.44
69.64 70.11
69.02 69.79
68.4 69.48
67.79 69.18
67.2 68.88
66.63 68.59
66.09 68.3
65.59 68.01
65.13 67.71
64.71 67.41
64.32 67.11
63.96 66.81
63.63 66.5
63.32 66.19
63.04 65.88
62.78 65.57
62.54 65.27
62.31 64.95
62.09 64.64
61.85 64.31
61.61 63.98
61.36 63.64
61.1 63.3
60.82 62.95
60.55 62.62
60.27 62.29
60.0 61.97
59.73 61.66
59.47 61.37
59.23 61.09
59.0 60.82
58.77 60.57
58.56 60.31
58.34 60.07
58.13 59.82
57.91 59.58
57.69 59.34
57.51 59.13
57.3 58.94
57.09 58.72
56.95 58.56
56.94 58.46
56.9 58.36
56.91 58.31
57.04 58.37
