82.0 82.83
83.51 83.63
85.8 84.86
88.9 86.55
92.77 88.65
97.27 91.11
102.21 93.8
107.33 96.58
112.32 99.29
116.85 101.78
120.64 103.92
123.46 105.62
125.23 106.87
126.0 107.7
125.88 108.2
125.11 108.51
123.93 108.75
122.52 109.02
121.04 109.38
119.58 109.84
118.19 110.37
116.87 110.93
115.62 111.44
114.42 111.88
113.27 112.21
112.18 112.42
111.16 112.52
110.22 112.52
109.36 112.43
108.58 112.25
107.83 112.0
107.05 111.64
106.19 111.16
105.2 110.55
104.05 109.79
102.76 108.9
101.38 107.88
99.95 106.79
98.56 105.68
97.26 104.58
96.1 103.54
95.12 102.59
94.34 101.75
93.77 101.0
93.4 100.36
93.2 99.8
93.11 99.29
93.11 98.8
93.14 98.32
93.17 97.84
93.17 97.33
93.13 96.82
93.05 96.3
92.92 95.8
92.76 95.31
92.57 94.86
92.36 94.44
92.14 94.04
91.9 93.67
91.63 93.31
91.35 92.96
91.04 92.62
90.7 92.27
90.33 91.92
89.94 91.57
89.53 91.22
89.11 90.87
88.7 90.53
88.29 90.2
87.88 89.88
87.48 89.56
87.09 89.25
86.71 88.94
86.34 88.63
85.98 88.32
85.65 88.02
85.33 87.71
85.03 87.41
84.76 87.12
84.51 86.83
84.27 86.54
84.03 86.25
83.79 85.96
83.55 85.66
83.31 85.37
83.08 85.09
82.87 84.8
82.65 84.53
82.43 84.26
82.21 83.98
81.97 83.71
81.72 83.43
81.46 83.16
81.2 82.89
80.95 82.63
80.72 82.41
80.56 82.24
80.54 82.17
80.75 82.18
81.09 82.29
81.56 82.54
