49.0 51.98
54.08 54.47
62.56 58.78
74.2 64.97
88.69 72.58
103.98 80.78
118.03 88.71
130.32 95.72
140.6 101.44
148.53 105.8
154.01 108.95
157.1 111.13
158.0 112.59
156.96 113.48
154.29 113.95
150.34 114.12
145.44 114.11
139.9 114.04
133.98 114.0
127.9 113.99
121.85 113.95
115.95 113.75
110.28 113.26
104.87 112.41
99.76 111.23
94.93 109.77
90.37 108.14
86.1 106.39
82.12 104.55
78.44 102.57
75.08 100.45
72.05 98.19
69.36 95.83
67.0 93.39
64.99 90.95
63.32 88.54
61.99 86.19
60.99 83.9
60.28 81.71
59.82 79.62
59.56 77.64
59.43 75.76
59.39 73.98
59.39 72.3
59.4 70.71
59.36 69.2
59.26 67.79
59.08 66.46
58.82 65.22
58.49 64.06
58.11 62.99
57.68 62.01
57.22 61.1
56.71 60.27
56.19 59.51
55.66 58.81
55.1 58.16
54.52 57.54
53.92 56.95
53.28 56.37
52.63 55.8
51.98 55.24
51.36 54.72
50.81 54.25
50.41 53.87
50.08 53.54
49.81 53.27
49.57 53.04
49.37 52.69
48.99 52.3
48.4 51.79
47.95 51.35
47.22 50.9
