53.99 56.68
57.31 58.45
62.67 61.33
70.18 65.35
79.54 70.35
90.09 76.02
101.08 81.94
111.71 87.66
121.3 92.83
129.34 97.18
135.54 100.61
139.69 103.12
141.8 104.78
141.99 105.75
140.54 106.19
137.78 106.29
134.11 106.25
129.95 106.23
125.61 106.33
121.34 106.61
117.31 107.03
113.63 107.52
110.31 107.99
107.36 108.36
104.78 108.57
102.56 108.6
100.59 108.44
98.78 108.08
97.01 107.48
95.13 106.6
93.0 105.42
90.63 103.93
88.14 102.21
85.68 100.36
83.42 98.49
81.51 96.72
80.02 95.11
78.97 93.69
78.35 92.46
78.16 91.41
78.38 90.52
78.92 89.78
79.72 89.16
80.66 88.62
81.66 88.14
82.63 87.67
83.51 87.18
84.23 86.66
84.73 86.11
84.97 85.52
84.94 84.9
84.63 84.26
84.05 83.6
83.24 82.92
82.23 82.21
81.07 81.48
79.81 80.73
78.5 79.99
77.19 79.26
75.9 78.56
74.67 77.9
73.51 77.26
72.43 76.65
71.39 76.04
70.4 75.41
69.42 74.75
68.44 74.05
67.45 73.29
66.47 72.49
65.48 71.66
64.52 70.8
63.6 69.95
62.76 69.11
61.97 68.29
61.25 67.49
60.59 66.71
59.97 65.95
59.37 65.21
58.82 64.47
58.29 63.75
57.79 63.03
57.31 62.33
56.88 61.63
56.42 60.95
55.95 60.26
55.46 59.59
54.95 58.91
54.4 58.24
53.82 57.57
53.2 56.9
52.55 56.24
51.88 55.57
51.2 54.92
50.56 54.31
50.04 53.78
49.67 53.38
49.55 53.16
49.71 53.07
49.81 52.99
50.25 53.08
