64.0 64.23
64.95 64.74
66.34 65.5
68.18 66.51
70.46 67.76
73.11 69.22
76.07 70.86
79.24 72.61
82.5 74.42
85.71 76.22
88.73 77.95
91.43 79.56
93.7 81.01
95.49 82.27
96.78 83.33
97.59 84.23
97.97 85.0
98.0 85.67
97.73 86.28
97.26 86.85
96.64 87.39
95.93 87.91
95.16 88.4
94.38 88.86
93.6 89.27
92.83 89.64
92.08 89.95
91.35 90.18
90.64 90.35
89.96 90.43
89.32 90.45
88.69 90.4
88.08 90.27
87.45 90.07
86.8 89.8
86.09 89.43
85.3 88.98
84.46 88.45
83.58 87.84
82.69 87.18
81.79 86.49
80.94 85.8
80.15 85.11
79.44 84.46
78.83 83.85
78.33 83.29
77.97 82.79
77.73 82.35
77.59 81.96
77.55 81.62
77.6 81.31
77.7 81.04
77.83 80.78
78.0 80.54
78.17 80.32
78.34 80.11
78.51 79.92
78.65 79.74
78.76 79.57
78.83 79.4
78.85 79.23
78.82 79.06
78.72 78.88
78.56 78.7
78.37 78.51
78.12 78.32
77.84 78.12
77.54 77.92
77.21 77.71
76.84 77.5
76.46 77.28
76.06 77.05
75.66 76.82
75.24 76.57
74.83 76.33
74.4 76.07
73.98 75.79
73.54 75.51
73.12 75.21
72.69 74.91
72.28 74.59
71.87 74.27
71.48 73.94
71.1 73.61
70.73 73.28
70.37 72.94
70.03 72.6
69.71 72.27
69.4 71.93
69.11 71.61
68.82 71.29
68.55 70.97
68.29 70.66
68.04 70.35
67.82 70.05
67.6 69.76
67.4 69.48
67.2 69.2
67.01 68.93
66.82 68.66
66.62 68.41
66.43 68.15
66.24 67.9
66.04 67.66
65.85 67.42
65.66 67.19
65.47 66.96
65.3 66.74
65.13 66.53
64.98 66.33
64.84 66.14
64.7 65.96
64.57 65.79
64.45 65.63
64.33 65.47
64.22 65.32
64.12 65.18
64.02 65.03
63.93 64.89
63.83 64.75
63.73 64.61
63.61 64.46
63.47 64.32
63.34 64.17
63.19 64.02
63.04 63.88
62.9 63.75
62.77 63.63
62.68 63.55
62.67 63.52
62.73 63.54
62.66 63.46
62.76 63.44
62.93 63.52
