68.0 70.23
70.15 71.37
73.79 73.31
78.98 76.07
85.44 79.52
92.63 83.37
99.85 87.26
106.51 90.85
112.17 93.88
116.56 96.23
119.62 97.91
121.39 99.01
122.0 99.65
121.57 99.97
120.25 100.07
118.21 100.03
115.64 99.9
112.71 99.76
109.62 99.64
106.55 99.58
103.63 99.59
100.97 99.64
98.62 99.69
96.63 99.72
95.0 99.71
93.71 99.66
92.72 99.58
92.0 99.46
91.47 99.31
91.03 99.07
90.6 98.7
90.04 98.14
89.29 97.35
88.3 96.36
87.15 95.2
85.92 93.95
84.75 92.72
83.75 91.58
83.02 90.59
82.55 89.78
82.35 89.13
82.4 88.64
82.67 88.27
83.11 88.0
83.69 87.81
84.37 87.69
85.09 87.6
85.8 87.52
86.39 87.41
86.82 87.25
87.04 87.01
87.01 86.69
86.75 86.3
86.26 85.85
85.6 85.36
84.8 84.85
83.89 84.33
82.92 83.8
81.91 83.28
80.9 82.76
79.91 82.27
79.0 81.81
78.16 81.38
77.44 80.98
76.82 80.61
76.29 80.26
75.84 79.91
75.47 79.55
75.13 79.18
74.8 78.8
74.48 78.38
74.13 77.95
73.76 77.5
73.37 77.03
73.0 76.56
72.63 76.09
72.25 75.61
71.87 75.13
71.46 74.65
71.03 74.15
70.58 73.66
70.14 73.19
69.71 72.74
69.37 72.36
69.2 72.12
69.24 72.08
69.58 72.28
70.37 72.71
71.17 73.19
72.2 73.75
