69.0 69.95
70.28 70.64
72.45 71.79
75.51 73.4
79.29 75.4
83.47 77.65
87.68 79.94
91.62 82.12
95.18 84.11
98.36 85.88
101.19 87.48
103.68 88.98
105.82 90.4
107.6 91.77
109.0 93.09
110.03 94.34
110.76 95.55
111.26 96.72
111.59 97.89
111.81 99.06
111.94 100.23
112.0 101.37
111.99 102.44
111.92 103.42
111.78 104.29
111.59 105.06
111.34 105.74
111.01 106.33
110.62 106.85
110.15 107.27
109.58 107.57
108.92 107.74
108.14 107.76
107.25 107.63
106.22 107.35
105.01 106.92
103.59 106.31
101.94 105.53
100.07 104.57
98.03 103.47
95.95 102.28
93.93 101.08
92.09 99.92
90.54 98.87
89.3 97.95
88.38 97.18
87.77 96.53
87.42 95.96
87.27 95.45
87.25 94.96
87.32 94.47
87.4 93.94
87.48 93.39
87.53 92.8
87.54 92.2
87.49 91.58
87.37 90.97
87.19 90.36
86.94 89.77
86.63 89.21
86.26 88.66
85.85 88.13
85.41 87.62
84.95 87.13
84.48 86.65
84.01 86.19
83.54 85.75
83.07 85.33
82.61 84.92
82.15 84.52
81.68 84.13
81.21 83.75
80.75 83.37
80.28 82.98
79.81 82.58
79.35 82.19
78.9 81.79
78.46 81.39
78.02 80.98
77.6 80.58
77.18 80.19
76.78 79.79
76.39 79.4
76.03 79.01
75.7 78.63
75.4 78.26
75.12 77.9
74.85 77.55
74.57 77.2
74.27 76.84
73.98 76.49
73.69 76.14
73.42 75.8
73.18 75.49
72.99 75.2
72.82 74.93
72.67 74.68
72.52 74.43
72.37 74.19
72.22 73.95
72.05 73.7
71.88 73.47
71.71 73.24
71.55 73.02
71.41 72.81
71.28 72.62
71.16 72.44
71.06 72.28
70.96 72.12
70.85 71.96
70.74 71.8
70.62 71.64
70.48 71.48
70.32 71.31
70.13 71.12
69.92 70.93
69.69 70.73
69.45 70.53
69.21 70.32
68.99 70.14
68.86 70.01
68.88 69.96
68.97 69.98
69.16 70.13
69.45 70.35
