64.0 64.16
65.8 65.16
68.61 66.71
72.55 68.87
77.58 71.62
83.43 74.83
89.69 78.27
95.86 81.7
101.43 84.83
106.05 87.49
109.5 89.57
111.75 91.06
112.86 92.04
113.0 92.64
112.32 92.99
111.01 93.21
109.27 93.38
107.24 93.55
105.07 93.77
102.88 94.04
100.75 94.34
98.74 94.66
96.87 94.95
95.14 95.16
93.56 95.26
92.13 95.24
90.83 95.11
89.69 94.9
88.71 94.62
87.87 94.3
87.13 93.95
86.46 93.53
85.8 93.03
85.11 92.42
84.35 91.69
83.52 90.84
82.65 89.91
81.77 88.93
80.94 87.95
80.21 87.02
79.62 86.16
79.21 85.41
78.98 84.78
78.95 84.28
79.1 83.89
79.42 83.62
79.9 83.45
80.5 83.37
81.2 83.36
81.98 83.41
82.78 83.49
83.57 83.59
84.29 83.69
84.88 83.77
85.34 83.81
85.62 83.81
85.72 83.77
85.66 83.68
85.44 83.54
85.09 83.38
84.61 83.18
84.05 82.96
83.42 82.73
82.73 82.49
82.02 82.24
81.29 81.98
80.55 81.7
79.8 81.41
79.06 81.09
78.31 80.74
77.55 80.36
76.8 79.95
76.07 79.51
75.37 79.06
74.71 78.6
74.11 78.15
73.58 77.7
73.08 77.26
72.63 76.81
72.2 76.36
71.78 75.9
71.37 75.42
70.97 74.93
70.58 74.44
70.19 73.94
69.81 73.45
69.45 72.96
69.1 72.49
68.78 72.04
68.49 71.62
68.23 71.21
67.99 70.84
67.77 70.48
67.57 70.15
67.37 69.82
67.17 69.51
66.97 69.2
66.77 68.89
66.58 68.59
66.39 68.3
66.2 68.02
66.02 67.77
65.85 67.52
65.68 67.29
65.52 67.08
65.35 66.87
65.2 66.66
65.05 66.47
64.91 66.28
64.77 66.09
64.62 65.9
64.48 65.72
64.33 65.54
64.19 65.38
64.07 65.22
63.98 65.08
63.92 64.96
63.93 64.88
63.91 64.85
63.86 64.77
63.8 64.65
63.74 64.54
63.66 64.44
63.74 64.37
64.09 64.47
64.36 64.58
64.38 64.62
