70.0 72.31
71.53 73.11
74.12 74.47
77.73 76.38
82.18 78.72
87.1 81.32
92.1 83.96
96.81 86.42
100.94 88.56
104.32 90.32
106.88 91.69
108.63 92.71
109.64 93.46
110.0 94.03
109.82 94.48
109.22 94.88
108.31 95.27
107.19 95.67
105.93 96.09
104.59 96.52
103.2 96.92
101.81 97.26
100.43 97.5
99.06 97.63
97.71 97.64
96.37 97.51
95.0 97.27
93.6 96.91
92.15 96.44
90.64 95.84
89.09 95.13
87.52 94.32
85.97 93.43
84.48 92.48
83.09 91.5
81.82 90.51
80.7 89.54
79.73 88.61
78.93 87.71
78.3 86.86
77.83 86.07
77.52 85.33
77.34 84.64
77.26 84.0
77.25 83.4
77.3 82.82
77.35 82.27
77.4 81.73
77.42 81.2
77.38 80.67
77.28 80.16
77.11 79.65
76.89 79.15
76.61 78.66
76.3 78.2
75.97 77.76
75.62 77.34
75.26 76.95
74.9 76.59
74.53 76.24
74.15 75.91
73.75 75.57
73.32 75.22
72.88 74.87
72.42 74.51
71.95 74.14
71.46 73.76
70.94 73.37
70.42 72.99
70.0 72.68
69.83 72.54
70.0 72.53
70.42 72.65
