78.0 78.81
79.33 79.53
81.44 80.68
84.39 82.28
88.08 84.27
92.28 86.54
96.68 88.94
101.01 91.29
104.97 93.44
108.32 95.3
110.99 96.84
112.97 98.08
114.32 99.08
115.18 99.95
115.7 100.76
115.95 101.56
116.0 102.4
115.91 103.28
115.7 104.19
115.37 105.09
114.97 105.96
114.47 106.75
113.89 107.44
113.23 108.0
112.51 108.43
111.73 108.74
110.91 108.95
110.1 109.08
109.29 109.14
108.47 109.15
107.68 109.11
106.91 109.01
106.13 108.83
105.34 108.56
104.51 108.18
103.61 107.68
102.56 107.03
101.34 106.25
99.99 105.34
98.55 104.34
97.13 103.32
95.81 102.33
94.68 101.42
93.78 100.62
93.11 99.93
92.64 99.34
92.33 98.82
92.17 98.35
92.09 97.89
92.05 97.43
92.01 96.96
91.95 96.46
91.84 95.95
91.69 95.41
91.5 94.87
91.28 94.33
91.04 93.82
90.78 93.33
90.5 92.88
90.22 92.46
89.94 92.07
89.64 91.7
89.32 91.33
88.99 90.97
88.63 90.6
88.27 90.24
87.91 89.88
87.55 89.53
87.17 89.19
86.78 88.85
86.39 88.51
85.98 88.16
85.57 87.81
85.16 87.47
84.75 87.12
84.34 86.77
83.94 86.43
83.56 86.08
83.2 85.75
82.87 85.41
82.55 85.09
82.25 84.78
81.99 84.47
81.74 84.18
81.53 83.9
81.35 83.63
81.18 83.36
81.01 83.1
80.85 82.84
80.68 82.59
80.51 82.34
80.36 82.1
80.21 81.87
80.07 81.65
79.93 81.43
79.78 81.21
79.63 81.0
79.49 80.81
79.36 80.62
79.24 80.44
79.11 80.27
78.96 80.09
78.78 79.91
78.58 79.72
78.39 79.54
78.23 79.39
78.13 79.29
78.04 79.15
77.97 79.12
78.14 79.22
78.25 79.39
