72.0 72.71
73.32 73.43
75.41 74.56
78.26 76.1
81.79 78.02
85.81 80.21
90.09 82.54
94.37 84.86
98.37 87.04
101.86 88.97
104.69 90.59
106.76 91.87
108.1 92.86
108.81 93.62
109.0 94.23
108.79 94.76
108.3 95.28
107.64 95.83
106.89 96.42
106.09 97.04
105.29 97.67
104.51 98.28
103.73 98.84
102.97 99.33
102.22 99.72
101.5 100.02
100.77 100.21
100.04 100.3
99.27 100.28
98.43 100.15
97.5 99.9
96.47 99.53
95.35 99.04
94.13 98.43
92.86 97.73
91.56 96.95
90.3 96.13
89.12 95.3
88.06 94.49
87.14 93.72
86.38 93.0
85.8 92.35
85.36 91.76
85.08 91.23
84.94 90.75
84.93 90.33
85.04 89.95
85.24 89.61
85.49 89.29
85.76 88.99
86.0 88.69
86.17 88.38
86.25 88.06
86.24 87.72
86.14 87.37
85.98 87.02
85.78 86.69
85.57 86.38
85.36 86.11
85.15 85.87
84.94 85.65
84.72 85.44
84.47 85.23
84.19 85.01
83.87 84.78
83.51 84.54
83.14 84.29
82.76 84.05
82.38 83.8
82.03 83.56
81.7 83.32
81.37 83.09
81.05 82.85
80.73 82.6
80.39 82.34
80.03 82.06
79.67 81.76
79.3 81.45
78.94 81.14
78.6 80.83
78.29 80.52
77.99 80.22
77.73 79.93
77.48 79.65
77.24 79.38
77.0 79.11
76.77 78.84
76.53 78.57
76.29 78.3
76.06 78.03
75.84 77.76
75.63 77.49
75.43 77.22
75.23 76.97
75.03 76.72
74.84 76.48
74.66 76.25
74.49 76.04
74.34 75.83
74.21 75.63
74.08 75.44
73.96 75.26
73.83 75.08
73.68 74.89
73.54 74.72
73.4 74.54
73.27 74.38
73.15 74.23
73.06 74.09
72.97 73.96
72.89 73.83
72.82 73.71
72.76 73.59
72.7 73.47
72.62 73.34
72.51 73.21
72.37 73.07
72.19 72.92
71.97 72.74
71.72 72.55
71.44 72.35
71.16 72.15
70.93 71.99
70.87 71.93
70.68 71.79
70.61 71.63
70.65 71.56
