77.0 81.4
81.96 84.02
90.27 88.49
102.0 94.79
116.47 102.53
132.18 111.02
147.79 119.49
162.13 127.17
174.11 133.5
182.9 138.15
188.16 141.08
190.0 142.49
188.9 142.75
185.68 142.32
181.15 141.67
175.94 141.14
170.52 140.97
165.19 141.24
160.09 141.88
155.21 142.71
150.5 143.49
145.83 143.94
141.03 143.86
136.05 143.15
130.85 141.79
125.5 139.9
120.17 137.65
115.05 135.22
110.35 132.77
106.23 130.44
102.79 128.29
100.08 126.35
98.09 124.57
96.75 122.92
95.98 121.31
95.66 119.7
95.62 118.04
95.77 116.31
96.0 114.54
96.25 112.74
96.48 110.95
96.69 109.22
96.85 107.58
96.97 106.07
97.03 104.7
97.04 103.47
96.98 102.36
96.84 101.35
96.59 100.41
96.25 99.52
95.79 98.66
95.21 97.83
94.52 97.02
93.73 96.22
92.86 95.45
91.93 94.7
90.98 93.99
90.05 93.33
89.18 92.73
88.39 92.19
87.71 91.71
87.13 91.28
86.64 90.87
86.17 90.44
85.68 89.97
85.11 89.44
84.45 88.84
83.71 88.18
82.91 87.47
82.08 86.74
81.26 86.01
80.46 85.28
79.68 84.56
78.88 83.84
78.06 83.12
77.28 82.56
77.09 82.39
76.69 82.31
