77.0 78.09
79.0 79.17
82.12 80.87
86.49 83.22
92.0 86.19
98.38 89.63
105.18 93.32
111.93 96.99
118.14 100.38
123.37 103.28
127.32 105.56
129.85 107.17
131.0 108.17
130.91 108.69
129.86 108.87
128.1 108.9
125.94 108.91
123.59 109.0
121.21 109.23
118.94 109.6
116.85 110.08
114.96 110.61
113.3 111.13
111.86 111.58
110.6 111.93
109.47 112.12
108.43 112.15
107.37 111.97
106.21 111.59
104.86 110.98
103.29 110.14
101.49 109.11
99.56 107.93
97.59 106.67
95.75 105.39
94.15 104.17
92.89 103.06
92.01 102.1
91.5 101.3
91.35 100.65
91.5 100.13
91.88 99.7
92.41 99.33
93.02 98.98
93.64 98.63
94.21 98.27
94.68 97.87
95.04 97.45
95.25 97.0
95.3 96.52
95.2 96.04
94.96 95.56
94.57 95.07
94.08 94.59
93.47 94.1
92.78 93.62
92.04 93.13
91.25 92.64
90.45 92.16
89.65 91.69
88.88 91.23
88.11 90.78
87.38 90.33
86.68 89.89
86.0 89.45
85.36 89.01
84.76 88.56
84.2 88.12
83.69 87.68
83.23 87.24
82.8 86.8
82.4 86.36
82.02 85.92
81.67 85.48
81.35 85.05
81.05 84.62
80.78 84.2
80.54 83.8
80.33 83.42
80.16 83.07
80.02 82.74
79.93 82.44
79.88 82.18
79.85 81.94
79.86 81.73
79.89 81.55
79.93 81.39
79.98 81.23
80.0 81.07
79.99 80.91
79.95 80.74
79.85 80.56
79.69 80.36
79.48 80.15
79.24 79.92
78.95 79.7
78.64 79.47
78.32 79.23
77.98 79.0
77.62 78.77
77.26 78.53
76.88 78.3
76.53 78.07
76.23 77.88
76.04 77.75
76.06 77.75
76.19 77.85
76.48 77.99
