74.0 75.5
75.45 76.28
77.75 77.54
80.94 79.27
84.9 81.43
89.46 83.9
94.34 86.53
99.24 89.15
103.85 91.61
107.91 93.77
111.2 95.58
113.61 97.0
115.15 98.06
115.9 98.84
116.0 99.42
115.59 99.89
114.83 100.34
113.82 100.8
112.67 101.3
111.45 101.84
110.22 102.39
109.01 102.93
107.86 103.43
106.81 103.87
105.84 104.23
104.95 104.5
104.11 104.67
103.27 104.7
102.39 104.59
101.39 104.33
100.28 103.92
99.02 103.34
97.64 102.64
96.16 101.81
94.66 100.9
93.17 99.94
91.75 98.96
90.46 97.99
89.33 97.06
88.35 96.18
87.55 95.36
86.92 94.61
86.46 93.91
86.14 93.27
85.96 92.67
85.88 92.13
85.89 91.61
85.96 91.13
86.08 90.68
86.22 90.24
86.37 89.83
86.51 89.44
86.6 89.06
86.63 88.68
86.58 88.31
86.45 87.92
86.21 87.53
85.9 87.13
85.54 86.73
85.15 86.35
84.74 85.99
84.36 85.66
83.99 85.35
83.65 85.08
83.3 84.82
82.97 84.56
82.64 84.31
82.29 84.05
81.93 83.77
81.54 83.48
81.12 83.17
80.69 82.84
80.25 82.5
79.82 82.16
79.42 81.82
79.05 81.5
78.72 81.19
78.42 80.9
78.15 80.62
77.89 80.35
77.63 80.06
77.37 79.76
77.08 79.43
76.76 79.09
76.44 78.72
76.1 78.35
75.77 77.99
75.45 77.64
75.13 77.31
74.82 76.99
74.51 76.69
74.23 76.41
74.02 76.18
73.94 76.05
74.1 76.1
74.45 76.26
