86.99 87.85
90.37 89.8
95.54 92.78
102.66 96.87
111.67 101.98
122.24 107.92
133.8 114.33
145.55 120.77
156.63 126.81
166.22 132.06
173.73 136.28
178.93 139.43
181.91 141.62
183.0 143.1
182.6 144.13
181.12 144.98
178.85 145.81
176.02 146.69
172.78 147.61
169.25 148.51
165.54 149.32
161.72 149.98
157.87 150.42
154.04 150.6
150.25 150.49
146.52 150.08
142.84 149.34
139.18 148.3
135.5 146.98
131.79 145.39
128.05 143.59
124.36 141.62
120.77 139.53
117.41 137.35
114.35 135.15
111.69 132.95
109.46 130.82
107.69 128.77
106.36 126.85
105.45 125.06
104.9 123.39
104.65 121.82
104.61 120.34
104.74 118.93
104.93 117.57
105.13 116.24
105.29 114.94
105.35 113.66
105.3 112.42
105.11 111.21
104.79 110.04
104.33 108.91
103.72 107.81
103.0 106.77
102.2 105.76
101.34 104.81
100.45 103.9
99.54 103.05
98.63 102.24
97.73 101.47
96.82 100.73
95.92 100.01
95.04 99.3
94.17 98.61
93.32 97.92
92.51 97.24
91.7 96.56
90.92 95.88
90.15 95.2
89.42 94.52
88.72 93.85
88.07 93.19
87.47 92.54
86.92 91.91
86.41 91.3
85.94 90.7
85.51 90.12
85.12 89.56
84.76 89.02
84.46 88.51
84.22 88.04
84.02 87.6
83.87 87.2
83.76 86.82
83.65 86.48
83.57 86.2
83.62 86.06
83.99 86.17
84.76 86.55
85.87 87.26
