69.0 70.0
70.34 70.72
72.37 71.82
75.13 73.33
78.59 75.21
82.61 77.4
87.01 79.78
91.54 82.24
95.97 84.64
100.04 86.87
103.6 88.89
106.55 90.65
108.9 92.19
110.71 93.55
112.07 94.82
113.12 96.06
113.95 97.34
114.64 98.68
115.25 100.09
115.77 101.54
116.22 103.0
116.58 104.41
116.84 105.73
116.98 106.94
117.0 108.01
116.87 108.93
116.6 109.71
116.21 110.34
115.71 110.85
115.11 111.26
114.43 111.56
113.69 111.77
112.89 111.88
112.01 111.87
110.99 111.71
109.8 111.37
108.36 110.8
106.65 110.02
104.7 109.03
102.58 107.9
100.44 106.7
98.4 105.5
96.59 104.38
95.06 103.39
93.84 102.52
92.93 101.77
92.29 101.11
91.86 100.5
91.58 99.9
91.39 99.29
91.22 98.65
91.05 97.97
90.85 97.24
90.6 96.47
90.3 95.68
89.95 94.88
89.55 94.1
89.12 93.34
88.67 92.63
88.19 91.95
87.69 91.3
87.17 90.68
86.65 90.07
86.15 89.49
85.67 88.93
85.22 88.39
84.8 87.89
84.4 87.42
84.01 86.97
83.62 86.53
83.22 86.1
82.81 85.67
82.38 85.25
81.95 84.82
81.52 84.4
81.12 83.98
80.72 83.58
80.35 83.18
80.01 82.8
79.69 82.43
79.37 82.07
79.06 81.7
78.74 81.34
78.39 80.96
78.02 80.58
77.66 80.19
77.29 79.81
76.94 79.43
76.61 79.07
76.3 78.71
76.0 78.38
75.72 78.05
75.44 77.73
75.17 77.41
74.91 77.11
74.64 76.8
74.37 76.5
74.12 76.2
73.86 75.91
73.61 75.62
73.38 75.34
73.16 75.07
72.96 74.82
72.75 74.57
72.55 74.31
72.33 74.06
72.12 73.81
71.88 73.55
71.65 73.29
71.43 73.04
71.21 72.79
70.97 72.55
70.75 72.32
70.54 72.09
70.31 71.85
70.07 71.62
69.83 71.38
69.58 71.14
69.33 70.9
69.09 70.67
68.88 70.46
68.75 70.29
68.7 70.19
68.61 70.08
68.43 69.87
68.38 69.75
68.19 69.55
