85.0 88.06
88.62 90.03
94.89 93.43
103.87 98.27
115.04 104.26
127.21 110.78
138.98 117.12
149.22 122.65
157.23 126.91
162.66 129.75
165.5 131.29
166.0 131.79
164.6 131.61
161.75 131.04
157.86 130.33
153.27 129.63
148.3 129.04
143.21 128.63
138.22 128.39
133.46 128.31
129.01 128.29
124.94 128.21
121.23 127.96
117.86 127.45
114.77 126.65
111.92 125.59
109.28 124.36
106.86 123.03
104.72 121.7
102.9 120.4
101.46 119.17
100.44 118.01
99.86 116.92
99.67 115.9
99.85 114.97
100.37 114.11
101.15 113.32
102.13 112.61
103.22 111.96
104.33 111.34
105.35 110.72
106.19 110.07
106.78 109.38
107.07 108.64
107.05 107.85
106.73 107.03
106.15 106.19
105.33 105.36
104.32 104.55
103.19 103.76
101.97 103.01
100.72 102.3
99.47 101.63
98.25 100.99
97.09 100.4
96.01 99.83
95.02 99.29
94.11 98.78
93.31 98.27
92.6 97.77
91.97 97.28
91.44 96.79
90.96 96.3
90.53 95.81
90.14 95.3
89.77 94.78
89.39 94.25
89.01 93.69
88.63 93.11
88.21 92.52
87.78 91.92
87.34 91.33
86.95 90.79
86.66 90.35
86.36 89.81
85.9 89.19
85.53 88.72
85.4 88.48
85.07 88.22
