62.0 65.29
64.26 66.45
68.4 68.54
74.12 71.49
80.87 75.05
87.93 78.83
94.66 82.5
100.79 85.87
106.52 88.96
112.07 91.9
117.5 94.8
122.64 97.74
127.25 100.68
131.14 103.48
134.12 106.0
136.07 108.16
136.99 109.94
137.0 111.39
136.24 112.61
134.89 113.66
133.12 114.57
131.05 115.32
128.78 115.9
126.35 116.29
123.81 116.52
121.18 116.6
118.51 116.58
115.78 116.43
113.01 116.12
110.17 115.56
107.19 114.68
104.04 113.48
100.76 111.98
97.44 110.25
94.16 108.38
91.05 106.47
88.23 104.57
85.73 102.73
83.57 100.96
81.75 99.26
80.24 97.61
79.01 96.01
78.05 94.47
77.32 92.98
76.79 91.54
76.45 90.18
76.25 88.87
76.14 87.63
76.1 86.43
76.04 85.27
75.94 84.14
75.76 83.03
75.48 81.95
75.11 80.91
74.71 79.92
74.29 79.0
73.9 78.16
73.53 77.4
73.15 76.71
72.75 76.07
72.32 75.46
71.84 74.87
71.36 74.31
70.9 73.79
70.48 73.3
70.08 72.86
69.71 72.45
69.34 72.07
68.98 71.7
68.62 71.34
68.28 70.98
67.93 70.61
67.54 70.23
67.12 69.82
66.66 69.4
66.14 68.94
65.58 68.45
64.97 67.93
64.3 67.39
63.64 66.87
63.07 66.44
62.72 66.16
62.41 65.91
