71.08 73.61
74.69 75.54
80.66 78.75
89.11 83.23
99.44 88.73
110.67 94.81
121.97 100.92
132.4 106.52
141.04 111.18
147.41 114.67
151.39 116.96
153.0 118.19
152.59 118.61
150.64 118.5
147.54 118.12
143.64 117.66
139.16 117.23
134.31 116.88
129.26 116.59
124.16 116.3
119.07 115.93
114.05 115.38
109.11 114.56
104.27 113.43
99.56 111.97
95.01 110.24
90.7 108.32
86.7 106.3
83.09 104.27
79.95 102.29
77.31 100.39
75.18 98.57
73.53 96.82
72.33 95.12
71.54 93.45
71.11 91.81
70.99 90.22
71.19 88.72
71.67 87.34
72.37 86.08
73.27 84.97
74.31 84.0
75.44 83.15
76.56 82.4
77.59 81.73
78.47 81.11
79.13 80.52
79.55 79.93
79.72 79.35
79.65 78.76
79.38 78.19
78.93 77.64
78.36 77.14
77.72 76.69
77.06 76.3
76.41 75.99
75.84 75.77
75.37 75.61
74.96 75.52
74.62 75.45
74.29 75.37
73.93 75.25
73.51 75.07
73.04 74.83
72.52 74.52
71.98 74.17
71.42 73.8
70.85 73.41
70.27 73.01
69.68 72.62
69.13 72.26
68.72 72.0
68.78 72.14
68.93 72.27
