83.0 88.67
86.24 90.39
91.78 93.35
99.58 97.51
109.18 102.6
119.81 108.18
130.57 113.77
140.7 118.96
149.63 123.46
157.03 127.14
162.7 130.04
166.68 132.31
169.2 134.13
170.54 135.7
171.0 137.19
170.83 138.71
170.25 140.31
169.34 142.01
168.17 143.77
166.78 145.52
165.24 147.19
163.57 148.68
161.81 149.93
160.01 150.93
158.2 151.68
156.39 152.19
154.53 152.48
152.55 152.54
150.44 152.35
148.14 151.87
145.52 151.05
142.54 149.89
139.24 148.37
135.66 146.56
131.93 144.51
128.23 142.32
124.71 140.08
121.49 137.88
118.62 135.78
116.16 133.79
114.1 131.91
112.39 130.15
111.01 128.48
109.94 126.88
109.13 125.37
108.57 123.93
108.24 122.56
108.14 121.27
108.15 120.03
108.2 118.85
108.28 117.7
108.32 116.58
108.25 115.48
108.04 114.4
107.72 113.32
107.23 112.25
106.59 111.18
105.84 110.12
105.04 109.09
104.21 108.12
103.41 107.21
102.61 106.35
101.77 105.54
100.9 104.75
99.99 103.96
99.02 103.17
98.01 102.37
97.0 101.57
96.0 100.76
94.96 99.95
93.87 99.11
92.78 98.25
91.67 97.37
90.57 96.48
89.52 95.59
88.53 94.71
87.6 93.85
86.72 93.0
85.84 92.16
84.96 91.29
84.05 90.4
83.11 89.5
82.2 88.66
81.54 88.02
81.56 87.85
81.64 87.78
