85.99 89.39
88.61 90.79
92.61 93.0
98.12 96.04
105.04 99.81
113.03 104.15
121.68 108.81
130.51 113.52
139.06 118.04
146.91 122.2
153.76 125.88
159.33 129.02
163.53 131.62
166.32 133.71
167.77 135.37
168.0 136.68
167.23 137.75
165.68 138.69
163.61 139.56
161.19 140.43
158.61 141.3
155.97 142.14
153.37 142.9
150.82 143.54
148.32 143.98
145.79 144.15
143.11 143.99
140.15 143.43
136.83 142.44
133.17 141.06
129.27 139.34
125.3 137.41
121.44 135.4
117.88 133.4
114.73 131.5
112.03 129.72
109.8 128.08
108.05 126.54
106.76 125.11
105.93 123.77
105.52 122.53
105.5 121.38
105.78 120.3
106.22 119.24
106.72 118.18
107.15 117.07
107.44 115.93
107.55 114.76
107.51 113.59
107.33 112.45
106.99 111.36
106.52 110.32
105.92 109.32
105.19 108.34
104.36 107.4
103.46 106.48
102.5 105.61
101.55 104.79
100.64 104.02
99.75 103.3
98.88 102.61
98.02 101.93
97.16 101.26
96.32 100.6
95.52 99.95
94.74 99.31
93.98 98.67
93.21 98.02
92.41 97.33
91.58 96.61
90.74 95.85
89.88 95.07
89.03 94.28
88.18 93.49
87.34 92.71
86.55 91.96
85.86 91.27
85.29 90.65
84.94 90.12
84.71 89.67
84.78 89.32
84.99 88.93
85.23 88.8
85.6 88.61
