78.0 80.7
79.81 81.58
82.67 83.02
86.6 85.05
91.44 87.58
96.93 90.46
102.73 93.51
108.47 96.5
113.77 99.27
118.32 101.65
121.88 103.57
124.33 104.99
125.67 105.95
126.0 106.54
125.45 106.85
124.24 106.99
122.54 107.07
120.52 107.14
118.33 107.26
116.09 107.42
113.88 107.61
111.75 107.78
109.73 107.92
107.85 107.97
106.1 107.93
104.47 107.78
102.95 107.52
101.52 107.15
100.15 106.66
98.82 106.06
97.48 105.34
96.11 104.5
94.71 103.55
93.29 102.49
91.88 101.37
90.54 100.21
89.34 99.06
88.31 97.95
87.49 96.92
86.89 95.97
86.49 95.13
86.3 94.38
86.28 93.72
86.41 93.14
86.67 92.64
87.02 92.2
87.42 91.81
87.85 91.46
88.27 91.14
88.65 90.84
88.98 90.56
89.24 90.29
89.42 90.02
89.5 89.77
89.5 89.52
89.41 89.28
89.24 89.03
88.98 88.78
88.66 88.53
88.27 88.26
87.83 88.0
87.36 87.74
86.87 87.49
86.37 87.24
85.87 86.98
85.34 86.72
84.78 86.43
84.2 86.11
83.61 85.77
83.01 85.41
82.42 85.03
81.87 84.65
81.34 84.27
80.82 83.87
80.3 83.46
79.78 83.03
79.26 82.59
78.74 82.14
78.25 81.69
77.81 81.27
77.46 80.91
77.31 80.68
77.52 80.7
77.86 80.94
