63.99 65.47
65.17 66.09
66.97 67.07
69.44 68.41
72.53 70.09
76.14 72.05
80.11 74.18
84.21 76.36
88.19 78.48
91.86 80.45
95.07 82.19
97.69 83.69
99.72 84.96
101.18 86.04
102.15 87.0
102.72 87.87
102.98 88.72
103.0 89.57
102.83 90.41
102.51 91.24
102.06 92.04
101.48 92.78
100.81 93.43
100.04 93.98
99.19 94.42
98.29 94.75
97.34 94.95
96.34 95.04
95.27 95.0
94.13 94.84
92.88 94.54
91.52 94.11
90.06 93.54
88.53 92.87
86.97 92.11
85.44 91.29
84.01 90.45
82.69 89.61
81.53 88.8
80.55 88.02
79.74 87.28
79.08 86.57
78.55 85.89
78.1 85.21
77.73 84.53
77.4 83.85
77.1 83.17
76.84 82.5
76.6 81.84
76.39 81.21
76.19 80.6
76.0 80.02
75.81 79.47
75.59 78.94
75.36 78.43
75.1 77.93
74.82 77.45
74.53 76.99
74.24 76.55
73.95 76.13
73.64 75.73
73.32 75.34
72.99 74.96
72.63 74.58
72.26 74.21
71.87 73.85
71.49 73.5
71.1 73.15
70.71 72.8
70.32 72.46
69.93 72.12
69.55 71.77
69.17 71.43
68.8 71.1
68.45 70.76
68.1 70.43
67.76 70.1
67.43 69.77
67.11 69.43
66.78 69.1
66.46 68.76
66.14 68.43
65.84 68.1
65.55 67.78
65.26 67.46
64.98 67.15
64.7 66.84
64.4 66.53
64.11 66.2
63.79 65.87
63.48 65.55
63.18 65.24
62.92 64.97
62.79 64.8
62.88 64.75
63.15 64.78
