76.0 78.16
78.95 79.63
83.74 82.11
90.39 85.62
98.65 90.02
107.95 95.01
117.57 100.2
126.81 105.19
134.99 109.6
141.52 113.18
146.02 115.79
148.44 117.46
149.0 118.34
148.07 118.66
146.06 118.66
143.3 118.55
140.07 118.49
136.6 118.56
133.06 118.77
129.55 119.08
126.14 119.4
122.87 119.64
119.7 119.71
116.6 119.54
113.54 119.08
110.47 118.33
107.42 117.32
104.45 116.11
101.65 114.78
99.11 113.42
96.91 112.1
95.11 110.86
93.74 109.71
92.77 108.64
92.17 107.63
91.89 106.65
91.84 105.68
91.96 104.7
92.17 103.7
92.38 102.68
92.55 101.63
92.67 100.57
92.71 99.52
92.67 98.5
92.56 97.52
92.39 96.61
92.15 95.77
91.85 95.0
91.5 94.29
91.12 93.63
90.71 93.03
90.26 92.46
89.77 91.91
89.25 91.39
88.67 90.88
88.06 90.38
87.45 89.88
86.83 89.39
86.23 88.92
85.67 88.47
85.13 88.05
84.59 87.63
84.07 87.22
83.55 86.8
83.03 86.36
82.51 85.91
81.99 85.44
81.47 84.96
80.95 84.48
80.44 83.99
79.94 83.49
79.45 83.0
78.99 82.52
78.55 82.04
78.12 81.57
77.7 81.11
77.28 80.65
76.87 80.19
76.48 79.74
76.09 79.29
75.71 78.85
75.34 78.42
75.03 78.04
74.84 77.79
74.98 77.75
75.49 77.75
76.29 77.92
