93.99 95.67
95.88 96.7
98.73 98.3
102.55 100.44
107.27 103.05
112.61 106.04
118.39 109.31
124.64 112.74
131.11 116.22
137.38 119.63
143.24 122.86
148.43 125.79
152.62 128.36
155.74 130.55
157.96 132.43
159.43 134.09
160.32 135.65
160.8 137.21
160.99 138.83
160.99 140.49
160.81 142.18
160.53 143.84
160.22 145.47
159.96 147.04
159.8 148.57
159.77 150.04
159.81 151.42
159.83 152.66
159.76 153.72
159.55 154.58
159.2 155.23
158.71 155.66
158.0 155.89
157.06 155.9
155.86 155.66
154.31 155.13
152.35 154.29
149.99 153.16
147.3 151.78
144.38 150.24
141.41 148.63
138.56 147.06
135.98 145.59
133.76 144.26
131.89 143.07
130.38 141.98
129.18 140.96
128.2 139.95
127.38 138.92
126.65 137.84
125.92 136.69
125.17 135.47
124.35 134.17
123.45 132.83
122.49 131.45
121.47 130.08
120.43 128.72
119.37 127.4
118.3 126.13
117.26 124.9
116.24 123.7
115.19 122.52
114.17 121.36
113.17 120.21
112.19 119.08
111.19 117.96
110.19 116.87
109.21 115.81
108.25 114.79
107.31 113.8
106.39 112.85
105.54 111.94
104.76 111.06
104.02 110.21
103.32 109.38
102.69 108.58
102.08 107.79
101.48 107.02
100.89 106.28
100.34 105.55
99.83 104.86
99.36 104.21
98.95 103.59
98.59 102.99
98.24 102.41
97.88 101.83
97.5 101.26
97.11 100.68
96.69 100.11
96.23 99.53
95.74 98.96
95.24 98.41
94.76 97.89
94.33 97.4
93.96 96.95
93.65 96.55
93.38 96.18
93.14 95.83
92.88 95.48
92.65 95.16
92.29 94.89
92.0 94.57
91.92 94.52
92.22 94.75
92.57 94.94
