59.0 59.17
59.99 59.73
61.52 60.58
63.64 61.75
66.27 63.2
69.29 64.88
72.54 66.69
75.87 68.55
79.15 70.39
82.29 72.16
85.19 73.82
87.77 75.36
89.95 76.77
91.69 78.04
92.99 79.17
93.9 80.19
94.49 81.13
94.82 82.03
94.98 82.92
95.0 83.81
94.91 84.69
94.74 85.56
94.52 86.38
94.25 87.14
93.93 87.83
93.58 88.44
93.2 88.97
92.79 89.42
92.33 89.8
91.85 90.08
91.31 90.27
90.7 90.35
90.01 90.31
89.19 90.13
88.21 89.81
87.05 89.34
85.71 88.72
84.25 87.97
82.71 87.14
81.2 86.26
79.78 85.4
78.51 84.58
77.42 83.83
76.53 83.15
75.83 82.54
75.31 81.98
74.95 81.47
74.71 80.98
74.57 80.51
74.49 80.04
74.44 79.57
74.41 79.09
74.38 78.6
74.32 78.11
74.23 77.62
74.11 77.14
73.95 76.67
73.75 76.21
73.52 75.77
73.26 75.35
72.97 74.94
72.66 74.54
72.34 74.15
72.0 73.77
71.64 73.4
71.28 73.05
70.89 72.69
70.5 72.34
70.09 72.0
69.69 71.66
69.28 71.32
68.88 70.99
68.49 70.66
68.1 70.34
67.72 70.02
67.36 69.71
67.01 69.39
66.68 69.08
66.35 68.76
66.04 68.44
65.74 68.13
65.44 67.81
65.16 67.49
64.88 67.18
64.62 66.88
64.37 66.58
64.14 66.3
63.93 66.02
63.73 65.75
63.54 65.5
63.35 65.24
63.18 65.0
63.03 64.76
62.87 64.53
62.73 64.31
62.59 64.09
62.45 63.89
62.32 63.68
62.18 63.49
62.04 63.3
61.9 63.11
61.76 62.93
61.61 62.75
61.47 62.57
61.32 62.4
61.17 62.23
61.03 62.07
60.89 61.92
60.76 61.76
60.62 61.61
60.49 61.46
60.35 61.32
60.22 61.18
60.09 61.04
59.97 60.91
59.85 60.78
59.74 60.65
59.64 60.53
59.55 60.42
59.46 60.31
59.38 60.2
59.31 60.1
59.26 60.01
59.21 59.93
59.18 59.85
59.13 59.77
59.09 59.68
59.02 59.6
58.95 59.5
58.86 59.4
58.77 59.3
58.67 59.2
58.56 59.09
58.45 58.99
58.35 58.9
58.27 58.82
58.23 58.77
58.19 58.75
58.17 58.7
58.2 58.67
58.29 58.69
58.45 58.77
58.76 58.85
