70.0 72.6
72.86 74.19
77.56 76.78
84.12 80.39
92.32 84.85
101.57 89.85
111.1 95.0
120.21 99.88
128.27 104.16
134.81 107.64
139.61 110.29
142.75 112.19
144.44 113.54
145.0 114.58
144.74 115.51
143.89 116.45
142.63 117.48
141.05 118.59
139.2 119.73
137.14 120.82
134.87 121.78
132.43 122.52
129.83 122.99
127.08 123.14
124.18 122.96
121.13 122.46
117.95 121.68
114.68 120.69
111.38 119.52
108.16 118.26
105.1 116.94
102.28 115.61
99.77 114.26
97.61 112.92
95.79 111.58
94.31 110.24
93.15 108.9
92.26 107.58
91.59 106.28
91.13 105.0
90.82 103.75
90.62 102.53
90.5 101.35
90.41 100.18
90.31 99.04
90.17 97.92
89.95 96.83
89.65 95.76
89.26 94.72
88.79 93.71
88.26 92.74
87.67 91.81
87.03 90.92
86.32 90.05
85.57 89.22
84.8 88.42
84.02 87.66
83.26 86.95
82.56 86.28
81.9 85.66
81.24 85.06
80.57 84.46
79.89 83.86
79.18 83.24
78.46 82.6
77.76 81.97
77.1 81.36
76.49 80.77
75.92 80.2
75.39 79.66
74.91 79.13
74.48 78.61
74.05 78.08
73.63 77.55
73.18 77.0
72.71 76.44
72.2 75.87
71.71 75.31
71.23 74.76
70.79 74.23
70.37 73.72
69.96 73.23
69.53 72.75
69.09 72.28
68.66 71.84
68.36 71.43
68.17 71.06
68.08 71.02
68.21 71.03
