85.0 86.67
86.71 87.6
89.55 89.16
93.58 91.34
98.61 94.06
104.27 97.11
110.09 100.23
115.6 103.18
120.43 105.73
124.29 107.77
127.01 109.23
128.55 110.17
129.0 110.64
128.48 110.78
127.21 110.7
125.37 110.52
123.16 110.32
120.75 110.16
118.27 110.08
115.84 110.09
113.56 110.16
111.49 110.27
109.66 110.37
108.11 110.45
106.84 110.48
105.83 110.47
105.1 110.43
104.59 110.38
104.28 110.29
104.07 110.15
103.86 109.9
103.52 109.5
103.0 108.93
102.28 108.2
101.42 107.33
100.52 106.41
99.67 105.5
98.98 104.66
98.49 103.94
98.2 103.36
98.13 102.91
98.26 102.6
98.57 102.38
99.0 102.24
99.5 102.14
99.99 102.04
100.42 101.93
100.76 101.77
100.99 101.57
101.09 101.33
101.06 101.05
100.9 100.74
100.62 100.42
100.22 100.1
99.73 99.76
99.15 99.42
98.51 99.07
97.82 98.7
97.09 98.31
96.33 97.9
95.54 97.47
94.75 97.02
93.96 96.56
93.19 96.1
92.47 95.64
91.81 95.19
91.2 94.76
90.66 94.34
90.17 93.94
89.75 93.55
89.39 93.17
89.07 92.8
88.78 92.41
88.49 92.01
88.2 91.6
87.9 91.17
87.59 90.72
87.26 90.27
86.94 89.83
86.61 89.4
86.3 88.98
86.0 88.58
85.72 88.2
85.43 87.82
85.12 87.44
84.81 87.08
84.49 86.72
84.18 86.4
83.97 86.16
83.81 85.99
83.67 85.91
83.65 85.92
