63.97 66.52
65.91 67.52
68.93 69.11
73.07 71.3
78.19 74.03
84.05 77.15
90.33 80.46
96.62 83.75
102.48 86.78
107.46 89.33
111.17 91.26
113.38 92.48
114.0 93.0
113.12 92.9
111.03 92.36
108.04 91.55
104.49 90.66
100.66 89.83
96.77 89.13
93.0 88.57
89.46 88.13
86.2 87.76
83.29 87.42
80.75 87.06
78.54 86.65
76.65 86.16
75.04 85.58
73.66 84.88
72.44 84.08
71.31 83.14
70.22 82.1
69.12 80.95
68.0 79.72
66.9 78.44
65.84 77.14
64.89 75.86
64.1 74.63
63.51 73.49
63.13 72.47
63.0 71.58
63.1 70.84
63.43 70.26
64.0 69.83
64.78 69.56
65.75 69.42
66.87 69.42
68.08 69.51
69.35 69.68
70.61 69.9
71.78 70.14
72.82 70.37
73.69 70.57
74.33 70.73
74.72 70.82
74.86 70.85
74.76 70.82
74.44 70.72
73.92 70.58
73.27 70.4
72.5 70.2
71.66 70.0
70.78 69.78
69.89 69.57
69.03 69.37
68.21 69.16
67.46 68.96
66.76 68.75
66.13 68.53
65.56 68.29
65.04 68.03
64.54 67.74
64.08 67.42
63.63 67.08
63.21 66.72
62.82 66.37
62.53 66.07
62.43 65.89
62.61 65.86
62.95 65.98
63.68 66.26
