64.99 66.67
66.35 67.42
68.47 68.63
71.42 70.29
75.15 72.36
79.49 74.73
84.18 77.26
88.9 79.75
93.31 82.05
97.14 84.04
100.22 85.67
102.5 86.96
104.08 87.99
105.09 88.87
105.68 89.68
105.96 90.5
105.99 91.36
105.83 92.27
105.51 93.2
105.1 94.15
104.66 95.08
104.2 95.97
103.74 96.78
103.25 97.49
102.72 98.08
102.12 98.53
101.46 98.84
100.71 99.01
99.87 99.05
98.93 98.97
97.86 98.75
96.66 98.41
95.33 97.91
93.88 97.28
92.34 96.52
90.75 95.67
89.17 94.77
87.68 93.86
86.33 92.99
85.16 92.18
84.2 91.43
83.45 90.75
82.89 90.12
82.48 89.52
82.2 88.94
81.99 88.36
81.82 87.78
81.66 87.19
81.49 86.58
81.33 85.97
81.16 85.38
80.99 84.8
80.83 84.27
80.67 83.76
80.49 83.29
80.29 82.83
80.05 82.38
79.74 81.91
79.39 81.45
78.99 80.98
78.56 80.51
78.13 80.07
77.7 79.64
77.28 79.24
76.86 78.86
76.44 78.5
76.02 78.13
75.58 77.76
75.11 77.36
74.6 76.95
74.07 76.52
73.53 76.08
72.99 75.64
72.48 75.21
71.98 74.78
71.51 74.37
71.05 73.97
70.62 73.57
70.21 73.18
69.84 72.79
69.49 72.4
69.15 72.01
68.8 71.6
68.42 71.18
68.02 70.74
67.59 70.29
67.16 69.84
66.73 69.4
66.3 68.96
65.89 68.54
65.49 68.14
65.11 67.75
64.76 67.38
64.44 67.02
64.14 66.67
63.86 66.34
63.61 66.06
63.47 65.85
63.52 65.81
63.86 65.85
64.46 65.98
