68.0 69.83
69.71 70.71
72.5 72.19
76.39 74.25
81.18 76.8
86.52 79.65
91.98 82.58
97.22 85.37
101.93 87.87
105.92 89.99
109.05 91.7
111.26 93.01
112.56 93.98
113.0 94.66
112.65 95.11
111.67 95.4
110.2 95.58
108.38 95.72
106.37 95.86
104.3 96.03
102.26 96.23
100.33 96.44
98.57 96.64
97.0 96.79
95.62 96.9
94.44 96.95
93.42 96.94
92.52 96.87
91.71 96.72
90.97 96.48
90.21 96.11
89.41 95.61
88.52 94.95
87.49 94.14
86.32 93.18
85.02 92.11
83.68 90.98
82.39 89.85
81.23 88.77
80.25 87.79
79.5 86.92
78.99 86.19
78.74 85.6
78.74 85.13
78.99 84.79
79.46 84.56
80.11 84.43
80.9 84.38
81.76 84.38
82.63 84.38
83.41 84.35
84.02 84.27
84.42 84.11
84.59 83.88
84.55 83.59
84.32 83.27
83.94 82.93
83.47 82.59
82.91 82.25
82.28 81.92
81.58 81.58
80.81 81.23
80.0 80.86
79.15 80.47
78.3 80.07
77.47 79.66
76.68 79.25
75.93 78.85
75.23 78.44
74.59 78.05
74.02 77.66
73.5 77.27
73.03 76.89
72.6 76.5
72.19 76.09
71.79 75.67
71.4 75.22
71.02 74.77
70.66 74.31
70.32 73.85
70.01 73.41
69.72 72.98
69.43 72.56
69.14 72.14
68.84 71.73
68.55 71.32
68.29 70.94
68.1 70.61
67.87 70.26
67.72 69.98
67.58 69.73
67.32 69.48
67.18 69.33
