92.99 94.83
94.55 95.69
96.9 97.01
100.14 98.81
104.23 101.08
109.01 103.7
114.24 106.54
119.64 109.44
124.88 112.25
129.7 114.82
133.87 117.09
137.27 119.01
139.86 120.6
141.63 121.9
142.65 122.96
143.0 123.85
142.77 124.62
142.1 125.32
141.09 125.99
139.84 126.64
138.47 127.29
137.06 127.91
135.63 128.47
134.22 128.96
132.83 129.33
131.44 129.55
130.01 129.6
128.48 129.45
126.81 129.07
124.93 128.46
122.83 127.63
120.56 126.6
118.18 125.43
115.84 124.19
113.66 122.95
111.73 121.77
110.13 120.69
108.88 119.73
107.98 118.88
107.39 118.12
107.08 117.42
106.98 116.77
107.05 116.13
107.26 115.51
107.52 114.9
107.83 114.29
108.15 113.68
108.42 113.07
108.6 112.46
108.68 111.86
108.64 111.26
108.49 110.67
108.24 110.1
107.91 109.55
107.52 109.02
107.08 108.51
106.58 108.01
106.02 107.51
105.41 107.02
104.77 106.54
104.1 106.06
103.44 105.6
102.79 105.16
102.18 104.75
101.61 104.35
101.09 103.96
100.6 103.58
100.14 103.21
99.71 102.83
99.27 102.45
98.84 102.05
98.41 101.65
97.99 101.24
97.59 100.82
97.21 100.4
96.85 99.98
96.48 99.54
96.1 99.1
95.69 98.64
95.23 98.16
94.75 97.68
94.26 97.21
93.8 96.76
93.4 96.34
93.09 95.99
92.92 95.72
92.91 95.56
92.96 95.41
92.81 95.09
92.77 94.87
92.82 94.59
