82.0 83.46
83.41 84.22
85.6 85.41
88.58 87.04
92.27 89.07
96.54 91.41
101.21 93.95
106.06 96.58
110.89 99.18
115.44 101.62
119.44 103.78
122.63 105.58
124.82 106.94
125.92 107.85
126.0 108.36
125.19 108.56
123.73 108.56
121.85 108.49
119.74 108.45
117.55 108.48
115.42 108.59
113.41 108.77
111.58 108.98
109.94 109.19
108.51 109.37
107.28 109.5
106.22 109.56
105.3 109.52
104.46 109.37
103.62 109.06
102.72 108.58
101.71 107.93
100.56 107.13
99.29 106.2
97.95 105.2
96.63 104.16
95.38 103.14
94.29 102.17
93.4 101.28
92.76 100.49
92.36 99.8
92.19 99.22
92.21 98.73
92.37 98.3
92.64 97.91
92.95 97.55
93.28 97.2
93.58 96.85
93.84 96.5
94.04 96.14
94.16 95.79
94.19 95.44
94.14 95.09
94.0 94.75
93.76 94.41
93.46 94.07
93.09 93.73
92.67 93.39
92.21 93.06
91.73 92.72
91.22 92.39
90.69 92.07
90.16 91.74
89.64 91.41
89.12 91.09
88.64 90.78
88.2 90.48
87.79 90.18
87.4 89.89
87.02 89.59
86.65 89.28
86.27 88.95
85.9 88.62
85.53 88.27
85.16 87.91
84.82 87.56
84.51 87.21
84.21 86.87
83.94 86.53
83.69 86.21
83.44 85.88
83.18 85.56
82.91 85.22
82.62 84.89
82.33 84.56
82.06 84.26
81.86 84.03
81.83 83.87
82.02 83.83
82.37 83.88
