76.0 78.55
79.57 80.45
85.54 83.64
94.12 88.19
104.85 93.88
116.74 100.23
128.62 106.63
139.45 112.48
148.38 117.35
155.05 121.06
159.56 123.72
162.27 125.58
163.62 126.99
164.0 128.23
163.67 129.52
162.85 130.92
161.63 132.44
160.08 134.03
158.2 135.6
156.01 137.06
153.5 138.3
150.69 139.22
147.6 139.77
144.32 139.9
140.92 139.63
137.43 139.01
133.86 138.14
130.24 137.08
126.59 135.88
122.97 134.59
119.49 133.21
116.27 131.74
113.37 130.2
110.82 128.6
108.64 126.96
106.8 125.32
105.31 123.68
104.15 122.1
103.33 120.57
102.8 119.11
102.52 117.73
102.41 116.41
102.42 115.14
102.48 113.91
102.53 112.7
102.55 111.51
102.5 110.35
102.38 109.23
102.21 108.16
101.99 107.17
101.73 106.25
101.4 105.38
101.01 104.55
100.51 103.74
99.91 102.94
99.21 102.15
98.44 101.37
97.61 100.61
96.74 99.87
95.83 99.14
94.9 98.41
93.93 97.7
92.96 96.99
91.99 96.28
91.05 95.59
90.16 94.91
89.31 94.24
88.46 93.56
87.61 92.86
86.73 92.11
85.81 91.33
84.88 90.51
83.97 89.7
83.13 88.9
82.35 88.14
81.65 87.43
81.06 86.75
80.53 86.1
80.06 85.47
79.6 84.83
79.1 84.16
78.55 83.48
77.94 82.76
77.3 82.03
76.66 81.31
76.07 80.61
75.52 79.94
75.03 79.32
74.61 78.75
74.24 78.24
73.97 77.84
74.08 77.75
74.61 77.71
75.4 77.84
