86.0 86.63
87.65 87.54
90.29 88.98
93.94 90.97
98.5 93.47
103.7 96.31
109.19 99.33
114.62 102.31
119.68 105.1
124.11 107.56
127.72 109.64
130.46 111.34
132.34 112.7
133.46 113.8
133.96 114.73
134.0 115.58
133.69 116.41
133.17 117.28
132.5 118.2
131.74 119.15
130.92 120.11
130.08 121.03
129.26 121.88
128.47 122.64
127.72 123.29
127.01 123.82
126.3 124.23
125.54 124.51
124.73 124.66
123.8 124.64
122.73 124.45
121.47 124.07
119.99 123.49
118.29 122.7
116.42 121.75
114.49 120.69
112.62 119.58
110.92 118.5
109.49 117.51
108.36 116.64
107.55 115.89
107.02 115.26
106.71 114.7
106.57 114.19
106.55 113.68
106.59 113.17
106.65 112.64
106.7 112.08
106.72 111.5
106.7 110.91
106.62 110.32
106.47 109.73
106.27 109.15
106.01 108.59
105.7 108.06
105.35 107.54
104.94 107.04
104.49 106.54
103.98 106.03
103.42 105.52
102.83 105.02
102.23 104.52
101.64 104.04
101.07 103.58
100.53 103.14
100.0 102.72
99.49 102.3
98.98 101.89
98.5 101.49
98.04 101.08
97.59 100.68
97.16 100.27
96.74 99.86
96.32 99.45
95.9 99.03
95.49 98.61
95.09 98.19
94.71 97.76
94.34 97.34
93.99 96.93
93.66 96.52
93.34 96.13
93.01 95.74
92.7 95.36
92.38 94.98
92.08 94.61
91.79 94.25
91.52 93.91
91.25 93.57
90.99 93.24
90.73 92.91
90.48 92.6
90.23 92.29
89.99 91.98
89.77 91.69
89.57 91.41
89.36 91.15
89.15 90.89
88.94 90.63
88.71 90.37
88.46 90.11
88.21 89.84
87.97 89.57
87.74 89.31
87.52 89.06
87.32 88.82
87.12 88.6
86.93 88.39
86.76 88.19
86.61 88.0
86.49 87.83
86.39 87.67
86.3 87.51
86.2 87.35
86.09 87.19
85.96 87.01
85.8 86.83
85.61 86.63
85.41 86.43
85.19 86.22
84.97 86.02
84.76 85.82
84.56 85.64
84.36 85.45
84.16 85.27
83.96 85.09
83.77 84.92
83.63 84.77
83.61 84.68
83.69 84.71
83.6 84.82
83.68 84.73
