82.0 83.64
83.57 84.48
86.09 85.83
89.61 87.72
94.0 90.08
98.99 92.76
104.26 95.6
109.49 98.41
114.4 101.04
118.75 103.38
122.37 105.39
125.17 107.04
127.16 108.38
128.38 109.47
128.95 110.38
129.0 111.17
128.62 111.91
127.94 112.64
127.07 113.39
126.06 114.16
124.99 114.92
123.89 115.64
122.79 116.29
121.7 116.84
120.6 117.26
119.5 117.54
118.36 117.67
117.15 117.65
115.82 117.46
114.36 117.09
112.73 116.53
110.96 115.81
109.11 114.95
107.26 114.0
105.52 113.03
103.96 112.08
102.65 111.19
101.59 110.37
100.8 109.62
100.23 108.93
99.84 108.27
99.58 107.63
99.42 107.0
99.32 106.35
99.25 105.71
99.2 105.06
99.15 104.42
99.09 103.78
99.0 103.17
98.88 102.57
98.73 102.0
98.53 101.45
98.28 100.93
97.99 100.43
97.67 99.95
97.32 99.48
96.94 99.02
96.52 98.56
96.07 98.1
95.57 97.63
95.03 97.17
94.48 96.72
93.93 96.27
93.37 95.84
92.82 95.41
92.28 94.99
91.75 94.58
91.24 94.17
90.75 93.76
90.29 93.36
89.84 92.96
89.43 92.57
89.03 92.18
88.66 91.79
88.3 91.4
87.95 91.01
87.6 90.62
87.27 90.23
86.96 89.85
86.67 89.47
86.39 89.1
86.09 88.73
85.78 88.35
85.43 87.96
85.06 87.56
84.66 87.15
84.27 86.74
83.88 86.35
83.5 85.96
83.13 85.59
82.78 85.24
82.45 84.9
82.15 84.58
81.9 84.3
81.75 84.08
81.73 83.99
81.7 83.97
81.8 84.12
