89.0 89.99
90.92 90.95
94.08 92.55
98.58 94.85
104.2 97.77
110.46 101.08
116.73 104.48
122.37 107.62
126.91 110.21
130.06 112.06
131.73 113.16
132.0 113.56
131.02 113.42
129.08 112.92
126.47 112.25
123.48 111.56
120.38 110.97
117.39 110.55
114.7 110.38
112.43 110.45
110.66 110.74
109.42 111.21
108.7 111.79
108.48 112.41
108.68 113.02
109.23 113.6
110.03 114.13
110.99 114.61
112.01 115.03
112.98 115.38
113.81 115.61
114.38 115.67
114.57 115.52
114.33 115.13
113.61 114.48
112.48 113.63
111.07 112.64
109.58 111.62
108.19 110.68
107.07 109.91
106.31 109.37
105.94 109.08
105.92 109.02
106.21 109.12
106.71 109.31
107.32 109.54
107.95 109.75
108.51 109.89
108.95 109.93
109.22 109.87
109.29 109.69
109.17 109.41
108.85 109.05
108.35 108.63
107.71 108.17
106.96 107.7
106.12 107.21
105.24 106.73
104.34 106.24
103.46 105.76
102.6 105.27
101.8 104.8
101.06 104.33
100.38 103.88
99.77 103.44
99.22 103.02
98.75 102.63
98.34 102.24
97.99 101.87
97.69 101.51
97.45 101.16
97.24 100.82
97.07 100.49
96.94 100.17
96.83 99.85
96.75 99.55
96.7 99.27
96.66 98.99
96.62 98.73
96.58 98.47
96.54 98.23
96.48 97.99
96.39 97.75
96.29 97.51
96.15 97.27
95.98 97.03
95.78 96.8
95.57 96.56
95.33 96.34
95.1 96.12
94.86 95.91
94.63 95.71
94.39 95.51
94.16 95.33
93.92 95.14
93.67 94.95
93.43 94.75
93.19 94.55
92.95 94.35
92.72 94.16
92.5 93.96
92.29 93.77
92.09 93.58
91.89 93.39
91.7 93.19
91.51 93.0
91.3 92.8
91.09 92.59
90.88 92.37
90.64 92.15
90.41 91.92
90.17 91.68
89.93 91.45
89.68 91.21
89.43 90.98
89.19 90.75
88.97 90.53
88.81 90.35
88.76 90.23
88.83 90.18
88.79 90.06
88.57 89.85
88.35 89.67
88.15 89.48
88.03 89.16
