84.0 87.32
86.07 88.43
89.5 90.28
94.35 92.88
100.44 96.12
107.31 99.74
114.42 103.47
121.22 106.99
127.27 110.09
132.29 112.65
136.13 114.63
138.79 116.12
140.35 117.22
141.0 118.06
140.88 118.76
140.17 119.39
139.04 120.02
137.62 120.67
136.01 121.37
134.3 122.09
132.56 122.81
130.86 123.47
129.21 124.04
127.64 124.47
126.15 124.76
124.74 124.91
123.38 124.91
122.02 124.78
120.66 124.5
119.23 124.08
117.73 123.48
116.09 122.69
114.31 121.7
112.37 120.5
110.29 119.14
108.11 117.64
105.92 116.07
103.82 114.49
101.86 112.96
100.16 111.52
98.76 110.22
97.72 109.06
97.02 108.07
96.65 107.21
96.59 106.49
96.79 105.87
97.17 105.34
97.7 104.87
98.31 104.43
98.93 104.0
99.49 103.57
99.94 103.11
100.23 102.62
100.34 102.1
100.3 101.55
100.1 101.0
99.77 100.45
99.32 99.91
98.78 99.4
98.2 98.91
97.58 98.44
96.92 98.0
96.25 97.58
95.58 97.17
94.9 96.76
94.22 96.35
93.57 95.95
92.96 95.55
92.38 95.16
91.81 94.76
91.26 94.36
90.72 93.95
90.18 93.52
89.62 93.06
89.06 92.58
88.49 92.07
87.88 91.52
87.22 90.94
86.52 90.33
85.81 89.7
85.08 89.06
84.38 88.44
83.74 87.85
83.22 87.35
82.88 86.97
82.84 86.78
82.99 86.72
83.32 86.79
