79.0 82.05
80.83 83.05
83.75 84.66
87.79 86.88
92.81 89.6
98.54 92.68
104.68 95.95
110.91 99.23
116.94 102.34
122.44 105.17
127.12 107.59
130.75 109.56
133.24 111.08
134.61 112.19
135.0 112.98
134.6 113.58
133.64 114.11
132.32 114.66
130.8 115.27
129.18 115.95
127.55 116.66
125.95 117.35
124.38 117.97
122.84 118.47
121.33 118.81
119.81 118.98
118.23 118.95
116.56 118.69
114.75 118.2
112.75 117.46
110.57 116.49
108.21 115.32
105.74 114.0
103.27 112.6
100.88 111.18
98.68 109.77
96.75 108.43
95.11 107.15
93.79 105.97
92.77 104.86
92.04 103.84
91.59 102.89
91.37 102.02
91.34 101.2
91.45 100.44
91.67 99.71
91.95 99.02
92.24 98.35
92.53 97.71
92.77 97.1
92.95 96.5
93.06 95.93
93.07 95.38
92.98 94.84
92.79 94.31
92.5 93.79
92.14 93.27
91.72 92.78
91.25 92.31
90.75 91.86
90.22 91.44
89.68 91.04
89.13 90.66
88.58 90.29
88.02 89.92
87.49 89.57
86.98 89.22
86.49 88.87
86.0 88.52
85.53 88.16
85.04 87.78
84.54 87.37
84.01 86.94
83.46 86.47
82.88 85.98
82.28 85.46
81.66 84.91
81.01 84.36
80.37 83.8
79.76 83.25
79.18 82.73
78.65 82.24
78.22 81.82
77.95 81.53
77.91 81.45
78.2 81.44
78.7 81.59
