65.99 69.63
69.79 71.64
76.19 75.07
85.29 79.93
96.59 85.96
109.09 92.66
121.65 99.4
133.21 105.57
142.88 110.67
150.02 114.44
154.36 116.82
155.99 117.97
155.28 118.18
152.71 117.78
148.81 117.07
144.05 116.31
138.8 115.65
133.32 115.15
127.78 114.82
122.32 114.58
117.02 114.32
111.91 113.93
107.07 113.32
102.5 112.44
98.2 111.26
94.14 109.81
90.34 108.15
86.83 106.36
83.64 104.5
80.85 102.65
78.51 100.85
76.63 99.11
75.2 97.45
74.21 95.85
73.61 94.28
73.35 92.76
73.38 91.28
73.68 89.86
74.21 88.53
74.91 87.32
75.72 86.21
76.6 85.23
77.5 84.34
78.35 83.54
79.11 82.82
79.74 82.16
80.21 81.53
80.46 80.92
80.47 80.33
80.26 79.74
79.86 79.17
79.32 78.62
78.71 78.11
78.03 77.65
77.32 77.25
76.6 76.89
75.88 76.56
75.16 76.25
74.46 75.95
73.77 75.64
73.09 75.31
72.41 74.96
71.73 74.59
71.08 74.19
70.42 73.76
69.78 73.31
69.12 72.82
68.45 72.31
67.78 71.78
67.12 71.23
66.44 70.65
65.77 70.07
65.18 69.54
64.65 69.08
64.25 68.73
64.5 68.8
64.88 68.98
