60.99 70.4
66.93 73.66
77.33 79.35
92.45 87.48
111.54 97.48
132.34 108.28
152.29 118.66
169.55 127.48
182.77 133.97
191.2 137.92
194.99 139.56
194.83 139.46
191.5 138.27
185.78 136.58
178.46 134.84
170.27 133.33
161.77 132.22
153.36 131.54
145.33 131.28
137.82 131.29
130.9 131.4
124.57 131.37
118.85 131.01
113.69 130.19
109.05 128.88
104.81 127.12
100.79 125.02
96.84 122.63
92.85 120.02
88.82 117.21
84.85 114.23
81.14 111.16
77.89 108.09
75.28 105.14
73.41 102.41
72.34 99.98
72.04 97.87
72.44 96.07
73.44 94.56
74.93 93.31
76.79 92.26
78.88 91.4
81.08 90.67
83.25 90.04
85.27 89.47
87.02 88.91
88.4 88.33
89.34 87.71
89.81 87.06
89.78 86.37
89.31 85.64
88.44 84.88
87.21 84.08
85.69 83.25
83.93 82.38
82.03 81.5
80.06 80.63
78.06 79.78
76.07 78.95
74.15 78.13
72.27 77.32
70.45 76.48
68.68 75.61
66.97 74.68
65.31 73.68
63.71 72.64
62.19 71.59
60.99 70.7
60.2 70.22
59.95 70.23
60.33 70.64
