70.0 70.88
71.25 71.53
73.22 72.59
75.94 74.05
79.29 75.86
83.05 77.92
87.06 80.12
91.18 82.37
95.27 84.59
99.2 86.76
102.89 88.84
106.27 90.84
109.29 92.75
111.94 94.58
114.21 96.33
116.14 98.02
117.74 99.67
119.05 101.28
120.13 102.88
121.0 104.47
121.7 106.02
122.25 107.53
122.65 108.96
122.89 110.29
123.0 111.51
122.95 112.61
122.77 113.6
122.46 114.47
122.03 115.21
121.46 115.82
120.74 116.28
119.88 116.57
118.84 116.7
117.62 116.65
116.22 116.41
114.62 115.97
112.77 115.32
110.66 114.44
108.27 113.34
105.67 112.04
102.96 110.6
100.26 109.08
97.7 107.57
95.42 106.13
93.46 104.81
91.85 103.62
90.58 102.55
89.64 101.58
89.0 100.69
88.6 99.84
88.37 99.02
88.25 98.2
88.18 97.37
88.1 96.5
87.98 95.61
87.81 94.7
87.59 93.77
87.3 92.86
86.94 91.97
86.52 91.11
86.05 90.3
85.55 89.53
85.02 88.79
84.49 88.08
83.95 87.39
83.36 86.71
82.74 86.05
82.1 85.4
81.45 84.78
80.82 84.19
80.24 83.63
79.7 83.11
79.21 82.63
78.75 82.18
78.32 81.74
77.91 81.31
77.48 80.88
77.04 80.43
76.58 79.96
76.11 79.49
75.64 79.01
75.2 78.53
74.8 78.07
74.45 77.64
74.14 77.23
73.85 76.85
73.58 76.48
73.33 76.13
73.08 75.8
72.88 75.47
72.71 75.17
72.56 74.87
72.43 74.59
72.3 74.31
72.14 74.04
71.98 73.77
71.83 73.5
71.69 73.26
71.57 73.04
71.47 72.84
71.39 72.66
71.3 72.5
71.2 72.32
71.08 72.14
70.93 71.95
70.76 71.75
70.56 71.54
70.37 71.34
70.16 71.15
69.95 70.97
69.75 70.8
69.58 70.66
69.36 70.51
69.18 70.35
69.02 70.22
68.89 70.17
68.79 70.12
