66.0 67.85
67.32 68.59
69.37 69.75
72.17 71.32
75.64 73.26
79.67 75.48
84.1 77.89
88.74 80.37
93.35 82.81
97.66 85.08
101.42 87.07
104.42 88.7
106.53 89.94
107.7 90.8
108.0 91.33
107.51 91.6
106.38 91.7
104.77 91.7
102.83 91.67
100.69 91.63
98.45 91.58
96.21 91.52
94.01 91.44
91.9 91.32
89.91 91.15
88.07 90.92
86.39 90.62
84.86 90.25
83.48 89.8
82.22 89.27
81.04 88.64
79.89 87.91
78.76 87.1
77.65 86.2
76.55 85.24
75.51 84.25
74.54 83.25
73.69 82.26
72.96 81.31
72.36 80.41
71.91 79.57
71.59 78.81
71.43 78.14
71.44 77.57
71.61 77.1
71.94 76.74
72.41 76.47
73.0 76.28
73.65 76.16
74.33 76.08
75.0 76.03
75.63 75.99
76.18 75.96
76.63 75.93
76.96 75.87
77.16 75.8
77.23 75.71
77.18 75.59
77.02 75.47
76.77 75.34
76.46 75.2
76.08 75.06
75.65 74.92
75.17 74.77
74.67 74.61
74.15 74.43
73.63 74.25
73.11 74.05
72.6 73.84
72.1 73.62
71.63 73.4
71.19 73.17
70.76 72.92
70.36 72.66
69.97 72.39
69.6 72.11
69.26 71.82
68.93 71.52
68.61 71.21
68.31 70.9
68.03 70.58
67.74 70.24
67.45 69.9
67.15 69.55
66.83 69.19
66.49 68.84
66.18 68.51
65.96 68.27
65.86 68.07
65.83 67.96
65.95 67.92
