60.0 63.97
65.77 66.84
76.4 72.11
91.58 79.86
110.02 89.47
129.17 99.7
146.08 109.11
158.95 116.52
167.21 121.32
171.0 123.49
170.82 123.53
167.49 122.18
161.95 120.19
155.13 118.17
147.83 116.49
140.62 115.33
133.78 114.73
127.42 114.66
121.63 115.0
116.37 115.58
111.61 116.16
107.29 116.46
103.3 116.24
99.54 115.39
95.94 113.93
92.43 112.01
89.0 109.85
85.71 107.64
82.66 105.52
79.95 103.52
77.72 101.65
76.13 99.91
75.25 98.34
75.1 96.94
75.63 95.74
76.7 94.71
78.15 93.82
79.83 93.02
81.59 92.25
83.28 91.5
84.78 90.74
86.01 89.95
86.93 89.15
87.52 88.33
87.79 87.51
87.69 86.68
87.23 85.86
86.44 85.04
85.37 84.22
84.09 83.41
82.73 82.64
81.32 81.89
79.87 81.17
78.38 80.47
76.89 79.77
75.42 79.07
74.03 78.38
72.72 77.7
71.5 77.03
70.35 76.37
69.27 75.71
68.29 75.04
67.43 74.38
66.7 73.71
66.09 73.05
65.55 72.38
65.02 71.7
64.46 70.98
63.86 70.22
63.2 69.42
62.51 68.57
61.8 67.7
61.1 66.83
60.45 66.0
59.86 65.21
59.32 64.48
58.78 63.79
58.37 63.3
58.32 62.78
58.25 62.17
