89.99 93.81
94.37 96.1
102.69 100.3
114.44 106.33
128.32 113.63
142.51 121.22
154.91 128.05
164.25 133.37
170.54 136.93
174.33 138.91
176.0 139.74
175.89 139.94
174.44 139.94
172.07 139.97
169.13 140.15
165.9 140.51
162.54 141.04
159.18 141.74
155.87 142.59
152.64 143.51
149.5 144.35
146.44 144.92
143.42 145.07
140.4 144.72
137.33 143.89
134.11 142.65
130.62 141.12
126.8 139.35
122.64 137.36
118.26 135.16
113.87 132.75
109.74 130.24
106.14 127.77
103.25 125.47
101.18 123.44
99.89 121.71
99.3 120.26
99.27 119.0
99.66 117.84
100.29 116.74
101.05 115.64
101.8 114.52
102.46 113.34
102.96 112.13
103.24 110.87
103.29 109.6
103.13 108.34
102.8 107.12
102.32 105.98
101.75 104.94
101.14 104.0
100.52 103.17
99.9 102.44
99.29 101.77
98.72 101.17
98.16 100.61
97.62 100.1
97.12 99.63
96.65 99.19
96.19 98.78
95.72 98.37
95.23 97.96
94.68 97.52
94.09 97.06
93.49 96.59
92.91 96.12
92.36 95.65
91.83 95.18
91.27 94.69
90.64 94.16
89.92 93.57
89.11 92.94
88.3 92.37
88.0 92.25
87.64 92.2
