64.0 64.58
66.03 65.66
69.33 67.4
73.99 69.86
79.83 72.97
86.44 76.54
93.23 80.26
99.63 83.81
105.13 86.91
109.37 89.37
112.23 91.12
113.74 92.21
114.0 92.76
113.2 92.93
111.55 92.84
109.28 92.64
106.6 92.42
103.75 92.24
100.88 92.17
98.15 92.21
95.66 92.35
93.47 92.56
91.61 92.8
90.1 93.03
88.96 93.21
88.16 93.36
87.69 93.48
87.51 93.58
87.58 93.68
87.83 93.78
88.17 93.83
88.52 93.81
88.78 93.66
88.84 93.34
88.6 92.81
88.02 92.08
87.16 91.17
86.08 90.16
84.96 89.11
83.9 88.11
83.01 87.22
82.33 86.5
81.87 85.94
81.58 85.53
81.47 85.24
81.52 85.04
81.73 84.93
82.09 84.88
82.57 84.88
83.12 84.91
83.66 84.95
84.16 84.96
84.54 84.93
84.78 84.85
84.9 84.72
84.88 84.54
84.73 84.34
84.47 84.11
84.1 83.85
83.61 83.56
83.0 83.22
82.3 82.85
81.53 82.44
80.73 82.02
79.94 81.6
79.19 81.2
78.5 80.84
77.87 80.49
77.28 80.16
76.72 79.82
76.17 79.46
75.65 79.09
75.17 78.7
74.75 78.33
74.4 77.96
74.1 77.61
73.85 77.27
73.62 76.93
73.39 76.59
73.15 76.23
72.9 75.87
72.65 75.5
72.4 75.13
72.15 74.76
71.89 74.39
71.62 74.03
71.33 73.66
71.05 73.3
70.77 72.95
70.51 72.62
70.3 72.31
70.12 72.05
69.97 71.81
69.82 71.6
69.67 71.38
69.49 71.16
69.29 70.93
69.06 70.67
68.82 70.42
68.59 70.17
68.39 69.93
68.21 69.72
68.07 69.53
67.94 69.35
67.82 69.18
67.69 69.01
67.55 68.84
67.39 68.66
67.24 68.48
67.08 68.31
66.94 68.15
66.82 67.99
66.72 67.85
66.63 67.7
66.52 67.56
66.39 67.4
66.24 67.25
66.07 67.09
65.91 66.93
65.76 66.78
65.6 66.63
65.44 66.47
65.27 66.31
65.08 66.14
64.9 65.97
64.73 65.8
64.56 65.64
64.39 65.48
64.22 65.33
64.08 65.19
63.96 65.07
63.74 64.88
63.6 64.72
63.47 64.57
63.16 64.25
62.96 63.99
63.0 63.9
63.02 63.78
