75.0 77.23
77.0 78.35
80.04 80.06
84.15 82.35
89.21 85.17
95.07 88.42
101.52 91.98
108.37 95.72
115.37 99.52
122.22 103.22
128.57 106.69
134.07 109.78
138.41 112.39
141.47 114.48
143.28 116.1
144.0 117.36
143.85 118.4
143.08 119.34
141.87 120.25
140.32 121.15
138.55 122.03
136.6 122.84
134.5 123.53
132.3 124.05
130.01 124.4
127.65 124.55
125.23 124.49
122.73 124.19
120.12 123.62
117.37 122.78
114.48 121.67
111.46 120.33
108.38 118.82
105.33 117.21
102.44 115.57
99.78 113.93
97.42 112.32
95.4 110.78
93.73 109.29
92.4 107.87
91.39 106.51
90.66 105.21
90.16 103.96
89.85 102.76
89.69 101.61
89.61 100.49
89.6 99.39
89.59 98.33
89.58 97.3
89.54 96.3
89.44 95.34
89.26 94.43
89.02 93.55
88.7 92.7
88.3 91.89
87.84 91.11
87.33 90.36
86.77 89.65
86.19 88.97
85.59 88.33
84.96 87.72
84.33 87.13
83.69 86.57
83.04 86.02
82.39 85.47
81.75 84.94
81.11 84.42
80.48 83.9
79.88 83.4
79.29 82.9
78.73 82.41
78.21 81.92
77.71 81.44
77.23 80.95
76.75 80.46
76.28 79.97
75.85 79.49
75.49 79.07
75.29 78.76
75.24 78.55
75.31 78.31
75.4 78.08
75.44 77.88
75.39 77.7
75.11 77.34
74.91 77.11
