92.0 93.75
93.62 94.67
96.27 96.16
100.01 98.23
104.71 100.8
110.05 103.7
115.65 106.69
121.06 109.54
125.86 112.03
129.75 114.04
132.56 115.52
134.28 116.51
135.0 117.11
134.89 117.45
134.2 117.68
133.11 117.9
131.79 118.19
130.39 118.59
129.01 119.12
127.7 119.72
126.5 120.37
125.39 120.99
124.37 121.52
123.41 121.93
122.49 122.19
121.59 122.29
120.68 122.24
119.72 122.04
118.65 121.69
117.42 121.18
116.04 120.53
114.53 119.75
112.97 118.89
111.43 117.98
110.04 117.09
108.85 116.26
107.93 115.51
107.29 114.87
106.92 114.32
106.78 113.83
106.8 113.39
106.91 112.96
107.05 112.51
107.15 112.03
107.18 111.5
107.13 110.93
106.99 110.33
106.75 109.72
106.44 109.1
106.06 108.49
105.62 107.91
105.14 107.36
104.63 106.84
104.11 106.34
103.58 105.87
103.06 105.42
102.53 104.97
102.01 104.52
101.48 104.06
100.94 103.6
100.39 103.14
99.83 102.67
99.27 102.2
98.71 101.74
98.19 101.3
97.7 100.87
97.26 100.47
96.87 100.08
96.51 99.7
96.16 99.31
95.79 98.9
95.41 98.48
95.01 98.04
94.61 97.6
94.22 97.17
93.86 96.74
93.51 96.34
93.19 95.95
92.89 95.57
92.59 95.21
92.31 94.85
92.04 94.51
91.77 94.18
91.53 93.88
91.38 93.66
91.4 93.54
91.43 93.42
91.51 93.38
