71.0 74.93
73.58 76.28
78.02 78.66
84.4 82.07
92.42 86.3
101.3 90.98
110.19 95.67
118.42 99.95
125.43 103.53
130.86 106.3
134.69 108.32
137.13 109.76
138.47 110.85
139.0 111.82
138.96 112.81
138.54 113.91
137.88 115.16
137.05 116.54
136.1 117.98
135.03 119.41
133.84 120.75
132.54 121.91
131.13 122.84
129.65 123.5
128.09 123.91
126.47 124.08
124.74 124.02
122.82 123.76
120.66 123.25
118.19 122.48
115.4 121.43
112.33 120.1
109.11 118.54
105.85 116.81
102.71 115.0
99.78 113.18
97.16 111.41
94.86 109.71
92.92 108.11
91.33 106.61
90.07 105.2
89.11 103.87
88.42 102.6
87.94 101.39
87.63 100.22
87.43 99.06
87.27 97.91
87.1 96.75
86.88 95.59
86.59 94.43
86.22 93.29
85.79 92.19
85.34 91.15
84.87 90.17
84.41 89.25
83.96 88.4
83.51 87.6
83.03 86.85
82.53 86.13
81.98 85.43
81.37 84.73
80.7 84.04
79.98 83.34
79.21 82.64
78.42 81.94
77.61 81.25
76.81 80.58
76.04 79.93
75.31 79.3
74.61 78.71
73.96 78.13
73.35 77.57
72.75 77.01
72.15 76.43
71.54 75.84
70.98 75.26
70.53 74.7
70.19 74.26
70.07 74.03
70.05 73.92
70.14 74.0
