50.0 60.51
51.37 62.71
54.85 65.4
58.99 68.56
63.83 72.37
69.28 77.15
75.48 83.03
83.04 89.77
92.94 96.7
105.25 102.91
118.82 107.66
131.7 110.6
141.93 111.83
148.54 111.82
151.69 111.16
152.0 110.35
150.15 109.69
146.73 109.24
142.2 108.94
136.97 108.7
131.39 108.47
125.74 108.23
120.17 107.99
114.82 107.69
109.74 107.23
104.91 106.49
100.32 105.39
95.98 103.94
91.94 102.27
88.26 100.55
85.03 98.9
82.26 97.34
79.88 95.83
77.84 94.29
76.06 92.67
74.46 91.0
73.09 89.34
72.03 87.79
71.3 86.37
70.92 85.08
70.87 83.9
71.08 82.81
71.48 81.78
72.04 80.82
72.7 79.91
73.38 79.01
74.0 78.11
74.48 77.2
74.75 76.25
74.78 75.29
74.56 74.33
74.09 73.38
73.42 72.46
72.57 71.58
71.54 70.72
70.35 69.87
69.05 69.04
67.69 68.22
66.29 67.41
64.88 66.62
63.53 65.84
62.24 65.04
61.02 64.22
59.83 63.37
58.66 62.5
57.51 61.65
56.35 60.91
55.23 60.41
54.23 60.35
53.51 60.86
53.38 62.03
54.21 63.83
