56.0 57.44
59.02 59.02
63.55 61.43
69.74 64.74
77.53 68.94
86.69 73.87
96.71 79.28
106.88 84.79
116.33 89.99
124.28 94.48
130.22 98.02
134.01 100.53
135.82 102.12
136.0 103.02
134.92 103.5
132.93 103.82
130.3 104.12
127.25 104.51
123.93 104.96
120.45 105.45
116.93 105.91
113.38 106.26
109.85 106.44
106.35 106.41
102.88 106.11
99.41 105.5
95.96 104.59
92.51 103.39
89.07 101.94
85.68 100.31
82.37 98.54
79.18 96.7
76.17 94.79
73.4 92.84
70.9 90.85
68.69 88.85
66.81 86.85
65.22 84.87
63.9 82.94
62.84 81.08
62.01 79.3
61.4 77.6
61.0 76.01
60.77 74.52
60.71 73.15
60.78 71.89
60.92 70.73
61.09 69.67
61.27 68.68
61.41 67.76
61.51 66.9
61.55 66.09
61.53 65.34
61.47 64.65
61.36 64.02
61.2 63.44
61.02 62.91
60.78 62.42
60.47 61.96
60.08 61.52
59.63 61.07
59.09 60.63
58.51 60.18
57.9 59.74
57.29 59.32
56.7 58.93
56.17 58.56
55.7 58.23
55.28 57.93
54.95 57.68
54.78 57.52
54.94 57.55
55.73 57.92
56.95 58.47
