61.0 62.84
62.5 63.63
64.82 64.87
67.98 66.58
71.9 68.7
76.43 71.15
81.37 73.8
86.47 76.5
91.41 79.11
95.92 81.51
99.76 83.59
102.78 85.32
104.92 86.7
106.26 87.78
106.9 88.65
107.0 89.4
106.7 90.12
106.13 90.85
105.4 91.63
104.57 92.44
103.7 93.27
102.8 94.06
101.9 94.8
101.0 95.45
100.1 96.0
99.21 96.42
98.31 96.72
97.41 96.9
96.5 96.96
95.57 96.9
94.6 96.73
93.58 96.44
92.46 96.01
91.22 95.43
89.82 94.69
88.28 93.8
86.63 92.77
84.92 91.65
83.23 90.49
81.63 89.33
80.16 88.2
78.85 87.14
77.74 86.16
76.82 85.25
76.08 84.41
75.51 83.62
75.07 82.87
74.71 82.14
74.42 81.42
74.17 80.71
73.95 80.0
73.75 79.3
73.56 78.63
73.38 77.98
73.19 77.36
72.97 76.77
72.73 76.19
72.46 75.63
72.14 75.09
71.79 74.55
71.41 74.01
70.99 73.49
70.55 72.98
70.1 72.49
69.67 72.02
69.24 71.58
68.82 71.16
68.41 70.76
68.01 70.38
67.62 70.0
67.22 69.63
66.8 69.24
66.36 68.85
65.9 68.44
65.44 68.03
64.99 67.62
64.55 67.21
64.13 66.81
63.73 66.42
63.35 66.04
62.97 65.66
62.6 65.28
62.24 64.9
61.87 64.51
61.5 64.13
61.13 63.73
60.75 63.34
60.39 62.96
60.04 62.58
59.71 62.24
59.45 61.96
59.36 61.8
59.6 61.79
60.13 61.86
