92.0 92.68
92.94 93.21
94.6 94.1
96.96 95.36
99.83 96.89
102.95 98.59
106.04 100.29
108.94 101.94
111.7 103.52
114.49 105.09
117.41 106.74
120.42 108.48
123.36 110.28
125.99 112.04
128.14 113.65
129.69 115.02
130.61 116.12
131.0 117.0
130.95 117.71
130.58 118.34
129.98 118.92
129.21 119.47
128.35 119.97
127.43 120.42
126.48 120.82
125.51 121.16
124.54 121.46
123.57 121.71
122.58 121.89
121.54 121.94
120.43 121.82
119.16 121.49
117.69 120.93
116.0 120.15
114.11 119.19
112.11 118.14
110.14 117.04
108.31 115.97
106.73 114.98
105.45 114.09
104.48 113.31
103.78 112.62
103.33 112.0
103.06 111.41
102.92 110.84
102.86 110.26
102.82 109.65
102.78 109.01
102.71 108.35
102.61 107.68
102.47 107.0
102.29 106.34
102.09 105.7
101.85 105.11
101.58 104.55
101.3 104.03
100.99 103.54
100.67 103.08
100.32 102.63
99.96 102.19
99.58 101.75
99.19 101.33
98.78 100.91
98.38 100.51
97.97 100.13
97.58 99.77
97.21 99.44
96.88 99.12
96.56 98.83
96.28 98.55
96.02 98.29
95.79 98.03
95.59 97.79
95.4 97.55
95.22 97.31
95.05 97.07
94.89 96.83
94.72 96.59
94.55 96.34
94.38 96.1
94.2 95.85
94.02 95.61
93.83 95.38
93.64 95.15
93.47 94.93
93.31 94.73
93.17 94.54
93.04 94.36
92.91 94.19
92.77 94.02
92.64 93.85
92.5 93.68
92.38 93.52
92.28 93.38
92.21 93.26
92.18 93.18
92.26 93.19
92.54 93.3
92.95 93.47
