72.0 73.21
73.61 74.1
76.08 75.46
79.46 77.32
83.65 79.62
88.5 82.27
93.76 85.14
99.17 88.06
104.39 90.87
109.09 93.41
112.96 95.55
115.79 97.2
117.45 98.36
118.0 99.04
117.54 99.35
116.29 99.41
114.46 99.32
112.27 99.22
109.9 99.15
107.51 99.17
105.21 99.27
103.08 99.42
101.16 99.61
99.46 99.79
98.0 99.94
96.75 100.02
95.68 100.02
94.75 99.91
93.9 99.68
93.08 99.31
92.21 98.8
91.26 98.14
90.2 97.35
89.07 96.46
87.91 95.5
86.78 94.51
85.73 93.53
84.82 92.58
84.06 91.69
83.47 90.88
83.05 90.14
82.8 89.49
82.7 88.92
82.77 88.44
82.97 88.03
83.3 87.69
83.72 87.42
84.18 87.19
84.64 86.98
85.06 86.78
85.4 86.58
85.63 86.36
85.74 86.12
85.73 85.85
85.58 85.57
85.32 85.26
84.97 84.94
84.52 84.61
84.01 84.27
83.43 83.92
82.82 83.58
82.19 83.25
81.59 82.93
81.01 82.63
80.49 82.36
80.02 82.09
79.57 81.83
79.14 81.55
78.72 81.27
78.3 80.96
77.9 80.65
77.52 80.33
77.19 80.01
76.89 79.7
76.63 79.41
76.4 79.11
76.19 78.82
75.98 78.53
75.76 78.22
75.54 77.92
75.32 77.62
75.1 77.31
74.89 77.01
74.69 76.72
74.49 76.43
74.28 76.15
74.07 75.86
73.84 75.58
73.61 75.31
73.37 75.04
73.12 74.77
72.85 74.51
72.58 74.26
72.33 74.04
72.16 73.86
72.07 73.69
72.08 73.67
72.4 73.83
72.8 74.08
