100.0 103.01
102.23 104.16
105.74 106.03
110.57 108.62
116.57 111.85
123.46 115.54
130.82 119.46
138.25 123.37
145.25 127.02
151.42 130.24
156.44 132.92
160.15 135.02
162.53 136.6
163.73 137.78
164.0 138.69
163.55 139.49
162.61 140.29
161.36 141.15
159.92 142.1
158.41 143.11
156.89 144.15
155.43 145.17
154.04 146.11
152.72 146.93
151.46 147.6
150.25 148.1
149.06 148.42
147.86 148.57
146.62 148.53
145.32 148.3
143.88 147.86
142.23 147.18
140.31 146.25
138.1 145.05
135.6 143.59
132.87 141.92
130.05 140.11
127.26 138.25
124.63 136.42
122.26 134.68
120.23 133.09
118.58 131.66
117.32 130.39
116.42 129.25
115.83 128.22
115.5 127.26
115.37 126.37
115.37 125.5
115.45 124.65
115.58 123.81
115.7 122.97
115.78 122.14
115.8 121.31
115.73 120.5
115.57 119.71
115.32 118.93
114.99 118.18
114.58 117.46
114.12 116.76
113.6 116.08
113.01 115.42
112.38 114.77
111.71 114.14
111.0 113.52
110.28 112.91
109.54 112.32
108.8 111.74
108.06 111.17
107.31 110.6
106.57 110.04
105.83 109.47
105.1 108.89
104.38 108.31
103.67 107.73
102.97 107.14
102.29 106.54
101.62 105.94
100.99 105.34
100.38 104.74
99.8 104.15
99.25 103.58
98.76 103.02
98.31 102.5
97.97 102.06
97.84 101.77
98.02 101.73
98.28 101.52
98.77 101.45
