74.0 77.37
78.2 79.66
85.61 83.67
96.12 89.36
108.94 96.24
122.43 103.56
135.04 110.48
145.84 116.39
154.36 120.95
160.44 124.13
164.17 126.17
165.9 127.42
166.0 128.2
164.87 128.79
162.85 129.32
160.16 129.88
156.94 130.48
153.31 131.12
149.36 131.75
145.15 132.29
140.76 132.62
136.23 132.61
131.6 132.15
126.89 131.23
122.12 129.89
117.37 128.25
112.75 126.45
108.4 124.63
104.44 122.86
100.98 121.18
98.1 119.58
95.84 118.07
94.22 116.63
93.22 115.28
92.8 114.02
92.86 112.82
93.29 111.67
93.97 110.54
94.77 109.42
95.64 108.3
96.46 107.16
97.16 106.02
97.7 104.88
98.03 103.73
98.09 102.59
97.9 101.47
97.48 100.36
96.86 99.28
96.07 98.23
95.15 97.24
94.16 96.3
93.13 95.44
92.12 94.66
91.17 93.96
90.27 93.32
89.41 92.73
88.57 92.17
87.72 91.6
86.86 91.01
85.96 90.38
85.04 89.73
84.12 89.05
83.26 88.38
82.47 87.72
81.77 87.09
81.15 86.49
80.6 85.92
80.08 85.35
79.6 84.78
79.14 84.22
78.73 83.66
78.35 83.1
77.99 82.55
77.64 81.99
77.27 81.42
76.85 80.83
76.36 80.21
75.8 79.58
75.39 79.09
75.03 78.61
74.76 77.93
74.22 76.91
73.78 75.67
