84.0 84.35
85.71 85.29
88.46 86.8
92.41 88.95
97.47 91.68
103.29 94.84
109.35 98.14
115.04 101.27
119.83 103.96
123.42 106.06
125.8 107.54
127.18 108.54
127.83 109.24
128.0 109.84
127.87 110.48
127.56 111.23
127.13 112.1
126.61 113.07
126.02 114.09
125.4 115.11
124.76 116.1
124.11 117.02
123.46 117.83
122.79 118.5
122.12 119.01
121.4 119.34
120.62 119.51
119.76 119.54
118.79 119.44
117.65 119.21
116.31 118.84
114.77 118.3
113.07 117.59
111.26 116.72
109.45 115.75
107.76 114.74
106.28 113.78
105.06 112.9
104.11 112.12
103.4 111.44
102.88 110.81
102.5 110.2
102.2 109.59
101.94 108.96
101.69 108.31
101.45 107.62
101.19 106.92
100.9 106.2
100.58 105.49
100.24 104.78
99.86 104.09
99.47 103.42
99.06 102.79
98.64 102.19
98.21 101.61
97.76 101.05
97.29 100.5
96.79 99.94
96.27 99.39
95.76 98.84
95.24 98.3
94.71 97.78
94.17 97.26
93.62 96.76
93.06 96.26
92.52 95.78
92.01 95.3
91.51 94.84
91.05 94.39
90.62 93.96
90.22 93.55
89.84 93.13
89.46 92.72
89.08 92.29
88.69 91.86
88.28 91.42
87.87 90.97
87.47 90.53
87.09 90.11
86.76 89.71
86.48 89.33
86.22 88.99
85.99 88.66
85.78 88.34
85.56 88.03
85.37 87.73
85.19 87.44
85.04 87.17
84.92 86.92
84.81 86.68
84.71 86.45
84.6 86.23
84.46 86.0
84.31 85.77
84.15 85.54
83.98 85.32
83.82 85.11
83.66 84.91
83.51 84.72
83.37 84.55
83.25 84.39
83.14 84.25
83.1 84.15
83.17 84.13
83.48 84.26
83.98 84.45
84.38 84.55
