90.0 90.69
92.01 91.76
95.39 93.54
100.19 96.09
106.21 99.32
112.97 102.96
119.73 106.67
125.81 110.11
130.84 113.02
134.72 115.31
137.56 117.04
139.61 118.4
141.11 119.57
142.18 120.7
142.81 121.85
143.0 123.03
142.8 124.2
142.32 125.35
141.63 126.46
140.78 127.52
139.83 128.53
138.82 129.47
137.78 130.29
136.73 130.96
135.68 131.47
134.63 131.81
133.56 132.01
132.45 132.11
131.27 132.1
129.99 131.98
128.58 131.69
127.0 131.2
125.23 130.47
123.29 129.51
121.2 128.36
119.07 127.11
117.05 125.82
115.24 124.59
113.73 123.47
112.59 122.48
111.78 121.61
111.24 120.85
110.9 120.14
110.67 119.44
110.5 118.74
110.32 117.99
110.13 117.21
109.89 116.4
109.61 115.57
109.29 114.74
108.93 113.92
108.54 113.12
108.13 112.37
107.71 111.65
107.28 110.98
106.82 110.34
106.33 109.72
105.81 109.11
105.25 108.5
104.68 107.89
104.09 107.28
103.49 106.68
102.89 106.09
102.27 105.52
101.64 104.97
101.02 104.42
100.41 103.89
99.82 103.37
99.25 102.86
98.69 102.35
98.14 101.83
97.59 101.32
97.03 100.8
96.48 100.26
95.94 99.73
95.43 99.2
94.93 98.67
94.47 98.17
94.03 97.68
93.63 97.22
93.25 96.76
92.9 96.32
92.58 95.89
92.28 95.48
92.0 95.08
91.73 94.69
91.48 94.31
91.25 93.94
91.04 93.6
90.86 93.27
90.7 92.95
90.55 92.66
90.4 92.38
90.26 92.12
90.12 91.86
89.97 91.61
89.82 91.36
89.65 91.11
89.46 90.86
89.25 90.62
89.04 90.38
88.83 90.14
88.63 89.92
88.42 89.7
88.21 89.49
88.0 89.28
87.85 89.13
87.8 89.05
87.98 89.1
88.49 89.35
