83.0 85.12
84.44 85.84
86.69 87.0
89.68 88.57
93.27 90.5
97.37 92.7
101.86 95.12
106.64 97.7
111.65 100.42
116.8 103.24
121.98 106.14
127.02 109.04
131.77 111.89
136.11 114.64
139.89 117.23
143.09 119.66
145.7 121.93
147.73 124.06
149.23 126.04
150.27 127.89
150.85 129.6
151.0 131.15
150.77 132.53
150.18 133.75
149.3 134.82
148.15 135.74
146.8 136.51
145.29 137.13
143.65 137.58
141.88 137.85
140.0 137.9
137.96 137.73
135.78 137.34
133.47 136.75
131.09 135.98
128.66 135.05
126.27 134.01
123.96 132.89
121.76 131.7
119.68 130.46
117.74 129.17
115.93 127.85
114.26 126.51
112.74 125.14
111.37 123.78
110.16 122.42
109.08 121.08
108.11 119.76
107.24 118.47
106.46 117.21
105.79 116.0
105.21 114.83
104.71 113.72
104.27 112.65
103.82 111.61
103.35 110.59
102.85 109.59
102.3 108.6
101.73 107.62
101.15 106.68
100.58 105.79
100.03 104.95
99.51 104.18
99.02 103.46
98.57 102.8
98.13 102.18
97.73 101.6
97.33 101.03
96.92 100.48
96.46 99.92
95.97 99.37
95.45 98.8
94.89 98.22
94.33 97.65
93.77 97.09
93.22 96.54
92.67 96.01
92.14 95.49
91.6 94.98
91.11 94.49
90.63 94.01
90.17 93.54
89.71 93.08
89.3 92.63
88.89 92.19
88.47 91.74
88.06 91.29
87.64 90.82
87.19 90.34
86.73 89.86
86.29 89.39
85.86 88.94
85.49 88.52
85.18 88.12
84.88 87.75
84.56 87.37
84.23 86.98
83.84 86.58
83.42 86.19
83.08 85.85
82.83 85.45
82.66 85.18
82.78 85.03
82.89 84.81
