60.0 63.2
63.38 64.9
69.03 67.86
77.08 72.1
87.12 77.4
98.06 83.26
108.86 89.15
118.8 94.53
127.19 99.02
133.51 102.38
137.46 104.57
139.0 105.67
138.37 105.9
135.97 105.49
132.27 104.72
127.72 103.83
122.71 102.99
117.52 102.32
112.36 101.86
107.36 101.55
102.57 101.29
98.03 100.95
93.77 100.43
89.77 99.65
86.05 98.62
82.6 97.36
79.44 95.95
76.59 94.47
74.1 92.95
71.99 91.45
70.3 89.99
69.02 88.59
68.14 87.26
67.64 86.0
67.48 84.79
67.61 83.64
67.98 82.52
68.51 81.44
69.15 80.39
69.83 79.38
70.49 78.42
71.08 77.49
71.56 76.61
71.92 75.77
72.15 74.98
72.24 74.24
72.19 73.55
72.01 72.91
71.7 72.31
71.28 71.75
70.75 71.22
70.14 70.71
69.45 70.22
68.7 69.74
67.93 69.29
67.16 68.85
66.4 68.43
65.67 68.03
64.98 67.65
64.33 67.28
63.72 66.91
63.15 66.53
62.62 66.16
62.12 65.77
61.64 65.37
61.18 64.96
60.73 64.56
60.35 64.24
60.16 64.06
59.93 63.86
59.82 63.79
