74.0 76.04
75.92 77.08
79.0 78.76
83.29 81.1
88.66 84.01
94.78 87.31
101.25 90.77
107.57 94.13
113.32 97.16
118.09 99.68
121.66 101.61
123.93 102.96
124.98 103.81
125.0 104.28
124.18 104.53
122.76 104.68
120.94 104.83
118.89 105.04
116.75 105.34
114.63 105.7
112.6 106.11
110.68 106.5
108.9 106.84
107.26 107.08
105.77 107.21
104.42 107.23
103.22 107.14
102.13 106.96
101.14 106.68
100.19 106.29
99.19 105.78
98.11 105.12
96.88 104.3
95.51 103.32
94.05 102.22
92.58 101.03
91.16 99.83
89.88 98.66
88.8 97.56
87.94 96.56
87.3 95.67
86.87 94.89
86.65 94.21
86.62 93.62
86.72 93.11
86.96 92.66
87.27 92.26
87.62 91.9
87.98 91.55
88.29 91.2
88.53 90.84
88.67 90.47
88.69 90.08
88.59 89.68
88.36 89.26
88.01 88.82
87.55 88.38
87.01 87.93
86.42 87.48
85.8 87.05
85.19 86.65
84.61 86.28
84.06 85.94
83.55 85.61
83.05 85.3
82.58 84.99
82.11 84.66
81.64 84.31
81.16 83.95
80.68 83.56
80.2 83.17
79.74 82.77
79.29 82.38
78.88 81.99
78.5 81.62
78.16 81.26
77.83 80.9
77.53 80.54
77.23 80.17
76.92 79.79
76.59 79.39
76.23 78.97
75.84 78.54
75.42 78.09
74.96 77.64
74.5 77.21
74.1 76.83
73.87 76.59
73.88 76.55
74.05 76.64
