69.0 70.2
70.72 71.12
73.47 72.59
77.3 74.65
82.1 77.22
87.6 80.18
93.43 83.33
99.17 86.44
104.46 89.3
108.96 91.77
112.45 93.74
114.79 95.18
115.95 96.11
116.0 96.6
115.03 96.72
113.25 96.59
110.89 96.34
108.21 96.06
105.45 95.87
102.8 95.82
100.45 95.94
98.47 96.22
96.92 96.62
95.81 97.11
95.13 97.63
94.85 98.17
94.91 98.7
95.25 99.2
95.78 99.65
96.38 100.01
96.96 100.25
97.4 100.33
97.58 100.2
97.42 99.85
96.85 99.24
95.88 98.4
94.56 97.38
93.0 96.24
91.37 95.08
89.84 93.98
88.52 93.05
87.54 92.32
86.92 91.82
86.67 91.53
86.77 91.43
87.17 91.46
87.8 91.59
88.6 91.77
89.47 91.95
90.33 92.11
91.13 92.2
91.79 92.23
92.28 92.16
92.53 92.0
92.56 91.76
92.36 91.45
91.95 91.09
91.36 90.69
90.65 90.27
89.85 89.84
88.99 89.4
88.13 88.97
87.27 88.54
86.43 88.13
85.63 87.73
84.87 87.35
84.16 86.97
83.5 86.59
82.87 86.2
82.28 85.81
81.72 85.41
81.19 84.98
80.67 84.54
80.17 84.09
79.69 83.63
79.25 83.17
78.84 82.72
78.46 82.27
78.12 81.83
77.82 81.4
77.53 80.98
77.27 80.56
77.01 80.15
76.79 79.76
76.58 79.38
76.38 79.02
76.2 78.68
76.04 78.36
75.88 78.05
75.73 77.75
75.57 77.46
75.41 77.17
75.24 76.9
75.05 76.63
74.85 76.37
74.63 76.1
74.4 75.84
74.15 75.59
73.91 75.33
73.67 75.09
73.44 74.85
73.24 74.64
73.05 74.44
72.88 74.25
72.71 74.06
72.55 73.88
72.38 73.7
72.2 73.51
72.04 73.33
71.88 73.15
71.73 72.97
71.58 72.8
71.43 72.62
71.25 72.44
71.04 72.24
70.81 72.02
70.55 71.78
70.25 71.53
69.92 71.26
69.56 70.98
69.19 70.69
68.81 70.4
68.46 70.12
68.13 69.87
67.88 69.66
67.78 69.54
67.89 69.58
68.12 69.74
68.2 69.61
68.09 69.31
