77.0 78.71
79.11 79.89
82.48 81.77
87.13 84.36
92.94 87.57
99.61 91.24
106.78 95.16
114.05 99.09
120.99 102.81
127.14 106.1
132.08 108.81
135.56 110.85
137.49 112.23
138.0 113.05
137.36 113.48
135.95 113.73
134.09 113.98
132.05 114.37
130.03 114.97
128.16 115.76
126.48 116.68
125.02 117.65
123.76 118.59
122.67 119.43
121.69 120.13
120.8 120.65
119.94 120.99
119.09 121.15
118.22 121.11
117.28 120.9
116.22 120.48
114.95 119.86
113.4 119.01
111.49 117.9
109.24 116.56
106.77 115.04
104.25 113.42
101.89 111.83
99.87 110.36
98.31 109.09
97.22 108.05
96.55 107.21
96.24 106.53
96.2 105.94
96.34 105.39
96.57 104.84
96.84 104.26
97.07 103.64
97.22 102.98
97.26 102.27
97.18 101.52
96.99 100.76
96.68 100.0
96.28 99.25
95.8 98.55
95.25 97.88
94.64 97.24
93.99 96.62
93.32 96.01
92.61 95.41
91.88 94.79
91.15 94.18
90.41 93.58
89.67 93.0
88.95 92.43
88.24 91.88
87.56 91.35
86.91 90.82
86.29 90.31
85.7 89.8
85.15 89.29
84.63 88.79
84.14 88.3
83.68 87.8
83.25 87.31
82.86 86.83
82.49 86.36
82.14 85.89
81.81 85.43
81.49 84.98
81.17 84.53
80.85 84.09
80.55 83.66
80.27 83.25
80.0 82.85
79.74 82.46
79.47 82.07
79.17 81.68
78.84 81.28
78.47 80.89
78.12 80.53
77.86 80.26
77.87 80.18
78.11 80.32
78.44 80.54
78.78 80.74
78.98 81.03
