71.0 74.2
76.19 77.09
85.23 82.06
98.27 89.17
114.55 97.95
132.2 107.5
149.03 116.7
163.33 124.5
173.85 130.18
180.01 133.49
182.0 134.64
180.5 134.19
176.46 132.81
170.8 131.12
164.26 129.58
157.38 128.42
150.5 127.72
143.86 127.46
137.63 127.56
131.88 127.86
126.64 128.19
121.85 128.34
117.44 128.13
113.34 127.43
109.47 126.23
105.81 124.61
102.4 122.74
99.29 120.79
96.55 118.91
94.3 117.17
92.59 115.6
91.42 114.16
90.78 112.8
90.6 111.47
90.79 110.15
91.22 108.8
91.78 107.44
92.36 106.05
92.86 104.63
93.2 103.18
93.35 101.71
93.26 100.23
92.96 98.76
92.44 97.33
91.72 95.94
90.81 94.63
89.75 93.38
88.58 92.21
87.32 91.1
86.03 90.05
84.76 89.06
83.54 88.14
82.41 87.29
81.38 86.5
80.46 85.78
79.65 85.11
78.94 84.49
78.32 83.9
77.81 83.35
77.39 82.82
77.04 82.31
76.75 81.82
76.47 81.32
76.2 80.81
75.92 80.29
75.62 79.75
75.29 79.19
74.93 78.62
74.53 78.04
74.08 77.48
73.63 76.97
73.21 76.55
72.73 76.15
72.2 75.72
71.7 75.27
71.09 74.69
70.28 74.09
69.81 73.63
69.11 73.17
