72.99 75.32
75.47 76.65
79.5 78.86
85.21 81.97
92.42 85.88
100.64 90.3
109.19 94.88
117.34 99.21
124.43 102.95
129.98 105.91
133.85 108.04
136.1 109.45
137.0 110.32
136.81 110.85
135.79 111.22
134.12 111.54
131.98 111.88
129.5 112.24
126.8 112.63
123.97 113.01
121.12 113.35
118.3 113.61
115.56 113.75
112.97 113.75
110.58 113.6
108.43 113.33
106.56 112.97
104.95 112.56
103.58 112.11
102.37 111.61
101.2 111.01
100.0 110.25
98.69 109.28
97.2 108.07
95.54 106.63
93.77 105.03
91.96 103.33
90.2 101.63
88.57 99.99
87.18 98.48
86.06 97.13
85.24 95.96
84.75 94.97
84.6 94.17
84.78 93.55
85.28 93.1
86.06 92.81
87.07 92.65
88.24 92.57
89.49 92.57
90.72 92.59
91.88 92.61
92.89 92.61
93.7 92.57
94.26 92.47
94.56 92.32
94.59 92.09
94.35 91.81
93.88 91.48
93.21 91.11
92.4 90.72
91.49 90.33
90.51 89.93
89.49 89.55
88.48 89.18
87.5 88.83
86.56 88.47
85.66 88.1
84.79 87.72
83.93 87.3
83.08 86.85
82.25 86.36
81.48 85.86
80.76 85.35
80.11 84.84
79.52 84.33
78.99 83.81
78.47 83.29
77.95 82.74
77.42 82.16
76.88 81.56
76.33 80.94
75.79 80.32
75.29 79.71
74.83 79.12
74.42 78.56
74.06 78.04
73.83 77.6
73.71 77.24
73.35 76.77
72.86 76.13
72.36 75.51
71.88 74.93
71.48 74.42
71.46 74.14
