80.0 82.89
82.84 84.43
87.77 87.1
94.83 90.89
103.58 95.57
113.16 100.69
122.57 105.76
131.08 110.34
138.25 114.16
143.92 117.18
148.14 119.51
151.14 121.36
153.15 122.95
154.37 124.45
154.94 125.93
155.0 127.43
154.59 128.94
153.78 130.45
152.63 131.91
151.19 133.28
149.5 134.51
147.6 135.53
145.55 136.29
143.36 136.75
141.06 136.92
138.68 136.86
136.26 136.6
133.79 136.2
131.25 135.65
128.58 134.89
125.72 133.87
122.62 132.54
119.28 130.89
115.8 128.97
112.32 126.87
109.01 124.7
106.02 122.59
103.44 120.59
101.31 118.75
99.63 117.07
98.36 115.53
97.47 114.1
96.91 112.77
96.61 111.52
96.52 110.32
96.59 109.17
96.74 108.07
96.94 106.99
97.13 105.93
97.28 104.9
97.37 103.9
97.37 102.94
97.29 102.02
97.1 101.15
96.8 100.31
96.39 99.5
95.88 98.71
95.29 97.92
94.61 97.16
93.88 96.41
93.11 95.69
92.31 95.01
91.49 94.35
90.67 93.72
89.85 93.12
89.06 92.53
88.29 91.96
87.55 91.4
86.85 90.86
86.2 90.34
85.59 89.82
85.02 89.3
84.48 88.79
83.98 88.28
83.5 87.76
83.04 87.24
82.58 86.71
82.14 86.19
81.72 85.67
81.37 85.19
80.99 84.65
80.49 84.06
80.08 83.54
79.67 82.96
79.06 82.3
78.54 81.78
78.22 81.24
77.62 80.64
