62.0 62.88
63.48 63.69
65.78 64.92
68.9 66.61
72.75 68.69
77.19 71.11
82.01 73.73
86.97 76.43
91.82 79.08
96.32 81.57
100.28 83.82
103.52 85.77
105.99 87.41
107.68 88.76
108.65 89.86
109.0 90.78
108.83 91.57
108.27 92.28
107.38 92.94
106.23 93.55
104.87 94.1
103.35 94.56
101.68 94.9
99.91 95.12
98.07 95.21
96.2 95.16
94.32 94.99
92.46 94.7
90.63 94.3
88.83 93.79
87.08 93.18
85.35 92.45
83.62 91.61
81.88 90.65
80.11 89.56
78.3 88.35
76.48 87.04
74.69 85.65
72.95 84.21
71.32 82.76
69.83 81.33
68.49 79.94
67.3 78.6
66.28 77.34
65.41 76.13
64.69 75.0
64.12 73.93
63.69 72.94
63.4 72.02
63.23 71.17
63.17 70.4
63.21 69.7
63.32 69.07
63.48 68.5
63.67 67.98
63.86 67.51
64.04 67.09
64.21 66.71
64.36 66.36
64.47 66.05
64.56 65.76
64.6 65.49
64.6 65.23
64.55 64.99
64.46 64.77
64.34 64.56
64.19 64.37
64.02 64.21
63.83 64.05
63.62 63.9
63.38 63.76
63.13 63.62
62.85 63.46
62.55 63.3
62.24 63.12
61.91 62.93
61.59 62.75
61.34 62.61
61.26 62.57
61.45 62.69
61.81 62.97
