75.0 76.0
75.96 76.5
77.42 77.27
79.39 78.31
81.85 79.63
84.72 81.17
87.89 82.87
91.21 84.65
94.47 86.41
97.49 88.06
100.12 89.54
102.26 90.81
103.9 91.88
105.09 92.78
105.9 93.58
106.43 94.33
106.75 95.08
106.93 95.85
107.0 96.65
106.99 97.46
106.91 98.28
106.79 99.08
106.61 99.83
106.4 100.52
106.14 101.13
105.84 101.67
105.49 102.11
105.08 102.45
104.63 102.71
104.13 102.88
103.59 102.99
103.04 103.04
102.49 103.03
101.93 102.97
101.32 102.83
100.66 102.59
99.87 102.23
98.94 101.74
97.86 101.12
96.65 100.39
95.37 99.59
94.09 98.76
92.89 97.94
91.79 97.17
90.84 96.46
90.04 95.82
89.38 95.24
88.87 94.7
88.48 94.21
88.2 93.74
88.0 93.28
87.85 92.83
87.74 92.39
87.64 91.94
87.56 91.5
87.48 91.06
87.41 90.64
87.34 90.23
87.25 89.84
87.15 89.47
87.01 89.11
86.86 88.76
86.66 88.41
86.42 88.06
86.13 87.7
85.81 87.35
85.45 86.99
85.07 86.64
84.69 86.3
84.3 85.97
83.93 85.67
83.57 85.38
83.24 85.11
82.93 84.85
82.62 84.59
82.31 84.31
81.98 84.03
81.63 83.72
81.25 83.4
80.87 83.07
80.49 82.74
80.12 82.42
79.8 82.11
79.52 81.83
79.28 81.56
79.07 81.31
78.88 81.07
78.69 80.83
78.51 80.59
78.32 80.34
78.14 80.09
77.96 79.83
77.8 79.58
77.65 79.34
77.5 79.1
77.35 78.88
77.19 78.65
77.0 78.43
76.8 78.2
76.59 77.98
76.36 77.75
76.12 77.53
75.9 77.31
75.68 77.11
75.48 76.93
75.34 76.77
75.27 76.57
75.14 76.44
75.2 76.4
75.3 76.45
