80.0 81.06
81.82 82.12
84.77 83.81
88.92 86.15
94.14 89.04
100.12 92.34
106.47 95.81
112.75 99.2
118.48 102.27
123.28 104.84
126.87 106.82
129.1 108.17
130.0 108.95
129.7 109.27
128.47 109.28
126.54 109.14
124.19 108.97
121.63 108.88
119.04 108.91
116.54 109.07
114.24 109.33
112.19 109.65
110.42 109.98
108.93 110.27
107.71 110.5
106.74 110.65
105.99 110.73
105.39 110.71
104.9 110.6
104.43 110.36
103.9 109.97
103.21 109.41
102.33 108.66
101.23 107.75
99.96 106.7
98.61 105.57
97.3 104.44
96.15 103.38
95.24 102.44
94.63 101.67
94.34 101.07
94.35 100.63
94.58 100.31
94.99 100.07
95.51 99.88
96.06 99.71
96.62 99.54
97.15 99.36
97.62 99.16
97.98 98.94
98.2 98.67
98.22 98.36
98.03 97.98
97.63 97.55
97.06 97.09
96.35 96.61
95.6 96.14
94.85 95.7
94.14 95.31
93.49 94.95
92.88 94.61
92.29 94.28
91.71 93.95
91.13 93.61
90.57 93.27
90.03 92.92
89.51 92.56
89.03 92.19
88.56 91.81
88.12 91.41
87.69 90.99
87.26 90.57
86.84 90.14
86.43 89.7
86.02 89.28
85.62 88.85
85.21 88.41
84.82 87.98
84.43 87.54
84.07 87.12
83.74 86.71
83.43 86.33
83.16 85.97
82.93 85.63
82.72 85.31
82.53 85.0
82.36 84.69
82.19 84.38
81.99 84.07
81.77 83.76
81.54 83.45
81.31 83.14
81.08 82.85
80.85 82.57
80.63 82.3
80.39 82.03
80.14 81.78
79.89 81.53
79.65 81.3
79.45 81.13
79.39 81.05
79.63 81.03
80.08 81.21
80.61 81.55
