89.99 92.12
94.19 94.24
101.85 98.05
112.95 103.66
126.65 110.73
141.1 118.41
154.03 125.64
163.88 131.47
170.06 135.33
172.84 137.23
173.0 137.59
171.35 137.06
168.6 136.28
165.25 135.68
161.64 135.46
158.01 135.65
154.53 136.17
151.28 136.93
148.26 137.86
145.43 138.87
142.79 139.84
140.33 140.64
138.04 141.13
135.98 141.22
134.14 140.93
132.46 140.37
130.89 139.65
129.34 138.89
127.68 138.1
125.86 137.22
123.87 136.14
121.72 134.8
119.51 133.2
117.36 131.42
115.43 129.58
113.82 127.83
112.58 126.24
111.72 124.85
111.17 123.63
110.86 122.55
110.71 121.56
110.71 120.64
110.84 119.8
111.12 119.05
111.53 118.38
112.01 117.79
112.48 117.24
112.85 116.7
113.04 116.13
113.01 115.52
112.76 114.86
112.32 114.16
111.71 113.46
111.0 112.75
110.21 112.07
109.38 111.41
108.54 110.77
107.7 110.17
106.9 109.6
106.16 109.09
105.48 108.62
104.88 108.2
104.35 107.81
103.86 107.43
103.38 107.03
102.87 106.6
102.33 106.13
101.73 105.61
101.12 105.06
100.52 104.51
99.97 103.97
99.48 103.46
99.05 102.97
98.65 102.51
98.25 102.06
97.82 101.59
97.38 101.1
96.92 100.59
96.45 100.07
95.98 99.54
95.54 99.04
95.15 98.56
94.79 98.1
94.48 97.68
94.18 97.27
93.86 96.86
93.51 96.45
93.14 96.02
92.74 95.6
92.33 95.17
91.92 94.74
91.51 94.32
91.11 93.9
90.72 93.49
90.38 93.1
90.09 92.78
90.01 92.65
89.92 92.38
89.43 91.67
88.98 91.02
88.08 90.57
