68.0 68.56
69.46 69.36
71.65 70.58
74.64 72.22
78.37 74.29
82.75 76.71
87.63 79.4
92.75 82.22
97.84 85.01
102.56 87.64
106.62 89.94
109.78 91.84
111.91 93.25
112.96 94.21
113.0 94.74
112.16 94.96
110.65 94.99
108.68 94.92
106.48 94.87
104.23 94.89
102.08 95.02
100.13 95.26
98.44 95.6
97.05 95.99
95.97 96.41
95.17 96.83
94.65 97.23
94.35 97.57
94.25 97.85
94.28 98.07
94.4 98.2
94.54 98.24
94.66 98.19
94.68 98.02
94.53 97.71
94.18 97.26
93.6 96.66
92.78 95.92
91.78 95.08
90.67 94.19
89.53 93.28
88.42 92.41
87.43 91.62
86.58 90.93
85.9 90.35
85.42 89.88
85.11 89.5
84.98 89.22
85.02 89.0
85.21 88.85
85.49 88.74
85.85 88.65
86.25 88.57
86.64 88.49
86.99 88.39
87.28 88.27
87.48 88.12
87.57 87.94
87.55 87.73
87.42 87.48
87.16 87.21
86.81 86.9
86.38 86.58
85.88 86.24
85.34 85.9
84.78 85.57
84.19 85.24
83.62 84.93
83.05 84.61
82.49 84.3
81.94 83.98
81.43 83.67
80.93 83.36
80.47 83.04
80.03 82.72
79.62 82.39
79.22 82.06
78.85 81.73
78.52 81.39
78.22 81.07
77.95 80.75
77.7 80.43
77.46 80.12
77.24 79.81
77.01 79.49
76.78 79.17
76.57 78.86
76.37 78.55
76.17 78.26
75.99 77.97
75.81 77.69
75.64 77.43
75.47 77.17
75.29 76.91
75.11 76.66
74.92 76.42
74.72 76.17
74.51 75.94
74.3 75.7
74.1 75.48
73.9 75.26
73.71 75.05
73.51 74.84
73.31 74.63
73.11 74.43
72.92 74.23
72.74 74.04
72.57 73.86
72.43 73.68
72.27 73.51
72.12 73.34
71.97 73.17
71.81 73.0
71.65 72.82
71.49 72.65
71.33 72.48
71.19 72.31
71.07 72.16
70.95 72.01
70.85 71.87
70.75 71.73
70.63 71.59
70.51 71.45
70.41 71.32
70.3 71.19
70.18 71.06
70.07 70.93
69.96 70.8
69.85 70.67
69.73 70.54
69.62 70.41
69.52 70.29
69.41 70.16
69.29 70.04
69.15 69.91
69.0 69.77
68.85 69.63
68.69 69.49
68.52 69.34
68.37 69.2
68.21 69.07
68.07 68.96
67.96 68.88
67.92 68.84
67.86 68.84
67.81 68.85
67.8 68.86
67.83 68.88
67.71 68.93
67.63 68.88
67.61 68.85
67.7 68.78
67.43 68.68
67.21 68.5
