73.0 74.12
75.33 75.31
79.45 77.37
85.41 80.39
92.76 84.18
100.64 88.38
108.05 92.49
114.22 96.04
118.8 98.76
121.81 100.58
123.47 101.65
124.0 102.18
123.58 102.4
122.39 102.48
120.6 102.51
118.43 102.56
116.11 102.68
113.83 102.93
111.74 103.33
109.93 103.91
108.41 104.61
107.17 105.34
106.14 105.99
105.29 106.47
104.56 106.76
103.92 106.86
103.33 106.85
102.77 106.78
102.23 106.66
101.7 106.5
101.15 106.25
100.56 105.87
99.88 105.35
99.05 104.65
98.03 103.8
96.79 102.78
95.37 101.65
93.83 100.43
92.31 99.2
90.94 98.03
89.8 96.98
88.94 96.09
88.35 95.36
88.02 94.78
87.88 94.31
87.91 93.93
88.09 93.6
88.4 93.32
88.79 93.07
89.22 92.85
89.64 92.63
89.98 92.4
90.23 92.13
90.36 91.83
90.35 91.49
90.22 91.13
90.01 90.77
89.73 90.41
89.4 90.06
89.02 89.73
88.61 89.39
88.16 89.06
87.64 88.7
87.06 88.34
86.43 87.97
85.79 87.6
85.17 87.25
84.62 86.92
84.17 86.63
83.81 86.37
83.51 86.13
83.24 85.89
82.97 85.62
82.64 85.32
82.29 84.99
81.9 84.62
81.5 84.24
81.09 83.86
80.71 83.49
80.39 83.14
80.1 82.81
79.86 82.49
79.64 82.19
79.43 81.88
79.17 81.57
78.88 81.23
78.56 80.89
78.24 80.53
77.91 80.17
77.57 79.82
77.26 79.49
76.98 79.18
76.72 78.89
76.47 78.62
76.26 78.36
76.09 78.12
75.93 77.89
75.79 77.66
75.65 77.44
75.48 77.2
75.27 76.93
74.98 76.64
74.63 76.33
74.24 76.0
73.85 75.67
73.48 75.37
73.18 75.11
73.04 74.93
73.01 74.82
72.92 74.65
72.9 74.53
73.09 74.57
73.26 74.65
