73.0 74.76
77.01 76.83
83.64 80.31
93.01 85.24
104.64 91.4
117.44 98.27
130.12 105.19
141.48 111.47
150.58 116.6
156.94 120.31
160.61 122.66
162.0 123.93
161.67 124.5
160.14 124.78
157.84 125.06
155.11 125.53
152.23 126.28
149.35 127.3
146.65 128.56
144.2 129.97
141.99 131.42
140.0 132.78
138.16 133.91
136.36 134.69
134.47 135.05
132.37 134.94
129.98 134.41
127.22 133.48
124.04 132.21
120.51 130.66
116.76 128.89
112.94 126.94
109.26 124.91
105.95 122.87
103.15 120.92
100.96 119.13
99.41 117.56
98.49 116.22
98.13 115.07
98.21 114.08
98.66 113.2
99.36 112.39
100.21 111.61
101.11 110.84
102.0 110.07
102.76 109.28
103.31 108.45
103.59 107.58
103.59 106.67
103.29 105.71
102.72 104.72
101.94 103.73
100.99 102.75
99.91 101.8
98.77 100.89
97.58 100.02
96.38 99.18
95.18 98.38
93.95 97.59
92.71 96.8
91.47 96.02
90.25 95.24
89.06 94.46
87.94 93.68
86.9 92.91
85.94 92.15
85.05 91.4
84.22 90.66
83.44 89.92
82.66 89.16
81.9 88.39
81.18 87.61
80.52 86.83
79.91 86.07
79.4 85.33
78.97 84.63
78.59 83.96
78.23 83.32
77.89 82.7
77.53 82.08
77.15 81.48
76.78 80.88
76.43 80.3
76.13 79.76
75.9 79.26
75.74 78.82
75.62 78.43
75.53 78.07
75.43 77.74
75.28 77.4
75.08 77.06
74.83 76.71
74.54 76.35
74.21 75.97
73.84 75.58
73.42 75.17
72.96 74.74
72.46 74.32
71.96 73.94
71.57 73.66
71.28 73.53
71.06 73.5
71.01 73.57
70.75 73.4
70.12 73.13
69.73 72.83
68.71 72.38
