71.0 74.62
73.22 75.77
77.01 77.76
82.42 80.58
89.16 84.09
96.61 87.95
104.0 91.75
110.61 95.11
115.85 97.7
119.36 99.35
121.0 100.07
120.82 99.98
119.15 99.32
116.42 98.36
113.09 97.35
109.56 96.49
106.11 95.89
102.9 95.6
100.01 95.58
97.46 95.75
95.24 96.0
93.32 96.21
91.63 96.29
90.08 96.15
88.59 95.75
87.08 95.09
85.53 94.23
83.95 93.22
82.4 92.14
80.98 91.08
79.79 90.11
78.9 89.25
78.36 88.55
78.18 87.98
78.34 87.52
78.78 87.14
79.42 86.79
80.17 86.46
80.94 86.1
81.65 85.72
82.25 85.3
82.7 84.85
82.98 84.37
83.11 83.88
83.1 83.39
82.95 82.93
82.7 82.49
82.34 82.09
81.92 81.73
81.43 81.38
80.9 81.05
80.32 80.73
79.71 80.4
79.06 80.05
78.36 79.67
77.61 79.27
76.82 78.83
75.99 78.36
75.15 77.88
74.32 77.38
73.52 76.87
72.75 76.37
72.03 75.88
71.37 75.4
70.77 74.93
70.24 74.5
69.84 74.13
69.67 73.9
69.94 73.98
70.45 74.25
