83.02 82.79
85.46 84.2
89.85 86.63
96.58 90.23
105.27 94.85
114.8 100.04
123.96 105.18
131.74 109.65
137.45 113.05
141.08 115.31
143.14 116.64
144.0 117.38
143.94 117.87
143.17 118.33
141.86 118.87
140.23 119.52
138.5 120.27
136.73 121.1
134.97 122.0
133.19 122.93
131.38 123.84
129.54 124.62
127.7 125.18
125.93 125.47
124.22 125.45
122.5 125.16
120.7 124.65
118.73 123.96
116.5 123.09
113.96 122.02
111.14 120.7
108.13 119.14
105.06 117.38
102.17 115.52
99.58 113.67
97.35 111.94
95.59 110.38
94.28 109.01
93.4 107.82
92.93 106.78
92.82 105.85
92.93 104.99
93.13 104.15
93.36 103.3
93.65 102.46
94.02 101.64
94.45 100.86
94.89 100.15
95.25 99.49
95.51 98.88
95.62 98.28
95.6 97.69
95.42 97.1
95.11 96.5
94.67 95.89
94.08 95.28
93.39 94.67
92.67 94.08
91.95 93.52
91.25 92.99
90.54 92.48
89.8 91.99
89.04 91.5
88.22 91.0
87.39 90.49
86.54 89.95
85.73 89.43
85.03 88.92
84.43 88.45
83.93 88.02
83.52 87.63
83.22 87.3
83.03 87.02
82.99 86.79
83.14 86.62
83.39 86.48
83.63 86.31
83.76 86.08
83.68 85.73
83.34 85.26
82.82 84.7
82.2 84.12
81.65 83.59
81.25 83.17
81.03 82.9
81.0 82.76
81.16 82.72
81.39 82.7
81.52 82.64
81.48 82.51
81.26 82.29
80.91 82.0
80.5 81.68
80.15 81.38
79.94 81.14
79.89 80.98
79.93 80.91
80.08 80.93
80.35 81.03
80.81 81.25
81.64 81.68
82.63 82.21
