77.0 80.05
80.72 82.05
86.66 85.27
94.9 89.72
105.11 95.22
116.63 101.44
128.71 107.93
140.45 114.19
150.96 119.79
159.54 124.4
165.75 127.86
169.51 130.21
171.0 131.63
170.63 132.39
168.9 132.8
166.24 133.11
163.04 133.52
159.55 134.1
155.91 134.85
152.26 135.68
148.62 136.48
145.0 137.13
141.39 137.52
137.77 137.57
134.14 137.26
130.5 136.59
126.84 135.58
123.17 134.29
119.49 132.75
115.84 131.02
112.26 129.15
108.85 127.19
105.7 125.19
102.87 123.18
100.44 121.19
98.45 119.25
96.89 117.38
95.74 115.6
94.99 113.92
94.59 112.34
94.45 110.85
94.52 109.44
94.71 108.09
94.95 106.8
95.19 105.53
95.36 104.29
95.43 103.08
95.36 101.89
95.15 100.73
94.79 99.61
94.31 98.54
93.73 97.53
93.06 96.56
92.33 95.64
91.55 94.77
90.73 93.94
89.87 93.15
89.0 92.39
88.13 91.67
87.27 90.97
86.43 90.3
85.63 89.67
84.88 89.07
84.2 88.5
83.58 87.95
83.0 87.41
82.45 86.87
81.9 86.32
81.32 85.74
80.71 85.13
80.07 84.49
79.43 83.84
78.78 83.18
78.13 82.52
77.49 81.87
76.87 81.22
76.26 80.58
75.64 79.95
75.07 79.36
74.63 78.89
74.67 78.77
74.78 78.59
75.04 78.61
