82.0 83.52
83.75 84.46
86.5 85.95
90.3 88.03
95.07 90.63
100.6 93.65
106.6 96.91
112.73 100.22
118.59 103.38
123.8 106.2
128.06 108.57
131.19 110.41
133.13 111.74
134.0 112.66
133.99 113.3
133.35 113.79
132.29 114.27
131.02 114.83
129.67 115.5
128.33 116.29
127.06 117.14
125.89 118.01
124.81 118.83
123.83 119.57
122.92 120.19
122.05 120.66
121.19 120.97
120.33 121.12
119.42 121.11
118.44 120.94
117.35 120.6
116.1 120.09
114.68 119.41
113.04 118.55
111.22 117.52
109.29 116.34
107.32 115.09
105.43 113.8
103.69 112.55
102.19 111.37
100.95 110.31
100.0 109.36
99.32 108.53
98.89 107.8
98.67 107.13
98.6 106.52
98.62 105.92
98.69 105.33
98.75 104.73
98.77 104.1
98.74 103.46
98.64 102.8
98.46 102.13
98.19 101.47
97.84 100.82
97.43 100.19
96.95 99.57
96.43 98.97
95.88 98.39
95.3 97.82
94.71 97.27
94.11 96.73
93.51 96.21
92.91 95.7
92.31 95.21
91.72 94.72
91.13 94.24
90.58 93.77
90.05 93.32
89.54 92.86
89.04 92.42
88.56 91.97
88.1 91.53
87.67 91.09
87.27 90.67
86.92 90.26
86.59 89.86
86.29 89.47
86.02 89.09
85.75 88.72
85.48 88.34
85.2 87.95
84.91 87.56
84.59 87.16
84.26 86.75
83.91 86.35
83.55 85.95
83.2 85.56
82.84 85.18
82.5 84.81
82.17 84.46
81.84 84.12
81.53 83.79
81.24 83.49
81.04 83.26
81.05 83.14
81.25 83.12
81.74 83.21
