78.0 80.35
79.67 81.23
82.23 82.6
85.7 84.48
90.0 86.8
95.0 89.48
100.44 92.39
106.06 95.36
111.58 98.27
116.7 100.98
121.2 103.41
124.91 105.49
127.74 107.23
129.66 108.62
130.72 109.73
131.0 110.61
130.6 111.32
129.68 111.93
128.34 112.46
126.7 112.94
124.86 113.36
122.89 113.73
120.85 114.02
118.79 114.21
116.77 114.3
114.79 114.28
112.89 114.15
111.07 113.9
109.33 113.54
107.63 113.06
105.97 112.44
104.3 111.69
102.6 110.79
100.88 109.77
99.18 108.64
97.51 107.43
95.94 106.2
94.51 104.96
93.25 103.75
92.17 102.58
91.27 101.48
90.56 100.43
90.01 99.44
89.62 98.52
89.37 97.67
89.25 96.89
89.24 96.17
89.33 95.52
89.49 94.94
89.7 94.41
89.94 93.93
90.2 93.5
90.45 93.11
90.69 92.76
90.89 92.44
91.04 92.15
91.14 91.87
91.18 91.61
91.14 91.35
91.02 91.09
90.82 90.82
90.54 90.55
90.19 90.27
89.79 89.99
89.35 89.7
88.87 89.42
88.36 89.13
87.85 88.85
87.33 88.56
86.83 88.28
86.32 87.99
85.83 87.68
85.32 87.36
84.8 87.02
84.27 86.66
83.74 86.28
83.2 85.88
82.68 85.46
82.15 85.04
81.62 84.6
81.11 84.16
80.6 83.71
80.09 83.25
79.61 82.79
79.13 82.33
78.66 81.86
78.18 81.39
77.7 80.91
77.22 80.43
76.76 79.97
76.38 79.55
76.11 79.23
76.03 79.04
76.19 79.01
76.52 78.98
76.93 79.06
