63.0 64.64
64.78 65.54
67.61 67.01
71.55 69.08
76.44 71.67
81.99 74.63
87.79 77.74
93.44 80.76
98.54 83.5
102.8 85.8
106.01 87.58
108.06 88.85
109.0 89.65
108.91 90.07
108.01 90.24
106.5 90.27
104.56 90.25
102.38 90.25
100.09 90.29
97.76 90.38
95.44 90.47
93.17 90.52
90.99 90.51
88.94 90.41
87.07 90.24
85.41 89.99
83.98 89.69
82.75 89.34
81.68 88.93
80.7 88.45
79.76 87.87
78.81 87.18
77.84 86.38
76.86 85.5
75.91 84.56
75.04 83.61
74.31 82.69
73.78 81.84
73.48 81.1
73.44 80.48
73.64 80.0
74.06 79.64
74.65 79.37
75.32 79.17
76.0 79.0
76.63 78.82
77.16 78.61
77.54 78.36
77.78 78.08
77.88 77.78
77.85 77.47
77.72 77.17
77.48 76.89
77.16 76.63
76.76 76.37
76.29 76.11
75.74 75.83
75.11 75.53
74.44 75.2
73.73 74.84
73.0 74.46
72.26 74.07
71.53 73.67
70.81 73.27
70.09 72.85
69.4 72.44
68.74 72.02
68.13 71.62
67.59 71.22
67.13 70.84
66.74 70.48
66.41 70.12
66.11 69.76
65.8 69.38
65.49 68.98
65.16 68.55
64.81 68.1
64.44 67.63
64.07 67.16
63.71 66.7
63.36 66.25
63.02 65.82
62.71 65.42
62.42 65.06
62.19 64.75
62.07 64.52
62.06 64.38
62.09 64.34
62.3 64.3
