80.0 80.03
82.78 81.6
87.02 83.98
92.88 87.26
100.29 91.38
108.93 96.19
118.33 101.41
127.83 106.68
136.66 111.59
144.08 115.81
149.61 119.12
153.11 121.46
154.78 122.96
155.0 123.87
154.19 124.48
152.71 125.01
150.77 125.63
148.54 126.37
146.12 127.24
143.6 128.16
141.11 129.09
138.76 129.98
136.61 130.81
134.67 131.53
132.95 132.09
131.37 132.46
129.83 132.59
128.24 132.44
126.49 131.98
124.47 131.22
122.12 130.16
119.4 128.8
116.32 127.16
112.98 125.26
109.51 123.17
106.08 120.96
102.87 118.74
100.03 116.62
97.68 114.68
95.91 112.97
94.72 111.52
94.11 110.31
94.02 109.31
94.36 108.48
95.04 107.78
95.94 107.14
96.95 106.55
97.97 105.96
98.9 105.34
99.65 104.7
100.21 104.02
100.51 103.3
100.55 102.55
100.37 101.79
99.97 101.02
99.38 100.27
98.66 99.53
97.83 98.82
96.94 98.14
96.02 97.5
95.1 96.9
94.17 96.33
93.27 95.78
92.37 95.25
91.48 94.72
90.6 94.19
89.73 93.65
88.88 93.1
88.07 92.54
87.31 91.99
86.6 91.44
85.95 90.9
85.38 90.37
84.88 89.86
84.44 89.37
84.06 88.89
83.75 88.42
83.49 87.96
83.26 87.51
83.06 87.07
82.9 86.64
82.75 86.23
82.63 85.84
82.55 85.48
82.5 85.15
82.47 84.86
82.48 84.59
82.48 84.36
82.48 84.13
82.47 83.92
82.45 83.72
82.41 83.52
82.35 83.33
82.26 83.15
82.14 82.96
81.99 82.78
81.81 82.6
81.62 82.41
81.42 82.24
81.25 82.08
81.09 81.94
80.93 81.8
80.77 81.68
80.61 81.56
80.45 81.46
80.31 81.39
80.32 81.39
80.43 81.54
80.17 81.5
79.93 81.4
79.75 81.36
79.7 81.43
80.03 81.68
