67.0 68.16
69.01 69.27
72.38 71.12
77.07 73.68
82.8 76.81
89.07 80.25
95.4 83.75
101.45 87.07
106.94 90.07
111.68 92.68
115.56 94.89
118.53 96.75
120.65 98.33
122.03 99.68
122.78 100.88
123.0 101.99
122.79 103.06
122.26 104.14
121.5 105.23
120.58 106.32
119.56 107.37
118.46 108.33
117.32 109.15
116.14 109.81
114.9 110.31
113.63 110.66
112.32 110.86
110.97 110.93
109.54 110.86
108.04 110.63
106.44 110.22
104.73 109.62
102.9 108.85
101.03 107.94
99.15 106.91
97.32 105.82
95.61 104.7
94.04 103.58
92.63 102.47
91.4 101.4
90.34 100.36
89.46 99.37
88.77 98.42
88.27 97.53
87.92 96.7
87.69 95.92
87.57 95.19
87.52 94.49
87.52 93.82
87.55 93.17
87.57 92.55
87.55 91.93
87.46 91.32
87.27 90.7
87.01 90.09
86.67 89.48
86.27 88.88
85.81 88.3
85.33 87.75
84.86 87.23
84.4 86.74
83.95 86.29
83.5 85.86
83.05 85.44
82.57 85.02
82.06 84.6
81.56 84.18
81.04 83.75
80.53 83.33
80.02 82.9
79.54 82.48
79.07 82.07
78.62 81.67
78.19 81.26
77.76 80.85
77.32 80.44
76.85 80.0
76.37 79.55
75.9 79.1
75.4 78.63
74.92 78.16
74.46 77.7
74.02 77.24
73.59 76.8
73.19 76.37
72.8 75.95
72.43 75.54
72.09 75.15
71.78 74.77
71.48 74.39
71.2 74.03
70.93 73.67
70.67 73.32
70.42 72.98
70.18 72.64
69.94 72.32
69.71 72.01
69.48 71.71
69.29 71.43
69.11 71.17
68.97 70.92
68.85 70.68
68.74 70.46
68.62 70.24
68.47 70.04
68.32 69.86
68.11 69.69
67.91 69.55
67.81 69.47
67.57 69.31
67.4 69.16
