63.0 65.22
64.9 66.21
67.94 67.81
72.12 70.01
77.24 72.74
83.06 75.85
89.29 79.18
95.58 82.53
101.58 85.71
106.95 88.58
111.37 90.99
114.57 92.86
116.43 94.16
117.0 94.94
116.42 95.29
114.96 95.36
112.86 95.29
110.37 95.21
107.68 95.18
104.95 95.23
102.29 95.36
99.77 95.51
97.43 95.65
95.28 95.72
93.29 95.7
91.43 95.55
89.67 95.24
87.93 94.76
86.18 94.08
84.38 93.2
82.51 92.14
80.6 90.94
78.68 89.62
76.79 88.24
74.98 86.83
73.31 85.42
71.83 84.05
70.57 82.73
69.58 81.49
68.86 80.35
68.4 79.32
68.19 78.4
68.21 77.59
68.44 76.89
68.82 76.28
69.34 75.75
69.92 75.28
70.54 74.87
71.14 74.5
71.68 74.16
72.13 73.83
72.46 73.5
72.67 73.18
72.75 72.85
72.71 72.53
72.58 72.22
72.36 71.92
72.05 71.63
71.68 71.36
71.27 71.09
70.81 70.84
70.32 70.59
69.83 70.36
69.35 70.15
68.89 69.94
68.46 69.75
68.04 69.55
67.64 69.34
67.24 69.11
66.82 68.85
66.4 68.57
65.97 68.27
65.53 67.94
65.08 67.6
64.62 67.25
64.17 66.88
63.73 66.52
63.35 66.19
63.07 65.93
62.83 65.75
62.79 65.6
63.0 65.63
63.18 65.75
