78.0 80.47
79.57 81.23
81.99 82.47
85.31 84.2
89.42 86.36
94.17 88.86
99.27 91.53
104.4 94.2
109.24 96.71
113.48 98.91
116.88 100.7
119.29 102.04
120.65 102.92
121.0 103.41
120.41 103.56
119.05 103.48
117.09 103.26
114.7 102.97
112.05 102.67
109.29 102.38
106.55 102.12
103.89 101.87
101.37 101.62
99.04 101.33
96.9 100.98
94.94 100.55
93.13 100.03
91.45 99.4
89.9 98.68
88.45 97.88
87.12 97.0
85.92 96.09
84.88 95.16
83.99 94.24
83.28 93.34
82.74 92.48
82.39 91.67
82.23 90.94
82.29 90.28
82.54 89.72
82.99 89.27
83.63 88.93
84.41 88.68
85.28 88.51
86.22 88.42
87.17 88.37
88.06 88.34
88.84 88.32
89.48 88.29
89.96 88.23
90.26 88.15
90.38 88.04
90.33 87.9
90.12 87.74
89.77 87.56
89.3 87.37
88.74 87.17
88.11 86.96
87.43 86.75
86.72 86.54
86.0 86.31
85.28 86.07
84.57 85.82
83.88 85.55
83.21 85.26
82.56 84.94
81.93 84.62
81.34 84.28
80.79 83.92
80.26 83.55
79.74 83.16
79.25 82.75
78.76 82.31
78.26 81.85
77.77 81.37
77.31 80.9
76.89 80.46
76.57 80.09
76.47 79.81
76.61 79.64
76.64 79.52
76.69 79.33
