79.0 80.25
81.48 81.55
85.54 83.7
91.27 86.75
98.51 90.62
106.71 95.03
115.16 99.62
123.09 103.97
129.86 107.73
135.07 110.68
138.56 112.78
140.44 114.12
141.0 114.91
140.54 115.38
139.41 115.75
137.84 116.15
136.03 116.69
134.12 117.37
132.21 118.19
130.37 119.09
128.63 120.04
127.04 120.94
125.59 121.75
124.28 122.4
123.12 122.88
122.06 123.18
121.07 123.3
120.09 123.26
119.02 123.05
117.72 122.62
116.08 121.91
113.99 120.88
111.44 119.5
108.54 117.82
105.48 115.94
102.51 114.0
99.88 112.17
97.77 110.55
96.24 109.22
95.29 108.17
94.84 107.34
94.76 106.67
94.94 106.07
95.24 105.47
95.57 104.82
95.84 104.1
95.99 103.3
95.99 102.42
95.85 101.48
95.56 100.51
95.14 99.54
94.63 98.6
94.05 97.71
93.39 96.89
92.68 96.12
91.94 95.38
91.16 94.66
90.36 93.95
89.55 93.24
88.75 92.54
87.97 91.86
87.22 91.2
86.51 90.59
85.87 90.02
85.3 89.48
84.78 88.99
84.34 88.53
83.94 88.1
83.6 87.68
83.29 87.27
83.01 86.87
82.75 86.47
82.51 86.06
82.25 85.65
81.99 85.23
81.71 84.8
81.41 84.37
81.11 83.94
80.8 83.52
80.49 83.11
80.18 82.72
79.87 82.33
79.56 81.96
79.24 81.61
78.94 81.26
78.66 80.95
78.46 80.7
78.5 80.59
78.92 80.74
79.54 81.0
