69.0 71.43
70.67 72.27
73.45 73.72
77.33 75.75
82.14 78.28
87.52 81.1
93.02 83.97
98.17 86.64
102.61 88.93
106.1 90.73
108.57 92.05
110.09 92.97
110.84 93.62
111.0 94.13
110.74 94.61
110.2 95.13
109.48 95.72
108.64 96.39
107.7 97.09
106.69 97.78
105.61 98.41
104.46 98.93
103.25 99.31
101.98 99.52
100.67 99.57
99.3 99.46
97.88 99.22
96.43 98.86
94.95 98.4
93.42 97.85
91.82 97.18
90.16 96.4
88.45 95.51
86.75 94.53
85.13 93.49
83.66 92.44
82.38 91.41
81.33 90.45
80.52 89.57
79.96 88.77
79.61 88.05
79.43 87.39
79.38 86.78
79.4 86.19
79.46 85.62
79.57 85.07
79.7 84.54
79.85 84.02
79.98 83.53
80.09 83.06
80.15 82.61
80.15 82.17
80.05 81.74
79.86 81.3
79.57 80.86
79.2 80.4
78.76 79.95
78.27 79.5
77.77 79.07
77.26 78.67
76.77 78.3
76.32 77.97
75.9 77.66
75.51 77.38
75.14 77.11
74.76 76.83
74.35 76.53
73.89 76.19
73.4 75.81
72.87 75.4
72.34 74.98
71.84 74.55
71.37 74.14
70.95 73.75
70.54 73.37
70.14 72.99
69.73 72.61
69.3 72.2
68.85 71.78
68.38 71.34
67.95 70.94
67.67 70.64
67.76 70.6
67.98 70.62
