47.0 48.08
49.93 49.59
54.72 52.07
61.51 55.59
70.0 60.06
79.62 65.21
89.58 70.61
98.93 75.78
106.88 80.29
112.91 83.84
116.87 86.34
118.82 87.85
119.0 88.57
117.69 88.73
115.26 88.58
112.03 88.3
108.29 88.02
104.26 87.82
100.19 87.73
96.23 87.76
92.5 87.87
89.09 88.02
86.04 88.15
83.36 88.18
81.05 88.07
79.07 87.81
77.36 87.4
75.87 86.86
74.5 86.19
73.2 85.4
71.86 84.47
70.45 83.36
68.94 82.07
67.37 80.62
65.81 79.07
64.38 77.48
63.16 75.93
62.25 74.52
61.7 73.29
61.52 72.27
61.74 71.48
62.35 70.9
63.28 70.54
64.5 70.35
65.91 70.29
67.41 70.33
68.87 70.41
70.21 70.49
71.35 70.52
72.21 70.48
72.76 70.36
72.98 70.16
72.89 69.88
72.52 69.56
71.91 69.2
71.13 68.83
70.24 68.45
69.26 68.08
68.25 67.73
67.24 67.39
66.25 67.07
65.29 66.75
64.37 66.43
63.49 66.1
62.66 65.76
61.9 65.4
61.19 65.02
60.54 64.63
59.93 64.22
59.36 63.8
58.81 63.35
58.28 62.88
57.76 62.38
57.25 61.86
56.75 61.32
56.26 60.77
55.76 60.2
55.28 59.63
54.8 59.06
54.33 58.49
53.89 57.93
53.46 57.38
53.05 56.85
52.66 56.34
52.28 55.85
51.92 55.37
51.58 54.91
51.27 54.48
50.98 54.06
50.71 53.67
50.47 53.3
50.26 52.95
50.06 52.62
49.87 52.31
49.7 52.0
49.51 51.7
49.32 51.41
49.12 51.12
48.9 50.82
48.63 50.51
48.34 50.19
48.02 49.87
47.7 49.55
47.4 49.26
47.2 49.01
46.81 48.63
46.41 48.27
46.09 47.96
45.92 47.72
45.58 47.37
45.75 47.35
45.74 47.21
