82.32 86.79
84.95 88.16
89.4 90.46
95.65 93.7
103.31 97.69
111.76 102.11
120.34 106.61
128.39 110.82
135.41 114.46
141.01 117.36
144.98 119.48
147.29 120.84
148.0 121.54
147.26 121.71
145.29 121.5
142.35 121.05
138.71 120.5
134.64 119.93
130.35 119.41
126.05 118.96
121.85 118.54
117.84 118.09
114.04 117.55
110.43 116.84
106.96 115.94
103.58 114.81
100.29 113.49
97.11 112.0
94.08 110.39
91.28 108.7
88.76 106.99
86.58 105.29
84.78 103.64
83.39 102.08
82.46 100.64
82.0 99.34
82.0 98.2
82.42 97.23
83.21 96.4
84.29 95.71
85.58 95.13
86.99 94.64
88.45 94.21
89.89 93.84
91.25 93.52
92.48 93.25
93.56 93.02
94.44 92.82
95.11 92.64
95.54 92.47
95.72 92.29
95.65 92.09
95.36 91.87
94.86 91.62
94.18 91.36
93.37 91.08
92.46 90.78
91.47 90.47
90.44 90.14
89.36 89.8
88.25 89.42
87.09 89.0
85.9 88.55
84.72 88.1
83.69 87.74
82.88 87.47
82.05 87.06
80.93 86.47
80.04 85.82
