69.0 70.15
70.64 71.06
73.34 72.55
77.15 74.64
81.94 77.24
87.39 80.19
93.06 83.26
98.51 86.19
103.33 88.79
107.24 90.91
110.11 92.52
111.94 93.66
112.84 94.43
113.0 94.96
112.57 95.37
111.72 95.74
110.59 96.15
109.28 96.6
107.87 97.11
106.43 97.64
104.99 98.16
103.56 98.62
102.15 98.99
100.75 99.21
99.36 99.27
97.97 99.18
96.56 98.92
95.11 98.53
93.6 98.01
92.03 97.37
90.38 96.6
88.66 95.71
86.92 94.72
85.21 93.66
83.58 92.56
82.1 91.45
80.84 90.39
79.8 89.39
79.02 88.48
78.49 87.66
78.17 86.91
78.04 86.24
78.06 85.62
78.19 85.05
78.39 84.5
78.63 83.98
78.86 83.47
79.06 82.97
79.2 82.48
79.29 81.99
79.3 81.51
79.23 81.04
79.08 80.59
78.86 80.15
78.56 79.72
78.21 79.3
77.81 78.89
77.37 78.49
76.91 78.11
76.44 77.75
75.96 77.4
75.49 77.07
75.03 76.75
74.58 76.44
74.16 76.14
73.74 75.84
73.33 75.54
72.93 75.23
72.53 74.91
72.15 74.59
71.8 74.28
71.5 73.99
71.24 73.71
71.02 73.44
70.83 73.18
70.64 72.91
70.43 72.63
70.21 72.34
69.97 72.04
69.72 71.73
69.47 71.43
69.24 71.13
69.01 70.85
68.8 70.58
68.59 70.31
68.36 70.04
68.12 69.77
67.89 69.52
67.69 69.32
67.63 69.22
67.7 69.2
67.91 69.27
