70.0 72.02
72.76 73.56
77.18 76.01
83.36 79.4
91.14 83.64
100.09 88.51
109.68 93.7
119.29 98.86
128.2 103.62
135.73 107.66
141.34 110.76
144.76 112.85
146.0 114.0
145.36 114.39
143.31 114.32
140.38 114.09
137.02 113.94
133.63 114.06
130.46 114.53
127.67 115.32
125.35 116.37
123.51 117.56
122.14 118.79
121.16 119.95
120.5 120.98
120.09 121.82
119.81 122.44
119.53 122.81
119.16 122.91
118.59 122.73
117.69 122.26
116.37 121.48
114.62 120.41
112.48 119.08
110.04 117.54
107.45 115.87
104.88 114.16
102.5 112.49
100.41 110.94
98.71 109.58
97.44 108.42
96.6 107.46
96.15 106.67
96.04 106.01
96.17 105.43
96.46 104.9
96.81 104.37
97.16 103.81
97.44 103.2
97.57 102.53
97.54 101.8
97.33 101.01
96.91 100.19
96.33 99.35
95.61 98.49
94.78 97.65
93.89 96.82
92.97 96.01
92.01 95.22
91.05 94.46
90.09 93.71
89.14 92.99
88.22 92.29
87.34 91.6
86.49 90.94
85.68 90.3
84.92 89.66
84.2 89.03
83.5 88.41
82.84 87.79
82.21 87.17
81.58 86.54
80.97 85.9
80.36 85.26
79.77 84.61
79.18 83.96
78.62 83.31
78.09 82.67
77.58 82.04
77.08 81.42
76.6 80.82
76.11 80.22
75.61 79.63
75.14 79.05
74.69 78.49
74.27 77.96
73.89 77.45
73.55 76.97
73.25 76.52
72.98 76.1
72.73 75.7
72.5 75.32
72.27 74.94
72.02 74.56
71.74 74.18
71.4 73.77
71.01 73.34
70.56 72.89
70.06 72.42
69.53 71.94
69.0 71.47
68.52 71.05
68.19 70.75
68.1 70.62
68.11 70.63
68.3 70.82
68.69 71.12
