82.0 83.2
83.69 84.07
86.39 85.48
90.15 87.47
94.83 89.97
100.17 92.82
105.78 95.85
111.26 98.82
116.26 101.56
120.49 103.91
123.79 105.81
126.11 107.27
127.47 108.34
128.0 109.11
127.86 109.69
127.25 110.19
126.33 110.68
125.23 111.24
124.06 111.87
122.89 112.58
121.77 113.33
120.73 114.09
119.78 114.81
118.93 115.45
118.17 115.99
117.47 116.42
116.82 116.73
116.21 116.94
115.61 117.05
115.03 117.07
114.42 116.98
113.73 116.77
112.89 116.41
111.83 115.86
110.52 115.12
108.99 114.19
107.32 113.12
105.62 111.98
104.03 110.86
102.64 109.82
101.55 108.92
100.79 108.19
100.36 107.63
100.24 107.2
100.36 106.87
100.61 106.58
100.91 106.29
101.19 105.97
101.41 105.6
101.53 105.17
101.56 104.69
101.48 104.16
101.31 103.61
101.02 103.06
100.64 102.5
100.16 101.96
99.59 101.43
98.99 100.91
98.38 100.42
97.78 99.95
97.21 99.51
96.68 99.09
96.18 98.69
95.71 98.3
95.25 97.91
94.79 97.52
94.32 97.12
93.85 96.71
93.36 96.3
92.86 95.88
92.38 95.46
91.91 95.05
91.48 94.64
91.08 94.25
90.74 93.87
90.43 93.51
90.18 93.17
89.94 92.83
89.73 92.5
89.53 92.18
89.34 91.87
89.15 91.56
88.98 91.25
88.8 90.95
88.61 90.65
88.4 90.36
88.19 90.06
87.98 89.78
87.79 89.5
87.61 89.24
87.43 89.0
87.23 88.75
87.02 88.51
86.79 88.27
86.57 88.04
86.37 87.82
86.2 87.61
86.06 87.43
85.94 87.26
85.83 87.09
85.69 86.92
85.5 86.73
85.29 86.52
85.06 86.3
84.78 86.07
84.5 85.82
84.21 85.57
83.88 85.31
83.53 85.03
83.15 84.74
82.77 84.44
82.4 84.16
82.08 83.9
81.83 83.67
81.62 83.44
81.43 83.22
81.27 83.01
81.15 82.81
81.07 82.64
81.01 82.54
81.11 82.54
