70.99 72.83
74.47 74.58
80.98 77.81
90.55 82.56
101.95 88.39
113.37 94.55
123.24 100.16
130.51 104.52
135.1 107.49
138.12 109.42
140.87 110.98
143.99 112.8
147.52 115.24
151.17 118.33
154.52 121.79
157.25 125.27
159.21 128.48
160.42 131.33
160.98 133.84
160.99 136.1
160.54 138.14
159.64 139.9
158.31 141.29
156.57 142.21
154.43 142.68
151.91 142.79
149.0 142.65
145.71 142.35
141.99 141.87
137.83 141.11
133.26 139.93
128.34 138.24
123.21 136.07
118.07 133.56
113.14 130.91
108.6 128.29
104.6 125.84
101.21 123.6
98.45 121.53
96.24 119.59
94.52 117.72
93.19 115.88
92.14 114.04
91.27 112.18
90.55 110.29
89.91 108.38
89.32 106.46
88.77 104.55
88.23 102.67
87.67 100.84
87.07 99.07
86.4 97.36
85.64 95.7
84.79 94.11
83.88 92.57
82.98 91.11
82.12 89.75
81.34 88.5
80.67 87.37
80.08 86.35
79.55 85.43
79.03 84.58
78.53 83.79
78.0 83.03
77.45 82.29
76.9 81.58
76.38 80.89
75.88 80.25
75.43 79.65
75.05 79.09
74.71 78.58
74.4 78.09
74.1 77.63
73.78 77.18
73.44 76.72
73.06 76.25
72.66 75.77
72.24 75.29
71.82 74.8
71.43 74.33
71.06 73.89
70.72 73.48
70.43 73.09
70.15 72.74
69.87 72.4
69.61 72.09
69.48 71.89
69.46 71.69
69.56 71.65
70.31 71.91
