81.0 83.15
83.29 84.3
87.34 86.36
93.22 89.35
100.54 93.12
108.46 97.27
115.95 101.29
122.14 104.69
126.55 107.16
129.1 108.61
130.0 109.17
129.53 109.08
128.05 108.64
125.84 108.09
123.25 107.61
120.53 107.3
117.88 107.2
115.39 107.3
113.12 107.57
111.07 107.96
109.22 108.39
107.55 108.75
106.06 108.97
104.73 108.99
103.54 108.8
102.45 108.43
101.38 107.89
100.21 107.22
98.84 106.4
97.2 105.42
95.33 104.27
93.35 102.98
91.51 101.66
90.0 100.41
88.98 99.35
88.5 98.52
88.49 97.93
88.82 97.5
89.36 97.17
89.98 96.87
90.64 96.55
91.29 96.2
91.89 95.84
92.44 95.46
92.88 95.06
93.2 94.66
93.38 94.25
93.42 93.84
93.33 93.43
93.13 93.05
92.84 92.7
92.46 92.38
92.03 92.09
91.55 91.8
91.05 91.52
90.53 91.22
90.02 90.93
89.54 90.65
89.07 90.39
88.63 90.16
88.22 89.93
87.82 89.72
87.44 89.5
87.06 89.26
86.69 89.0
86.32 88.72
85.93 88.41
85.53 88.08
85.12 87.73
84.68 87.36
84.22 86.97
83.77 86.57
83.31 86.17
82.87 85.76
82.44 85.35
82.01 84.93
81.57 84.51
81.13 84.1
80.73 83.7
80.41 83.36
80.26 83.16
80.41 83.15
80.87 83.37
