75.0 76.25
76.58 77.16
79.14 78.61
82.71 80.62
87.21 83.12
92.35 85.96
97.83 88.96
103.29 91.92
108.39 94.64
112.78 96.99
116.27 98.89
118.77 100.33
120.28 101.39
120.96 102.16
121.0 102.78
120.61 103.36
119.97 104.0
119.18 104.72
118.32 105.54
117.45 106.42
116.6 107.32
115.78 108.18
114.99 108.97
114.2 109.63
113.4 110.15
112.55 110.5
111.64 110.69
110.68 110.74
109.66 110.63
108.56 110.39
107.31 109.98
105.88 109.4
104.21 108.62
102.31 107.65
100.23 106.5
98.06 105.25
95.96 103.94
94.02 102.66
92.33 101.48
90.95 100.42
89.93 99.52
89.27 98.77
88.96 98.15
88.96 97.65
89.2 97.24
89.62 96.87
90.13 96.51
90.64 96.13
91.08 95.71
91.41 95.22
91.59 94.67
91.59 94.06
91.39 93.41
91.02 92.72
90.47 92.02
89.82 91.33
89.1 90.67
88.34 90.03
87.55 89.43
86.78 88.87
86.03 88.35
85.31 87.87
84.64 87.41
84.02 86.97
83.43 86.54
82.88 86.11
82.36 85.69
81.85 85.26
81.38 84.83
80.93 84.41
80.5 83.98
80.11 83.57
79.75 83.16
79.41 82.76
79.12 82.38
78.88 82.02
78.71 81.69
78.59 81.39
78.51 81.11
78.48 80.85
78.45 80.6
78.41 80.35
78.32 80.07
78.16 79.77
77.92 79.43
77.59 79.06
77.2 78.67
76.77 78.28
76.34 77.91
75.97 77.58
75.65 77.3
75.38 77.05
75.14 76.83
74.94 76.63
74.74 76.41
74.5 76.18
74.23 75.92
73.92 75.65
73.62 75.39
73.39 75.2
73.4 75.16
73.83 75.36
74.77 75.84
