76.0 77.35
77.63 78.22
80.29 79.64
83.96 81.61
88.48 84.05
93.52 86.78
98.75 89.62
103.85 92.38
108.55 94.92
112.62 97.11
115.88 98.92
118.19 100.32
119.54 101.34
120.0 102.03
119.69 102.48
118.79 102.78
117.47 103.0
115.86 103.22
114.06 103.45
112.18 103.71
110.29 103.97
108.47 104.23
106.8 104.46
105.31 104.65
104.02 104.8
102.91 104.91
101.96 104.96
101.13 104.96
100.39 104.87
99.72 104.7
99.1 104.44
98.5 104.07
97.88 103.61
97.18 103.03
96.38 102.34
95.46 101.53
94.47 100.64
93.44 99.69
92.47 98.75
91.61 97.85
90.89 97.04
90.35 96.34
90.0 95.74
89.81 95.24
89.78 94.82
89.86 94.46
90.03 94.15
90.27 93.87
90.52 93.6
90.77 93.35
90.98 93.09
91.13 92.82
91.19 92.54
91.16 92.24
91.03 91.93
90.81 91.6
90.52 91.26
90.15 90.92
89.72 90.57
89.25 90.23
88.76 89.89
88.26 89.56
87.74 89.22
87.22 88.88
86.68 88.53
86.14 88.18
85.58 87.82
85.02 87.45
84.46 87.07
83.92 86.68
83.38 86.29
82.86 85.89
82.35 85.48
81.87 85.07
81.4 84.66
80.97 84.26
80.56 83.86
80.18 83.46
79.82 83.08
79.51 82.7
79.21 82.32
78.92 81.95
78.66 81.57
78.39 81.2
78.13 80.84
77.89 80.49
77.67 80.16
77.48 79.84
77.3 79.54
77.11 79.24
76.9 78.94
76.66 78.64
76.41 78.36
76.23 78.15
75.96 77.93
75.88 77.79
75.84 77.75
