80.0 82.65
82.27 83.82
85.96 85.76
91.06 88.46
97.34 91.83
104.48 95.67
112.12 99.77
119.8 103.86
127.05 107.73
133.46 111.18
138.72 114.1
142.67 116.44
145.27 118.22
146.64 119.55
147.0 120.56
146.58 121.39
145.57 122.16
144.1 122.93
142.26 123.68
140.1 124.38
137.66 124.97
135.04 125.42
132.34 125.7
129.65 125.82
127.02 125.78
124.47 125.6
121.94 125.24
119.39 124.68
116.77 123.91
114.09 122.92
111.37 121.73
108.69 120.4
106.14 118.98
103.8 117.54
101.74 116.1
99.98 114.69
98.51 113.31
97.29 111.96
96.3 110.62
95.49 109.29
94.85 108.0
94.35 106.74
93.98 105.52
93.7 104.35
93.5 103.23
93.35 102.15
93.23 101.12
93.13 100.16
93.05 99.26
92.99 98.44
92.92 97.68
92.85 96.99
92.76 96.36
92.64 95.76
92.48 95.19
92.27 94.66
92.02 94.15
91.73 93.66
91.4 93.21
91.02 92.77
90.61 92.35
90.17 91.94
89.68 91.52
89.16 91.09
88.61 90.66
88.02 90.22
87.44 89.8
86.9 89.39
86.4 89.0
85.97 88.65
85.59 88.33
85.26 88.03
84.95 87.73
84.63 87.41
84.29 87.07
83.95 86.71
83.58 86.32
83.19 85.92
82.77 85.49
82.3 85.04
81.77 84.56
81.17 84.04
80.53 83.51
79.92 82.98
79.49 82.57
79.24 82.24
78.73 81.78
78.52 81.43
