86.99 90.95
89.75 92.35
94.21 94.71
100.5 98.04
108.4 102.23
117.39 106.97
126.73 111.87
135.6 116.47
143.32 120.44
149.38 123.55
153.61 125.76
156.05 127.19
157.0 128.04
156.73 128.55
155.57 128.91
153.75 129.25
151.48 129.66
148.92 130.16
146.2 130.72
143.43 131.3
140.66 131.86
137.93 132.32
135.28 132.63
132.74 132.74
130.3 132.64
128.0 132.33
125.83 131.85
123.74 131.19
121.65 130.37
119.46 129.36
117.1 128.13
114.56 126.67
111.89 125.01
109.23 123.22
106.74 121.38
104.6 119.63
102.94 118.04
101.82 116.67
101.22 115.53
101.09 114.59
101.32 113.81
101.8 113.12
102.45 112.49
103.19 111.88
103.96 111.28
104.68 110.68
105.33 110.07
105.87 109.45
106.25 108.84
106.48 108.24
106.59 107.67
106.59 107.16
106.51 106.71
106.33 106.31
106.06 105.95
105.68 105.59
105.18 105.21
104.56 104.81
103.85 104.37
103.08 103.92
102.28 103.46
101.47 103.02
100.68 102.59
99.88 102.15
99.06 101.7
98.23 101.22
97.35 100.7
96.42 100.13
95.47 99.52
94.51 98.86
93.52 98.18
92.55 97.47
91.58 96.74
90.63 95.99
89.72 95.24
88.87 94.51
88.11 93.8
87.44 93.13
86.87 92.5
86.41 91.94
86.1 91.49
86.1 91.26
86.68 91.3
87.99 91.39
