77.99 81.77
82.28 83.92
89.53 87.59
99.74 92.83
112.3 99.36
125.88 106.58
139.05 113.76
150.72 120.21
160.11 125.43
166.75 129.18
170.6 131.53
172.0 132.75
171.42 133.2
169.48 133.3
166.72 133.35
163.49 133.55
160.01 134.0
156.4 134.68
152.73 135.53
149.02 136.41
145.3 137.18
141.57 137.72
137.9 137.92
134.29 137.73
130.74 137.14
127.2 136.18
123.6 134.91
119.87 133.37
115.97 131.58
111.9 129.54
107.74 127.27
103.59 124.81
99.59 122.2
95.86 119.51
92.52 116.82
89.67 114.2
87.32 111.69
85.49 109.34
84.18 107.17
83.35 105.2
82.94 103.41
82.88 101.79
83.15 100.33
83.69 99.0
84.43 97.8
85.31 96.72
86.23 95.74
87.13 94.84
87.95 94.01
88.63 93.23
89.13 92.49
89.45 91.78
89.59 91.09
89.53 90.42
89.28 89.77
88.85 89.13
88.27 88.49
87.55 87.87
86.71 87.26
85.78 86.67
84.8 86.1
83.81 85.56
82.82 85.03
81.81 84.51
80.8 84.0
79.83 83.48
78.96 82.99
78.24 82.6
78.11 82.62
78.17 82.74
