75.0 75.83
76.64 76.69
79.17 78.04
82.67 79.91
87.09 82.27
92.16 85.01
97.61 87.97
103.1 90.98
108.35 93.87
113.12 96.54
117.28 98.93
120.76 101.04
123.52 102.87
125.55 104.48
126.91 105.91
127.69 107.19
128.0 108.36
127.9 109.47
127.47 110.53
126.79 111.55
125.94 112.54
124.97 113.48
123.97 114.35
122.98 115.15
122.03 115.86
121.13 116.49
120.28 117.04
119.47 117.48
118.64 117.81
117.75 118.0
116.75 118.02
115.6 117.84
114.28 117.45
112.77 116.85
111.09 116.06
109.28 115.1
107.39 114.02
105.48 112.86
103.61 111.66
101.84 110.45
100.21 109.27
98.75 108.14
97.48 107.07
96.4 106.06
95.54 105.13
94.92 104.28
94.55 103.52
94.44 102.87
94.58 102.32
94.93 101.86
95.44 101.49
96.04 101.17
96.66 100.87
97.21 100.57
97.65 100.23
97.92 99.85
98.0 99.41
97.87 98.92
97.56 98.39
97.11 97.84
96.54 97.28
95.9 96.73
95.22 96.2
94.52 95.71
93.82 95.26
93.12 94.82
92.41 94.41
91.71 94.0
91.0 93.58
90.27 93.14
89.54 92.68
88.82 92.19
88.11 91.69
87.43 91.19
86.79 90.69
86.21 90.21
85.7 89.75
85.23 89.3
84.81 88.86
84.4 88.42
84.01 87.98
83.63 87.52
83.27 87.06
82.95 86.61
82.67 86.18
82.44 85.77
82.24 85.38
82.09 85.02
81.96 84.69
81.86 84.38
81.77 84.08
81.66 83.8
81.53 83.51
81.37 83.22
81.18 82.92
80.99 82.63
80.81 82.35
80.65 82.1
80.54 81.89
80.45 81.7
80.36 81.53
80.25 81.37
80.12 81.2
79.94 81.02
79.74 80.83
79.57 80.64
79.42 80.47
79.32 80.32
79.25 80.2
79.2 80.1
79.15 80.0
79.09 79.9
78.98 79.78
78.82 79.63
78.61 79.46
78.38 79.27
78.12 79.06
77.87 78.86
77.61 78.65
77.37 78.46
77.12 78.27
76.88 78.09
76.64 77.9
76.39 77.71
76.12 77.51
75.84 77.29
75.55 77.06
75.24 76.81
74.93 76.56
74.64 76.31
74.36 76.07
74.12 75.85
73.95 75.69
73.87 75.59
73.96 75.61
74.33 75.67
74.68 75.8
75.38 76.16
