75.0 76.28
76.41 76.98
78.56 78.09
81.5 79.62
85.18 81.55
89.43 83.8
94.02 86.24
98.67 88.73
103.07 91.09
106.94 93.2
110.05 94.96
112.28 96.32
113.58 97.29
114.0 97.89
113.66 98.23
112.72 98.39
111.36 98.46
109.72 98.51
107.95 98.59
106.14 98.72
104.37 98.89
102.68 99.07
101.09 99.24
99.62 99.37
98.27 99.43
97.04 99.41
95.93 99.32
94.95 99.15
94.06 98.9
93.23 98.57
92.42 98.16
91.56 97.64
90.64 97.0
89.62 96.26
88.55 95.43
87.5 94.54
86.54 93.66
85.74 92.82
85.16 92.07
84.83 91.44
84.73 90.93
84.85 90.53
85.15 90.23
85.58 89.99
86.09 89.8
86.62 89.64
87.14 89.48
87.62 89.31
88.01 89.12
88.31 88.92
88.5 88.7
88.57 88.46
88.52 88.22
88.38 87.98
88.15 87.74
87.84 87.5
87.47 87.27
87.07 87.05
86.63 86.82
86.17 86.59
85.68 86.34
85.17 86.09
84.65 85.83
84.12 85.56
83.59 85.28
83.07 84.99
82.56 84.7
82.08 84.4
81.63 84.1
81.21 83.81
80.84 83.52
80.5 83.23
80.2 82.95
79.93 82.67
79.69 82.39
79.47 82.11
79.27 81.83
79.07 81.54
78.87 81.24
78.67 80.93
78.45 80.62
78.22 80.31
77.98 80.0
77.73 79.69
77.47 79.39
77.21 79.09
76.95 78.79
76.66 78.49
76.36 78.18
76.03 77.86
75.69 77.53
75.32 77.2
74.97 76.89
74.64 76.59
74.37 76.35
74.24 76.2
74.31 76.19
74.61 76.27
75.13 76.6
