90.99 95.3
95.05 97.44
101.95 101.1
111.68 106.25
123.58 112.57
136.49 119.5
149.29 126.42
161.1 132.77
171.31 138.21
179.53 142.57
185.61 145.9
189.57 148.35
191.61 150.11
192.0 151.41
191.06 152.42
189.11 153.3
186.43 154.14
183.24 155.03
179.67 155.93
175.79 156.78
171.6 157.42
167.06 157.7
162.13 157.48
156.81 156.69
151.13 155.34
145.2 153.54
139.18 151.41
133.25 149.11
127.61 146.73
122.43 144.37
117.83 142.05
113.88 139.8
110.59 137.62
107.96 135.5
105.92 133.44
104.41 131.39
103.32 129.36
102.59 127.32
102.13 125.28
101.9 123.27
101.86 121.3
101.96 119.4
102.14 117.6
102.35 115.91
102.56 114.32
102.73 112.83
102.83 111.44
102.83 110.13
102.77 108.9
102.62 107.76
102.39 106.7
102.1 105.74
101.78 104.86
101.41 104.07
101.0 103.34
100.53 102.66
99.97 102.02
99.31 101.39
98.55 100.76
97.72 100.13
96.84 99.51
95.97 98.89
95.1 98.28
94.22 97.68
93.33 97.06
92.39 96.42
91.4 95.76
90.42 95.17
89.79 94.88
89.56 94.72
89.44 94.75
