58.99 64.82
62.79 66.88
69.43 70.5
78.91 75.63
90.66 81.89
103.43 88.69
116.01 95.36
127.48 101.31
137.07 106.11
144.15 109.56
148.44 111.65
150.0 112.56
149.2 112.59
146.6 112.08
142.8 111.37
138.31 110.71
133.52 110.29
128.69 110.18
123.98 110.34
119.46 110.65
115.15 110.95
111.03 111.07
107.03 110.85
103.09 110.22
99.14 109.15
95.12 107.67
91.06 105.88
87.02 103.88
83.13 101.76
79.53 99.62
76.34 97.54
73.65 95.57
71.48 93.73
69.85 92.0
68.72 90.37
68.08 88.83
67.86 87.36
68.01 85.97
68.46 84.67
69.15 83.46
70.0 82.35
70.93 81.33
71.92 80.4
72.9 79.57
73.83 78.83
74.69 78.18
75.46 77.62
76.1 77.14
76.62 76.72
76.98 76.35
77.19 76.02
77.24 75.7
77.14 75.4
76.89 75.1
76.51 74.81
76.01 74.53
75.41 74.24
74.71 73.94
73.92 73.62
73.08 73.3
72.21 72.96
71.31 72.6
70.43 72.24
69.56 71.87
68.71 71.48
67.86 71.04
66.95 70.56
66.0 70.0
64.99 69.38
63.96 68.71
63.04 68.09
62.24 67.5
61.53 66.95
60.92 66.43
60.33 65.98
59.77 65.49
59.12 64.98
