53.0 53.11
55.11 54.23
58.39 55.97
62.97 58.4
68.76 61.49
75.48 65.12
82.66 69.06
89.8 73.02
96.36 76.73
101.89 79.93
106.07 82.49
108.78 84.35
110.0 85.52
109.83 86.12
108.47 86.27
106.14 86.1
103.12 85.76
99.68 85.36
96.08 85.01
92.55 84.76
89.23 84.64
86.22 84.62
83.56 84.66
81.27 84.7
79.32 84.71
77.74 84.65
76.48 84.52
75.53 84.34
74.85 84.1
74.37 83.8
74.03 83.44
73.76 82.99
73.49 82.43
73.15 81.76
72.74 80.97
72.26 80.1
71.74 79.17
71.25 78.24
70.83 77.35
70.54 76.54
70.41 75.83
70.42 75.25
70.61 74.8
70.99 74.49
71.51 74.3
72.19 74.24
72.99 74.27
73.84 74.38
74.7 74.54
75.51 74.71
76.19 74.85
76.69 74.95
77.0 74.98
77.08 74.94
76.98 74.83
76.7 74.68
76.27 74.5
75.74 74.29
75.12 74.07
74.41 73.82
73.63 73.55
72.79 73.25
71.91 72.93
71.04 72.59
70.2 72.24
69.42 71.9
68.7 71.56
68.06 71.23
67.49 70.9
66.97 70.57
66.52 70.23
66.11 69.88
65.71 69.51
65.28 69.11
64.84 68.68
64.35 68.21
63.86 67.72
63.37 67.21
62.92 66.71
62.5 66.23
62.18 65.78
61.91 65.38
61.72 65.02
61.57 64.68
61.44 64.36
61.27 64.03
61.09 63.69
60.87 63.34
60.67 62.99
60.48 62.66
60.33 62.36
60.2 62.1
60.09 61.85
59.98 61.63
59.86 61.43
59.76 61.24
59.68 61.06
59.61 60.91
59.56 60.77
59.54 60.64
59.5 60.52
59.46 60.39
59.41 60.26
59.33 60.12
59.21 59.98
59.08 59.84
58.92 59.7
58.79 59.57
58.67 59.45
58.56 59.35
58.47 59.25
58.39 59.14
58.27 59.03
58.12 58.92
57.95 58.79
57.77 58.65
57.55 58.5
57.36 58.35
57.18 58.19
57.02 58.05
56.88 57.92
56.76 57.79
56.63 57.67
56.46 57.54
56.29 57.4
56.1 57.24
55.9 57.08
55.72 56.91
55.54 56.74
55.37 56.58
55.2 56.42
55.05 56.26
54.89 56.1
54.75 55.94
54.61 55.79
54.45 55.63
54.28 55.47
54.12 55.31
53.94 55.15
53.78 54.99
53.61 54.83
53.45 54.67
53.31 54.53
53.23 54.42
53.27 54.39
53.5 54.33
53.64 54.27
53.61 54.38
53.34 54.34
53.0 53.93
52.6 53.73
