70.0 71.09
71.27 71.76
73.27 72.82
76.06 74.3
79.56 76.17
83.6 78.33
87.9 80.64
92.17 82.94
96.11 85.06
99.45 86.89
102.04 88.35
103.8 89.43
104.75 90.16
105.0 90.62
104.67 90.91
103.91 91.11
102.86 91.3
101.63 91.5
100.31 91.76
98.97 92.05
97.65 92.37
96.4 92.69
95.22 92.97
94.14 93.2
93.15 93.35
92.26 93.44
91.45 93.45
90.73 93.39
90.06 93.25
89.4 93.04
88.69 92.73
87.89 92.31
86.98 91.76
85.96 91.1
84.89 90.35
83.85 89.56
82.94 88.8
82.21 88.11
81.71 87.52
81.47 87.06
81.45 86.71
81.63 86.45
81.95 86.25
82.34 86.08
82.75 85.91
83.13 85.72
83.45 85.51
83.71 85.27
83.88 85.01
83.97 84.73
83.97 84.45
83.88 84.16
83.71 83.88
83.45 83.61
83.13 83.33
82.76 83.06
82.34 82.79
81.89 82.52
81.41 82.23
80.9 81.94
80.37 81.63
79.83 81.31
79.28 80.98
78.74 80.65
78.2 80.32
77.69 80.0
77.2 79.67
76.74 79.35
76.3 79.02
75.89 78.69
75.5 78.36
75.14 78.02
74.79 77.68
74.47 77.35
74.19 77.02
73.93 76.7
73.71 76.38
73.51 76.08
73.34 75.79
73.18 75.51
73.05 75.24
72.93 74.98
72.83 74.74
72.75 74.51
72.66 74.29
72.56 74.07
72.44 73.84
72.3 73.61
72.12 73.37
71.91 73.11
71.66 72.85
71.38 72.59
71.09 72.32
70.79 72.06
70.48 71.8
70.17 71.55
69.87 71.31
69.57 71.07
69.3 70.85
69.06 70.65
68.93 70.52
68.95 70.51
69.22 70.61
69.78 70.64
