64.0 67.77
66.91 69.32
72.01 72.01
79.25 75.84
88.15 80.54
97.74 85.64
107.06 90.63
115.44 95.1
122.49 98.75
127.96 101.51
131.71 103.41
133.68 104.58
134.0 105.16
132.88 105.33
130.66 105.22
127.68 105.0
124.21 104.77
120.5 104.62
116.68 104.58
112.88 104.62
109.12 104.63
105.44 104.51
101.83 104.16
98.3 103.52
94.83 102.59
91.42 101.42
88.11 100.07
84.94 98.62
81.97 97.12
79.28 95.59
76.92 94.07
74.94 92.58
73.37 91.16
72.23 89.82
71.51 88.58
71.2 87.44
71.26 86.39
71.62 85.42
72.23 84.53
73.01 83.71
73.89 82.94
74.79 82.22
75.66 81.54
76.44 80.89
77.12 80.28
77.65 79.7
78.03 79.15
78.24 78.63
78.3 78.14
78.21 77.68
78.0 77.26
77.67 76.86
77.27 76.5
76.8 76.17
76.28 75.87
75.72 75.59
75.14 75.32
74.55 75.06
73.93 74.79
73.3 74.51
72.65 74.22
72.0 73.91
71.34 73.58
70.67 73.22
70.0 72.83
69.34 72.42
68.68 71.98
68.03 71.52
67.38 71.04
66.73 70.53
66.08 70.01
65.44 69.47
64.82 68.94
64.31 68.49
64.02 68.26
63.45 67.59
62.77 66.73
62.17 65.88
