77.99 78.8
79.17 79.45
81.04 80.49
83.64 81.93
86.89 83.72
90.63 85.78
94.64 87.97
98.67 90.18
102.52 92.29
105.99 94.2
108.95 95.89
111.38 97.34
113.28 98.6
114.72 99.73
115.79 100.77
116.57 101.8
117.13 102.85
117.53 103.93
117.79 105.03
117.94 106.14
118.0 107.23
117.94 108.25
117.79 109.17
117.52 109.99
117.16 110.69
116.71 111.27
116.19 111.76
115.64 112.16
115.06 112.49
114.47 112.77
113.88 112.98
113.3 113.13
112.71 113.22
112.13 113.23
111.55 113.17
110.95 113.01
110.31 112.77
109.61 112.42
108.81 111.95
107.86 111.36
106.77 110.65
105.54 109.84
104.21 108.95
102.86 108.03
101.55 107.12
100.37 106.26
99.34 105.47
98.51 104.77
97.86 104.15
97.39 103.61
97.08 103.12
96.9 102.67
96.81 102.25
96.78 101.85
96.8 101.45
96.84 101.05
96.89 100.65
96.93 100.26
96.96 99.87
96.94 99.48
96.88 99.1
96.77 98.72
96.59 98.35
96.37 97.98
96.1 97.61
95.79 97.25
95.47 96.91
95.13 96.57
94.79 96.24
94.43 95.93
94.08 95.63
93.72 95.34
93.36 95.05
93.0 94.77
92.65 94.5
92.31 94.22
91.95 93.94
91.59 93.65
91.22 93.35
90.84 93.04
90.48 92.73
90.13 92.42
89.79 92.12
89.48 91.83
89.2 91.54
88.93 91.26
88.67 90.98
88.42 90.69
88.18 90.41
87.93 90.12
87.69 89.84
87.46 89.55
87.22 89.27
86.98 88.98
86.73 88.7
86.47 88.41
86.21 88.12
85.96 87.84
85.72 87.56
85.48 87.3
85.25 87.05
85.04 86.82
84.85 86.59
84.66 86.38
84.49 86.17
84.34 85.96
84.19 85.76
84.04 85.56
83.89 85.36
83.74 85.16
83.58 84.97
83.42 84.77
83.27 84.58
83.12 84.4
82.97 84.23
82.83 84.06
82.7 83.9
82.57 83.74
82.45 83.59
82.34 83.45
82.24 83.31
82.14 83.17
82.04 83.03
81.93 82.9
81.81 82.76
81.68 82.63
81.56 82.49
81.45 82.36
81.35 82.24
81.25 82.12
81.15 82.01
81.04 81.89
80.93 81.77
80.8 81.65
80.67 81.53
80.53 81.39
80.4 81.26
80.25 81.12
80.11 80.98
79.95 80.84
79.79 80.7
79.61 80.55
79.4 80.39
79.19 80.25
79.03 80.14
79.03 80.12
79.11 80.1
79.2 80.08
