67.0 68.39
68.35 69.13
70.67 70.39
74.0 72.18
78.2 74.43
82.9 76.95
87.64 79.5
92.04 81.88
95.87 83.95
99.06 85.67
101.69 87.13
103.91 88.45
105.93 89.82
107.95 91.35
110.06 93.12
112.29 95.12
114.53 97.27
116.66 99.48
118.5 101.62
119.97 103.6
121.05 105.35
121.71 106.86
122.0 108.13
121.97 109.17
121.69 110.04
121.2 110.78
120.55 111.42
119.78 112.0
118.89 112.53
117.91 112.98
116.82 113.33
115.62 113.53
114.26 113.54
112.72 113.31
110.95 112.83
108.91 112.08
106.63 111.09
104.16 109.91
101.61 108.6
99.09 107.24
96.7 105.9
94.53 104.6
92.62 103.38
90.98 102.22
89.59 101.12
88.43 100.06
87.48 99.02
86.7 98.0
86.07 96.99
85.57 95.99
85.17 95.01
84.85 94.04
84.59 93.1
84.36 92.17
84.13 91.27
83.9 90.39
83.64 89.54
83.36 88.73
83.05 87.94
82.71 87.18
82.33 86.45
81.92 85.75
81.49 85.07
81.06 84.42
80.6 83.8
80.13 83.21
79.64 82.63
79.12 82.08
78.58 81.53
78.03 81.01
77.48 80.5
76.96 80.02
76.49 79.57
76.05 79.14
75.65 78.74
75.28 78.35
74.91 77.96
74.54 77.57
74.15 77.16
73.73 76.73
73.3 76.29
72.86 75.85
72.44 75.42
72.08 75.02
71.77 74.65
71.52 74.32
71.32 74.02
71.17 73.74
71.02 73.47
70.87 73.19
70.7 72.91
70.5 72.6
70.26 72.28
70.0 71.96
69.74 71.63
69.46 71.31
69.18 71.0
68.92 70.7
68.65 70.42
68.39 70.14
68.12 69.87
67.85 69.61
67.58 69.36
67.34 69.14
67.2 68.98
67.12 68.83
67.18 68.7
67.33 68.65
