78.0 80.34
80.72 81.76
85.37 84.2
92.03 87.7
100.31 92.08
109.39 96.92
118.28 101.72
126.1 105.96
132.18 109.25
136.16 111.42
138.0 112.48
137.89 112.63
136.24 112.17
133.47 111.37
129.99 110.49
126.14 109.71
122.21 109.13
118.36 108.77
114.7 108.62
111.28 108.6
108.12 108.63
105.18 108.58
102.45 108.35
99.87 107.88
97.41 107.13
95.05 106.14
92.82 104.97
90.75 103.72
88.86 102.46
87.21 101.23
85.82 100.06
84.7 98.95
83.84 97.87
83.25 96.83
82.93 95.83
82.84 94.87
82.97 93.95
83.26 93.09
83.65 92.28
84.08 91.5
84.5 90.75
84.86 90.02
85.12 89.3
85.26 88.6
85.28 87.91
85.19 87.26
84.99 86.64
84.71 86.05
84.35 85.51
83.93 85.0
83.46 84.53
82.96 84.08
82.43 83.67
81.89 83.28
81.36 82.91
80.84 82.56
80.32 82.23
79.82 81.9
79.34 81.57
78.87 81.25
78.41 80.91
77.95 80.58
77.51 80.25
77.18 80.01
77.07 79.94
77.11 79.98
77.39 80.22
