58.99 60.82
63.22 63.06
70.32 66.86
80.24 72.23
92.52 78.86
105.86 86.16
118.97 93.46
131.02 100.18
141.39 105.9
149.6 110.42
155.24 113.69
158.28 115.85
159.0 117.11
157.84 117.74
155.3 118.01
151.85 118.17
147.92 118.45
143.87 118.97
139.9 119.78
136.13 120.81
132.59 121.92
129.31 122.95
126.28 123.77
123.53 124.3
121.05 124.54
118.8 124.53
116.73 124.31
114.74 123.89
112.74 123.26
110.62 122.37
108.38 121.21
106.01 119.81
103.61 118.21
101.28 116.48
99.11 114.71
97.18 112.95
95.55 111.23
94.24 109.6
93.25 108.08
92.62 106.71
92.35 105.49
92.39 104.43
92.7 103.53
93.22 102.76
93.87 102.08
94.55 101.46
95.22 100.87
95.78 100.27
96.19 99.65
96.4 99.01
96.42 98.35
96.19 97.67
95.75 96.96
95.1 96.22
94.26 95.46
93.23 94.67
92.09 93.87
90.88 93.07
89.63 92.29
88.4 91.54
87.22 90.83
86.09 90.14
85.01 89.48
83.98 88.84
83.03 88.2
82.13 87.56
81.3 86.94
80.55 86.31
79.86 85.7
79.25 85.08
78.67 84.46
78.12 83.83
77.59 83.18
77.08 82.52
76.56 81.86
76.05 81.2
75.58 80.54
75.12 79.91
74.67 79.28
74.23 78.67
73.78 78.06
73.32 77.45
72.86 76.84
72.38 76.24
71.9 75.65
71.41 75.07
70.92 74.51
70.44 73.96
69.96 73.43
69.5 72.92
69.03 72.41
68.57 71.91
68.12 71.43
67.68 70.96
67.24 70.49
66.81 70.04
66.4 69.6
65.99 69.16
65.59 68.72
65.19 68.29
64.79 67.86
64.39 67.43
64.0 67.01
63.63 66.61
63.35 66.24
62.98 65.97
62.57 65.63
62.18 65.07
61.79 64.53
61.36 63.96
61.02 63.31
60.71 62.72
60.39 62.39
60.09 62.12
59.68 61.87
59.27 61.62
58.77 61.35
58.18 60.98
57.54 60.55
57.32 60.16
56.91 59.63
56.76 58.82
