69.0 72.69
73.08 74.83
80.1 78.55
89.87 83.78
101.67 90.07
114.01 96.75
125.68 103.21
136.25 109.02
145.6 114.04
153.66 118.28
160.23 121.84
165.07 124.79
168.02 127.13
169.0 128.82
168.09 129.87
165.63 130.38
162.0 130.55
157.61 130.58
152.81 130.66
147.85 130.84
142.88 131.03
137.92 131.09
132.99 130.88
128.11 130.3
123.28 129.37
118.52 128.14
113.9 126.72
109.46 125.15
105.23 123.45
101.32 121.62
97.79 119.67
94.71 117.65
92.13 115.64
90.08 113.69
88.55 111.85
87.46 110.11
86.72 108.41
86.22 106.7
85.86 104.93
85.52 103.09
85.13 101.18
84.66 99.23
84.1 97.27
83.48 95.37
82.85 93.56
82.23 91.88
81.66 90.35
81.1 88.96
80.55 87.7
79.98 86.53
79.37 85.44
78.68 84.38
77.93 83.35
77.14 82.35
76.35 81.38
75.6 80.47
74.92 79.63
74.31 78.87
73.76 78.19
73.27 77.58
72.81 77.03
72.38 76.51
71.96 76.0
71.51 75.48
70.99 74.97
70.52 74.53
70.08 74.12
69.6 73.77
69.19 73.37
68.91 73.04
68.5 72.63
