66.0 67.72
67.94 68.82
71.33 70.69
76.12 73.33
82.05 76.57
88.57 80.09
94.99 83.56
100.79 86.68
105.65 89.25
109.39 91.2
111.97 92.59
113.45 93.52
114.0 94.12
113.74 94.52
112.86 94.8
111.5 95.03
109.77 95.25
107.8 95.48
105.69 95.74
103.5 96.0
101.3 96.24
99.15 96.39
97.08 96.44
95.14 96.36
93.35 96.16
91.74 95.89
90.31 95.56
89.07 95.22
88.0 94.86
87.08 94.48
86.26 94.02
85.48 93.47
84.68 92.78
83.79 91.94
82.79 90.96
81.7 89.87
80.59 88.72
79.52 87.58
78.6 86.5
77.88 85.52
77.34 84.66
77.0 83.92
76.8 83.27
76.74 82.71
76.78 82.23
76.95 81.81
77.23 81.46
77.6 81.18
78.04 80.95
78.51 80.77
78.96 80.6
79.34 80.43
79.64 80.25
79.8 80.04
79.83 79.81
79.73 79.55
79.49 79.26
79.14 78.96
78.69 78.63
78.15 78.29
77.55 77.93
76.9 77.57
76.22 77.2
75.52 76.84
74.83 76.48
74.15 76.13
73.47 75.77
72.83 75.41
72.22 75.05
71.66 74.69
71.16 74.33
70.71 73.99
70.32 73.65
69.97 73.32
69.66 72.98
69.35 72.64
69.06 72.29
68.78 71.92
68.5 71.55
68.23 71.18
67.99 70.82
67.77 70.47
67.58 70.14
67.4 69.81
67.2 69.48
66.97 69.14
66.68 68.8
66.36 68.49
66.13 68.33
66.13 68.32
66.18 68.42
