53.99 57.73
59.02 60.31
67.91 64.87
80.43 71.43
95.69 79.48
111.74 88.09
126.48 96.27
138.78 103.19
148.16 108.38
154.42 111.78
157.6 113.62
158.0 114.26
156.06 114.15
152.43 113.67
147.85 113.15
142.92 112.85
138.11 112.94
133.68 113.51
129.72 114.54
126.21 115.88
123.09 117.3
120.25 118.53
117.6 119.35
115.02 119.62
112.43 119.34
109.72 118.58
106.84 117.47
103.77 116.1
100.59 114.57
97.45 112.93
94.52 111.23
91.94 109.54
89.84 107.92
88.23 106.42
87.12 105.05
86.45 103.79
86.18 102.62
86.25 101.49
86.55 100.4
87.0 99.33
87.5 98.29
87.96 97.26
88.31 96.22
88.48 95.16
88.43 94.06
88.14 92.93
87.6 91.77
86.81 90.6
85.79 89.43
84.59 88.26
83.25 87.09
81.8 85.95
80.31 84.82
78.81 83.73
77.32 82.67
75.88 81.66
74.5 80.69
73.21 79.76
72.0 78.86
70.89 78.0
69.87 77.15
68.93 76.31
68.06 75.49
67.26 74.67
66.51 73.85
65.81 73.04
65.15 72.23
64.56 71.44
64.0 70.66
63.5 69.9
63.03 69.16
62.59 68.43
62.14 67.71
61.69 66.99
61.23 66.28
60.76 65.58
60.29 64.89
59.8 64.2
59.29 63.53
58.73 62.85
58.13 62.18
57.5 61.52
57.0 60.98
56.52 60.41
55.82 59.68
55.01 58.94
54.44 58.38
53.8 57.63
53.19 57.04
