69.0 71.74
70.77 72.71
73.66 74.29
77.73 76.5
82.78 79.22
88.52 82.31
94.63 85.57
100.75 88.79
106.54 91.79
111.67 94.42
115.84 96.58
118.82 98.21
120.53 99.31
121.0 99.93
120.39 100.19
118.95 100.22
116.94 100.17
114.63 100.15
112.21 100.24
109.86 100.47
107.69 100.82
105.74 101.25
104.04 101.69
102.57 102.09
101.32 102.42
100.23 102.64
99.29 102.74
98.42 102.7
97.56 102.48
96.62 102.08
95.53 101.47
94.25 100.66
92.78 99.68
91.18 98.58
89.53 97.4
87.95 96.21
86.51 95.07
85.28 93.99
84.28 93.01
83.52 92.13
82.98 91.33
82.64 90.61
82.47 89.96
82.46 89.37
82.56 88.83
82.74 88.33
82.96 87.86
83.19 87.4
83.4 86.95
83.54 86.5
83.6 86.05
83.57 85.59
83.43 85.13
83.19 84.67
82.85 84.2
82.43 83.73
81.94 83.25
81.39 82.78
80.81 82.31
80.2 81.86
79.61 81.43
79.05 81.04
78.52 80.66
78.02 80.31
77.55 79.97
77.09 79.63
76.65 79.28
76.21 78.92
75.77 78.55
75.34 78.17
74.91 77.78
74.48 77.38
74.05 76.98
73.63 76.57
73.2 76.14
72.76 75.7
72.29 75.24
71.79 74.77
71.26 74.28
70.71 73.78
70.16 73.28
69.62 72.82
69.18 72.43
68.83 72.14
68.67 71.96
68.72 71.92
68.87 71.94
