74.0 75.12
75.7 75.98
78.47 77.4
82.23 79.37
86.86 81.84
92.06 84.63
97.39 87.55
102.57 90.41
107.39 93.05
111.59 95.35
114.9 97.26
117.21 98.74
118.54 99.83
119.0 100.59
118.76 101.12
118.03 101.53
117.0 101.93
115.81 102.39
114.56 102.96
113.35 103.63
112.26 104.37
111.32 105.14
110.54 105.91
109.99 106.65
109.62 107.36
109.4 108.0
109.28 108.59
109.22 109.09
109.16 109.49
109.05 109.77
108.84 109.89
108.47 109.85
107.88 109.63
107.05 109.24
105.98 108.68
104.69 107.95
103.25 107.11
101.75 106.18
100.26 105.23
98.85 104.29
97.56 103.41
96.43 102.6
95.49 101.86
94.74 101.2
94.18 100.61
93.81 100.1
93.61 99.65
93.56 99.25
93.63 98.9
93.78 98.57
93.96 98.25
94.13 97.92
94.26 97.57
94.33 97.2
94.33 96.81
94.27 96.42
94.15 96.03
94.0 95.65
93.79 95.27
93.52 94.88
93.18 94.49
92.79 94.1
92.34 93.69
91.85 93.29
91.34 92.9
90.82 92.52
90.29 92.14
89.76 91.78
89.23 91.41
88.7 91.04
88.17 90.66
87.64 90.28
87.12 89.9
86.6 89.5
86.09 89.1
85.59 88.7
85.11 88.29
84.64 87.87
84.2 87.46
83.81 87.07
83.47 86.69
83.19 86.33
82.94 85.99
82.75 85.68
82.6 85.37
82.47 85.08
82.33 84.8
82.2 84.51
82.08 84.23
81.94 83.96
81.81 83.71
81.71 83.47
81.63 83.24
81.53 83.03
81.42 82.8
81.27 82.57
81.07 82.33
80.87 82.09
80.67 81.85
80.5 81.65
80.36 81.47
80.26 81.33
80.16 81.2
80.05 81.08
79.92 80.93
79.74 80.77
79.53 80.58
79.31 80.38
79.09 80.19
78.9 80.02
78.75 79.86
78.62 79.72
78.48 79.57
78.33 79.42
78.16 79.26
77.96 79.08
77.75 78.9
77.56 78.73
77.39 78.57
77.26 78.42
77.16 78.29
77.07 78.17
76.98 78.05
76.89 77.93
76.78 77.8
76.68 77.67
76.59 77.55
76.53 77.45
76.48 77.35
76.44 77.26
76.38 77.17
76.31 77.06
76.19 76.93
76.04 76.78
75.85 76.61
75.64 76.43
75.41 76.24
75.17 76.04
74.94 75.86
74.66 75.7
74.34 75.54
74.01 75.25
73.71 75.0
73.47 74.84
73.32 74.72
73.26 74.69
