85.0 87.69
88.26 89.48
93.74 92.48
101.34 96.63
110.59 101.65
120.55 107.14
130.52 112.7
140.24 118.07
149.62 123.13
158.41 127.83
166.28 132.12
172.84 135.93
177.74 139.16
180.79 141.72
182.0 143.59
181.56 144.87
179.81 145.73
177.09 146.36
173.71 146.92
169.93 147.49
165.95 148.05
161.89 148.54
157.87 148.86
153.9 148.96
149.98 148.83
146.08 148.43
142.14 147.79
138.15 146.86
134.13 145.66
130.16 144.16
126.34 142.44
122.76 140.56
119.51 138.62
116.65 136.69
114.2 134.82
112.14 133.01
110.44 131.23
109.08 129.46
108.0 127.68
107.16 125.91
106.52 124.16
106.06 122.44
105.73 120.76
105.49 119.15
105.32 117.6
105.17 116.14
105.02 114.75
104.84 113.43
104.62 112.19
104.32 111.01
103.93 109.87
103.44 108.77
102.85 107.7
102.18 106.67
101.46 105.68
100.7 104.75
99.93 103.87
99.17 103.05
98.42 102.29
97.68 101.59
96.97 100.92
96.27 100.28
95.58 99.66
94.9 99.04
94.2 98.42
93.51 97.79
92.82 97.16
92.14 96.52
91.48 95.89
90.86 95.28
90.29 94.69
89.77 94.13
89.3 93.6
88.88 93.09
88.5 92.6
88.12 92.1
87.74 91.6
87.35 91.09
86.95 90.56
86.51 90.02
86.06 89.48
85.6 88.94
85.17 88.44
84.88 87.99
84.66 87.64
84.51 87.37
84.33 87.05
84.53 87.0
84.55 86.86
