87.0 88.52
88.09 89.09
89.82 90.02
92.2 91.3
95.14 92.88
98.51 94.69
102.11 96.61
105.75 98.53
109.23 100.36
112.34 102.01
114.96 103.42
117.0 104.59
118.44 105.54
119.36 106.3
119.85 106.95
120.0 107.55
119.91 108.14
119.66 108.77
119.31 109.43
118.89 110.12
118.44 110.8
117.96 111.46
117.48 112.07
116.97 112.59
116.44 113.03
115.88 113.38
115.3 113.63
114.69 113.79
114.04 113.87
113.37 113.85
112.65 113.74
111.86 113.53
110.96 113.21
109.94 112.77
108.8 112.21
107.58 111.55
106.33 110.82
105.13 110.07
104.02 109.34
103.05 108.64
102.23 107.99
101.55 107.4
101.01 106.85
100.6 106.34
100.3 105.85
100.08 105.38
99.92 104.92
99.78 104.46
99.67 103.99
99.54 103.51
99.39 103.03
99.22 102.54
99.02 102.06
98.79 101.6
98.55 101.16
98.33 100.75
98.11 100.37
97.9 100.02
97.7 99.69
97.5 99.38
97.29 99.07
97.08 98.77
96.84 98.47
96.56 98.16
96.24 97.84
95.89 97.52
95.5 97.19
95.12 96.86
94.74 96.54
94.38 96.23
94.03 95.94
93.69 95.65
93.35 95.37
93.01 95.08
92.67 94.78
92.32 94.47
91.98 94.16
91.64 93.85
91.3 93.53
90.98 93.22
90.67 92.91
90.36 92.61
90.06 92.3
89.77 91.99
89.48 91.69
89.2 91.4
88.95 91.11
88.72 90.84
88.5 90.56
88.26 90.28
88.0 89.99
87.73 89.69
87.45 89.42
87.24 89.2
87.22 89.08
87.42 89.09
87.79 89.18
