71.0 73.55
73.72 74.97
78.15 77.29
84.32 80.54
91.97 84.61
100.63 89.24
109.7 94.11
118.54 98.87
126.54 103.19
133.21 106.86
138.3 109.76
141.73 111.91
143.56 113.39
144.0 114.36
143.24 114.96
141.52 115.34
139.04 115.6
135.99 115.79
132.54 115.94
128.83 116.03
124.98 116.05
121.08 115.95
117.17 115.67
113.28 115.18
109.41 114.44
105.55 113.44
101.69 112.19
97.89 110.72
94.19 109.08
90.68 107.34
87.46 105.55
84.6 103.76
82.16 102.02
80.17 100.34
78.62 98.73
77.49 97.19
76.73 95.7
76.31 94.29
76.17 92.92
76.26 91.62
76.5 90.36
76.85 89.16
77.27 88.02
77.71 86.93
78.12 85.91
78.49 84.94
78.77 84.04
78.94 83.18
78.97 82.37
78.88 81.6
78.65 80.86
78.31 80.16
77.89 79.49
77.38 78.86
76.82 78.28
76.22 77.74
75.59 77.23
74.91 76.74
74.2 76.27
73.46 75.79
72.7 75.32
71.95 74.87
71.32 74.48
70.97 74.28
70.82 74.27
70.88 74.36
