76.0 77.11
77.4 77.86
79.72 79.09
83.01 80.84
87.14 83.04
91.82 85.55
96.7 88.18
101.38 90.72
105.56 93.01
109.06 94.95
111.8 96.51
113.78 97.73
115.06 98.7
115.76 99.49
116.0 100.2
115.88 100.87
115.52 101.56
115.04 102.31
114.51 103.12
114.01 104.01
113.57 104.95
113.22 105.9
112.94 106.83
112.74 107.7
112.59 108.47
112.47 109.15
112.37 109.73
112.3 110.25
112.25 110.7
112.19 111.1
112.1 111.42
111.96 111.66
111.71 111.77
111.33 111.75
110.76 111.56
109.93 111.17
108.78 110.57
107.32 109.78
105.6 108.82
103.74 107.77
101.94 106.72
100.34 105.75
99.06 104.94
98.14 104.32
97.59 103.87
97.32 103.56
97.27 103.32
97.32 103.09
97.4 102.82
97.48 102.5
97.55 102.13
97.6 101.71
97.6 101.26
97.54 100.78
97.41 100.28
97.18 99.76
96.85 99.23
96.45 98.69
95.96 98.14
95.4 97.61
94.8 97.08
94.17 96.55
93.54 96.04
92.94 95.55
92.38 95.07
91.84 94.61
91.35 94.18
90.9 93.78
90.49 93.41
90.11 93.06
89.76 92.72
89.4 92.37
89.04 92.01
88.71 91.65
88.39 91.28
88.05 90.9
87.72 90.52
87.39 90.14
87.05 89.77
86.72 89.4
86.44 89.05
86.2 88.72
85.99 88.41
85.79 88.12
85.59 87.83
85.39 87.54
85.16 87.23
84.9 86.92
84.63 86.6
84.37 86.29
84.12 86.0
83.88 85.72
83.64 85.45
83.39 85.18
83.14 84.91
82.87 84.63
82.58 84.35
82.31 84.08
82.07 83.83
81.83 83.58
81.6 83.34
81.39 83.12
81.18 82.9
80.97 82.68
80.8 82.47
80.65 82.27
80.52 82.08
80.39 81.89
80.27 81.71
80.12 81.51
79.96 81.32
79.8 81.12
79.66 80.94
79.52 80.76
79.38 80.58
79.24 80.41
79.08 80.24
78.89 80.05
78.69 79.85
78.47 79.65
78.26 79.45
78.04 79.24
77.82 79.04
77.6 78.84
77.36 78.63
77.12 78.42
76.87 78.21
76.62 78.0
76.38 77.8
76.16 77.61
76.02 77.48
76.05 77.4
75.97 77.24
75.99 77.19
76.23 77.19
