82.0 85.11
83.37 85.79
85.67 86.97
88.91 88.63
92.9 90.69
97.38 92.99
101.98 95.34
106.36 97.55
110.25 99.49
113.48 101.1
115.98 102.37
117.78 103.36
118.99 104.17
119.7 104.85
120.0 105.48
119.96 106.11
119.65 106.73
119.13 107.37
118.43 108.01
117.62 108.63
116.74 109.22
115.83 109.75
114.91 110.21
114.01 110.58
113.12 110.86
112.25 111.04
111.38 111.14
110.51 111.15
109.6 111.06
108.61 110.85
107.5 110.5
106.24 110.0
104.85 109.33
103.34 108.52
101.76 107.59
100.19 106.59
98.67 105.58
97.25 104.57
95.95 103.6
94.82 102.68
93.86 101.82
93.07 101.02
92.48 100.29
92.07 99.62
91.83 99.02
91.75 98.47
91.78 97.97
91.9 97.49
92.05 97.04
92.2 96.58
92.33 96.13
92.4 95.67
92.41 95.2
92.33 94.73
92.16 94.26
91.91 93.77
91.58 93.29
91.17 92.8
90.69 92.31
90.17 91.82
89.6 91.34
88.98 90.86
88.34 90.39
87.71 89.93
87.08 89.49
86.47 89.05
85.87 88.61
85.28 88.18
84.7 87.75
84.12 87.31
83.55 86.86
82.98 86.41
82.47 86.0
82.08 85.65
81.91 85.47
81.79 85.32
