68.0 69.51
69.78 70.56
72.67 72.22
76.7 74.5
81.74 77.31
87.49 80.5
93.59 83.87
99.72 87.25
105.65 90.47
111.14 93.44
116.0 96.1
120.03 98.4
123.08 100.31
125.07 101.82
126.0 102.97
125.96 103.8
125.11 104.4
123.63 104.85
121.7 105.23
119.5 105.59
117.21 105.98
114.96 106.4
112.87 106.84
111.02 107.29
109.44 107.73
108.11 108.15
107.03 108.54
106.18 108.87
105.49 109.12
104.92 109.25
104.4 109.23
103.83 109.02
103.13 108.59
102.24 107.96
101.14 107.13
99.86 106.15
98.5 105.09
97.15 104.0
95.9 102.96
94.87 102.02
94.06 101.2
93.5 100.51
93.17 99.94
93.08 99.46
93.17 99.07
93.43 98.75
93.81 98.48
94.27 98.24
94.74 98.02
95.19 97.8
95.58 97.56
95.86 97.29
96.03 96.99
96.04 96.65
95.9 96.29
95.6 95.89
95.14 95.45
94.53 94.98
93.8 94.49
92.99 93.98
92.14 93.46
91.27 92.96
90.4 92.46
89.57 91.99
88.77 91.52
88.0 91.07
87.27 90.62
86.58 90.16
85.9 89.69
85.24 89.21
84.61 88.71
84.01 88.21
83.45 87.71
82.94 87.21
82.48 86.72
82.06 86.24
81.67 85.76
81.29 85.28
80.9 84.8
80.51 84.3
80.11 83.79
79.71 83.28
79.3 82.77
78.9 82.26
78.51 81.76
78.11 81.27
77.7 80.79
77.28 80.31
76.86 79.85
76.45 79.4
76.04 78.96
75.67 78.54
75.3 78.14
74.96 77.75
74.64 77.38
74.34 77.03
74.06 76.69
73.81 76.35
73.56 76.02
73.29 75.69
73.01 75.36
72.73 75.02
72.44 74.69
72.15 74.36
71.87 74.04
71.59 73.72
71.32 73.42
71.04 73.12
70.76 72.82
70.48 72.51
70.19 72.21
69.92 71.91
69.69 71.64
69.5 71.42
69.32 71.24
69.15 71.07
68.87 70.93
68.73 70.75
68.55 70.66
