74.0 74.36
75.8 75.33
78.52 76.8
82.22 78.8
86.83 81.3
92.17 84.21
98.01 87.39
103.95 90.66
109.63 93.8
114.65 96.63
118.7 99.01
121.59 100.87
123.33 102.22
124.0 103.14
123.79 103.74
122.96 104.18
121.73 104.58
120.3 105.03
118.82 105.59
117.4 106.27
116.09 107.05
114.95 107.89
114.0 108.75
113.26 109.59
112.71 110.38
112.35 111.1
112.16 111.75
112.09 112.31
112.08 112.77
112.1 113.12
112.09 113.37
112.0 113.51
111.81 113.52
111.52 113.42
111.07 113.18
110.44 112.78
109.56 112.22
108.43 111.49
107.05 110.59
105.46 109.56
103.75 108.45
102.02 107.32
100.38 106.22
98.91 105.23
97.7 104.36
96.79 103.64
96.17 103.08
95.85 102.64
95.79 102.31
95.94 102.05
96.22 101.83
96.59 101.61
96.96 101.37
97.29 101.09
97.54 100.76
97.69 100.4
97.74 100.0
97.69 99.58
97.55 99.15
97.32 98.73
96.99 98.3
96.6 97.87
96.14 97.43
95.61 96.98
95.0 96.52
94.34 96.04
93.63 95.55
92.88 95.05
92.11 94.56
91.34 94.07
90.59 93.58
89.87 93.1
89.18 92.64
88.54 92.18
87.95 91.73
87.42 91.29
86.94 90.86
86.5 90.43
86.06 90.0
85.64 89.57
85.23 89.13
84.83 88.68
84.46 88.23
84.11 87.78
83.76 87.32
83.44 86.88
83.14 86.45
82.88 86.04
82.67 85.68
82.53 85.35
82.44 85.06
82.36 84.79
82.29 84.54
82.22 84.29
82.1 84.03
81.95 83.75
81.77 83.47
81.58 83.18
81.39 82.91
81.23 82.67
81.11 82.47
81.04 82.31
81.0 82.18
80.95 82.06
80.88 81.93
80.75 81.78
80.57 81.6
80.34 81.39
80.09 81.16
79.82 80.93
79.57 80.71
79.35 80.51
79.16 80.35
79.01 80.21
78.89 80.09
78.77 79.96
78.61 79.83
78.41 79.67
78.19 79.48
77.95 79.29
77.74 79.09
77.59 78.92
77.49 78.78
77.43 78.67
77.4 78.58
77.39 78.5
77.35 78.41
77.27 78.3
77.17 78.16
77.04 78.0
76.89 77.83
76.73 77.66
76.61 77.51
76.52 77.38
76.43 77.26
76.34 77.17
76.27 77.08
76.18 76.99
76.06 76.89
75.93 76.78
75.78 76.64
75.59 76.48
75.38 76.31
75.2 76.14
75.01 75.97
74.84 75.82
74.68 75.67
74.53 75.55
74.41 75.45
74.39 75.42
74.59 75.51
75.03 75.81
75.66 75.86
75.72 76.03
