70.0 73.95
73.78 75.98
80.05 79.35
88.97 84.11
100.22 90.08
112.91 96.8
125.83 103.63
137.73 109.92
147.59 115.13
154.84 119.0
159.41 121.54
161.61 123.01
162.0 123.79
161.05 124.24
159.16 124.65
156.61 125.15
153.62 125.81
150.28 126.58
146.77 127.42
143.18 128.25
139.58 129.01
136.05 129.62
132.61 129.96
129.2 129.98
125.81 129.61
122.36 128.83
118.77 127.67
115.03 126.2
111.17 124.49
107.27 122.62
103.46 120.66
99.92 118.67
96.8 116.71
94.21 114.8
92.19 112.99
90.74 111.29
89.79 109.71
89.28 108.25
89.13 106.88
89.28 105.59
89.65 104.37
90.14 103.19
90.69 102.04
91.22 100.92
91.66 99.8
91.96 98.7
92.09 97.6
92.02 96.52
91.75 95.46
91.3 94.43
90.69 93.44
89.98 92.49
89.2 91.59
88.35 90.75
87.45 89.94
86.51 89.16
85.53 88.42
84.51 87.68
83.48 86.97
82.47 86.27
81.49 85.59
80.59 84.94
79.77 84.34
79.07 83.78
78.46 83.25
77.93 82.74
77.44 82.24
76.94 81.71
76.42 81.14
75.85 80.54
75.25 79.88
74.59 79.19
73.91 78.47
73.19 77.72
72.41 76.93
71.57 76.12
70.66 75.29
69.7 74.45
68.77 73.64
67.97 72.93
67.46 72.43
67.3 72.14
67.37 71.8
67.59 71.65
