85.99 89.48
87.52 90.29
90.07 91.66
93.61 93.56
97.96 95.87
102.82 98.45
107.92 101.13
113.06 103.8
118.09 106.37
122.85 108.8
127.21 111.05
131.02 113.1
134.14 114.91
136.45 116.48
137.99 117.81
138.8 118.93
139.0 119.92
138.73 120.84
138.16 121.74
137.37 122.65
136.45 123.53
135.43 124.38
134.36 125.14
133.22 125.8
132.06 126.32
130.85 126.72
129.59 126.98
128.23 127.08
126.73 126.98
125.05 126.66
123.16 126.09
121.03 125.28
118.71 124.23
116.22 123.01
113.67 121.66
111.16 120.26
108.79 118.85
106.63 117.49
104.75 116.19
103.16 114.95
101.83 113.78
100.72 112.64
99.8 111.53
99.04 110.46
98.45 109.41
98.03 108.41
97.76 107.45
97.6 106.53
97.51 105.64
97.42 104.77
97.3 103.9
97.12 103.04
96.89 102.19
96.57 101.35
96.17 100.52
95.7 99.7
95.15 98.9
94.54 98.11
93.9 97.35
93.25 96.62
92.62 95.94
92.02 95.3
91.43 94.71
90.84 94.14
90.23 93.57
89.6 93.0
88.94 92.42
88.25 91.82
87.57 91.23
86.91 90.68
86.34 90.21
85.95 89.9
86.07 89.79
86.24 89.75
