70.0 71.08
71.4 71.84
73.6 73.03
76.64 74.68
80.47 76.75
84.92 79.16
89.7 81.74
94.52 84.33
99.01 86.76
102.89 88.88
105.97 90.61
108.14 91.94
109.44 92.89
110.0 93.58
109.99 94.1
109.58 94.57
108.93 95.06
108.14 95.62
107.29 96.25
106.44 96.95
105.6 97.68
104.8 98.4
104.05 99.08
103.35 99.68
102.72 100.18
102.13 100.6
101.6 100.92
101.12 101.16
100.67 101.32
100.24 101.41
99.79 101.42
99.28 101.32
98.64 101.1
97.83 100.71
96.78 100.13
95.49 99.37
94.0 98.45
92.38 97.42
90.75 96.34
89.22 95.3
87.87 94.34
86.77 93.5
85.94 92.79
85.38 92.2
85.05 91.72
84.9 91.3
84.88 90.91
84.94 90.53
85.02 90.13
85.11 89.71
85.15 89.26
85.15 88.78
85.07 88.28
84.91 87.75
84.67 87.23
84.36 86.7
84.0 86.19
83.58 85.69
83.13 85.21
82.65 84.74
82.15 84.27
81.64 83.82
81.13 83.38
80.62 82.95
80.13 82.53
79.67 82.12
79.21 81.73
78.77 81.36
78.35 80.99
77.95 80.63
77.56 80.28
77.19 79.93
76.85 79.59
76.52 79.25
76.21 78.91
75.92 78.58
75.65 78.26
75.4 77.94
75.17 77.63
74.94 77.33
74.74 77.03
74.54 76.74
74.34 76.45
74.15 76.17
73.98 75.9
73.8 75.64
73.63 75.39
73.48 75.16
73.35 74.94
73.23 74.74
73.15 74.56
73.1 74.41
73.06 74.27
73.04 74.14
73.03 74.02
73.01 73.9
72.97 73.78
72.92 73.65
72.84 73.51
72.72 73.36
72.56 73.2
72.38 73.02
72.14 72.84
71.89 72.64
71.6 72.43
71.3 72.22
70.98 72.01
70.67 71.79
70.36 71.58
70.06 71.38
69.79 71.2
69.57 71.04
69.46 70.95
69.39 70.97
69.53 71.03
69.74 71.16
70.16 71.42
