42.0 44.22
45.67 46.23
51.39 49.42
59.3 53.8
69.14 59.23
80.43 65.45
92.58 72.08
104.82 78.67
116.18 84.74
125.75 89.89
132.87 93.86
137.27 96.56
139.0 98.07
138.38 98.63
135.87 98.54
131.99 98.13
127.22 97.66
121.94 97.29
116.44 97.07
110.97 96.99
105.67 96.98
100.59 96.93
95.75 96.74
91.14 96.32
86.72 95.61
82.46 94.58
78.37 93.25
74.51 91.66
70.96 89.93
67.81 88.14
65.14 86.38
62.95 84.7
61.23 83.1
59.94 81.56
59.02 80.04
58.43 78.52
58.12 77.0
58.06 75.49
58.21 74.02
58.54 72.63
59.0 71.31
59.54 70.1
60.13 68.98
60.72 67.96
61.26 67.03
61.7 66.16
62.01 65.35
62.16 64.58
62.14 63.85
61.97 63.14
61.66 62.46
61.2 61.8
60.61 61.15
59.89 60.52
59.03 59.89
58.09 59.27
57.08 58.66
56.05 58.06
55.01 57.47
53.98 56.89
52.99 56.32
52.02 55.74
51.08 55.17
50.19 54.59
49.35 54.01
48.57 53.44
47.88 52.88
47.24 52.32
46.66 51.77
46.14 51.21
45.64 50.65
45.18 50.07
44.73 49.49
44.28 48.89
43.81 48.28
43.33 47.66
42.84 47.05
42.38 46.45
41.93 45.87
41.5 45.3
41.07 44.74
40.6 44.18
40.07 43.63
39.58 43.15
39.42 42.91
39.62 43.07
40.04 43.47
