86.99 87.67
88.8 88.66
91.69 90.26
95.85 92.55
101.21 95.45
107.35 98.76
113.64 102.17
119.46 105.35
124.26 107.99
127.72 109.94
129.83 111.22
130.83 111.95
131.0 112.36
130.59 112.66
129.84 112.99
128.92 113.46
127.95 114.09
127.01 114.87
126.12 115.74
125.26 116.65
124.41 117.53
123.55 118.33
122.69 118.98
121.78 119.44
120.82 119.67
119.74 119.66
118.49 119.41
117.02 118.96
115.35 118.34
113.5 117.6
111.6 116.79
109.77 115.96
108.13 115.15
106.76 114.39
105.69 113.71
104.92 113.1
104.41 112.55
104.12 112.04
104.0 111.55
103.98 111.05
103.99 110.52
104.02 109.97
104.03 109.39
103.95 108.76
103.77 108.08
103.48 107.37
103.08 106.63
102.59 105.89
102.02 105.17
101.43 104.48
100.82 103.83
100.21 103.22
99.61 102.64
99.02 102.09
98.44 101.55
97.86 101.01
97.26 100.47
96.67 99.94
96.08 99.41
95.5 98.89
94.92 98.37
94.36 97.85
93.79 97.34
93.23 96.83
92.69 96.32
92.18 95.83
91.71 95.36
91.28 94.9
90.88 94.45
90.49 94.01
90.12 93.57
89.77 93.14
89.44 92.71
89.14 92.29
88.86 91.88
88.58 91.47
88.28 91.07
87.98 90.68
87.7 90.3
87.45 89.94
87.21 89.6
87.01 89.29
86.82 89.0
86.65 88.72
86.53 88.49
86.35 88.27
86.18 88.09
86.11 87.87
85.98 87.7
85.78 87.6
85.72 87.44
85.88 87.38
85.77 87.24
85.75 87.17
