88.0 89.04
91.02 90.7
95.96 93.39
103.03 97.22
112.09 102.12
122.57 107.79
133.59 113.77
144.08 119.49
153.04 124.42
159.8 128.24
164.09 130.8
166.0 132.22
165.91 132.79
164.37 132.86
161.89 132.76
158.91 132.75
155.78 132.99
152.71 133.52
149.83 134.32
147.17 135.3
144.75 136.35
142.49 137.33
140.36 138.12
138.27 138.61
136.17 138.74
134.02 138.49
131.77 137.89
129.37 136.97
126.79 135.8
124.02 134.41
121.09 132.87
118.1 131.2
115.17 129.45
112.45 127.68
110.08 125.95
108.14 124.31
106.68 122.8
105.72 121.46
105.24 120.28
105.17 119.24
105.43 118.33
105.91 117.49
106.51 116.69
107.09 115.89
107.57 115.07
107.9 114.2
108.05 113.3
108.02 112.38
107.84 111.44
107.46 110.51
106.89 109.58
106.13 108.66
105.21 107.72
104.14 106.8
103.01 105.89
101.89 105.02
100.79 104.2
99.72 103.43
98.71 102.71
97.75 102.02
96.83 101.37
95.99 100.73
95.22 100.12
94.5 99.52
93.85 98.95
93.24 98.37
92.67 97.8
92.13 97.22
91.63 96.63
91.16 96.04
90.75 95.46
90.37 94.9
90.02 94.37
89.7 93.87
89.42 93.39
89.18 92.94
88.96 92.5
88.78 92.07
88.62 91.66
88.48 91.26
88.35 90.89
88.23 90.54
88.13 90.22
88.04 89.93
87.96 89.65
87.87 89.4
87.77 89.16
87.64 88.91
87.44 88.66
87.19 88.39
86.89 88.1
86.56 87.8
86.22 87.52
85.93 87.27
85.71 87.06
85.6 86.91
85.65 86.89
86.03 87.06
86.58 87.34
87.17 87.85
88.32 88.72
