87.0 89.49
88.64 90.39
91.53 91.95
95.68 94.16
100.84 96.88
106.48 99.86
112.03 102.79
117.06 105.46
121.45 107.77
125.21 109.73
128.39 111.39
130.98 112.83
132.86 114.05
133.89 115.02
134.0 115.69
133.18 116.05
131.57 116.12
129.36 116.0
126.8 115.8
124.1 115.62
121.43 115.5
118.91 115.44
116.58 115.39
114.46 115.28
112.51 115.1
110.68 114.79
108.91 114.37
107.14 113.81
105.33 113.1
103.48 112.25
101.67 111.25
99.97 110.17
98.47 109.06
97.23 107.99
96.28 107.02
95.61 106.14
95.18 105.37
94.97 104.66
94.93 104.0
95.01 103.35
95.2 102.71
95.45 102.09
95.74 101.49
96.05 100.92
96.35 100.37
96.6 99.85
96.79 99.36
96.91 98.89
96.96 98.46
96.94 98.06
96.85 97.7
96.71 97.35
96.51 97.03
96.24 96.72
95.93 96.41
95.58 96.11
95.19 95.82
94.77 95.54
94.34 95.27
93.92 95.0
93.48 94.74
93.05 94.48
92.6 94.21
92.15 93.93
91.68 93.63
91.21 93.32
90.75 92.99
90.28 92.66
89.81 92.3
89.32 91.94
88.83 91.55
88.34 91.15
87.86 90.75
87.42 90.37
87.05 90.02
86.81 89.76
86.75 89.6
86.85 89.52
87.16 89.52
