76.99 80.2
80.81 82.26
86.92 85.59
95.44 90.22
106.09 96.01
118.25 102.6
131.07 109.51
143.59 116.22
154.89 122.24
164.2 127.23
171.0 131.0
175.19 133.59
177.0 135.18
176.84 136.09
175.23 136.62
172.63 137.04
169.38 137.53
165.73 138.17
161.85 138.94
157.86 139.77
153.84 140.56
149.85 141.2
145.93 141.6
142.07 141.68
138.2 141.37
134.25 140.63
130.16 139.48
125.91 137.93
121.53 136.05
117.15 133.94
112.87 131.69
108.87 129.41
105.25 127.16
102.12 124.97
99.52 122.87
97.5 120.87
96.03 118.97
95.06 117.17
94.53 115.47
94.36 113.86
94.45 112.33
94.74 110.86
95.14 109.44
95.55 108.05
95.92 106.69
96.18 105.35
96.3 104.04
96.25 102.77
96.04 101.54
95.67 100.36
95.15 99.23
94.51 98.15
93.77 97.13
92.95 96.15
92.05 95.22
91.12 94.33
90.16 93.49
89.2 92.71
88.26 91.97
87.37 91.28
86.54 90.65
85.79 90.05
85.1 89.49
84.48 88.95
83.91 88.42
83.35 87.9
82.8 87.35
82.23 86.79
81.64 86.19
81.01 85.57
80.36 84.91
79.69 84.23
79.0 83.54
78.32 82.86
77.66 82.19
77.06 81.59
76.59 81.1
76.39 80.72
76.25 80.38
75.89 80.08
76.2 79.97
76.37 79.86
