82.0 82.97
82.64 83.29
83.63 83.8
84.97 84.49
86.62 85.37
88.54 86.38
90.64 87.49
92.83 88.63
94.98 89.77
97.0 90.85
98.79 91.82
100.29 92.68
101.45 93.4
102.27 94.0
102.77 94.49
103.0 94.9
102.98 95.26
102.79 95.59
102.46 95.9
102.04 96.22
101.57 96.53
101.08 96.83
100.59 97.12
100.1 97.38
99.61 97.6
99.1 97.75
98.54 97.83
97.91 97.81
97.19 97.68
96.38 97.46
95.51 97.16
94.62 96.81
93.75 96.43
92.95 96.04
92.24 95.67
91.63 95.31
91.11 94.97
90.69 94.64
90.35 94.31
90.08 93.99
89.88 93.67
89.73 93.35
89.61 93.03
89.54 92.71
89.49 92.4
89.46 92.1
89.44 91.8
89.43 91.53
89.4 91.26
89.36 91.0
89.3 90.75
89.21 90.51
89.1 90.26
88.95 90.02
88.78 89.78
88.59 89.54
88.38 89.3
88.16 89.07
87.92 88.85
87.68 88.63
87.42 88.42
87.16 88.21
86.9 88.0
86.63 87.79
86.37 87.59
86.11 87.4
85.86 87.2
85.62 87.01
85.39 86.81
85.17 86.62
84.96 86.43
84.78 86.24
84.62 86.06
84.47 85.89
84.34 85.72
84.23 85.56
84.11 85.4
83.98 85.23
83.85 85.06
83.71 84.88
83.54 84.68
83.36 84.48
83.16 84.27
82.92 84.05
82.66 83.82
82.39 83.58
82.12 83.35
81.86 83.13
81.63 82.93
81.43 82.76
81.29 82.62
81.23 82.54
81.27 82.51
81.31 82.5
81.5 82.56
