104.0 105.87
107.13 107.57
112.04 110.25
118.77 113.93
127.11 118.5
136.68 123.72
146.93 129.29
157.2 134.86
166.8 140.08
175.15 144.69
181.86 148.52
186.75 151.56
189.91 153.87
191.56 155.63
192.0 157.04
191.53 158.29
190.42 159.53
188.87 160.84
187.03 162.24
185.0 163.67
182.86 165.07
180.63 166.36
178.34 167.45
175.98 168.3
173.57 168.86
171.12 169.15
168.63 169.15
166.09 168.87
163.43 168.31
160.55 167.43
157.32 166.2
153.67 164.59
149.65 162.63
145.39 160.36
141.12 157.9
137.07 155.39
133.49 152.95
130.53 150.71
128.24 148.72
126.67 147.02
125.77 145.57
125.48 144.34
125.65 143.27
126.16 142.3
126.88 141.36
127.69 140.44
128.49 139.49
129.24 138.5
129.87 137.5
130.34 136.48
130.6 135.46
130.6 134.44
130.33 133.43
129.83 132.42
129.11 131.43
128.24 130.45
127.25 129.5
126.17 128.57
125.01 127.67
123.81 126.79
122.56 125.92
121.28 125.07
120.0 124.23
118.72 123.41
117.48 122.6
116.3 121.82
115.2 121.06
114.18 120.33
113.26 119.61
112.4 118.9
111.6 118.2
110.87 117.51
110.25 116.83
109.74 116.17
109.32 115.55
108.99 114.95
108.73 114.38
108.49 113.81
108.27 113.26
108.07 112.71
107.88 112.18
107.67 111.64
107.44 111.12
107.17 110.59
106.86 110.06
106.52 109.53
106.16 109.01
105.81 108.52
105.56 108.09
105.38 107.75
105.2 107.48
104.81 107.23
104.24 106.72
103.94 106.48
103.21 106.07
