67.0 71.86
71.57 74.25
79.57 78.47
90.97 84.47
104.91 91.79
119.69 99.63
133.59 107.09
145.34 113.37
154.18 118.03
159.89 120.99
162.66 122.49
163.0 122.97
161.59 122.96
159.12 122.87
156.14 123.02
153.11 123.59
150.29 124.64
147.81 126.13
145.66 127.96
143.79 129.95
142.08 131.87
140.43 133.53
138.73 134.73
136.94 135.4
135.0 135.55
132.91 135.26
130.58 134.66
128.07 133.83
125.37 132.82
122.42 131.59
119.09 130.09
115.53 128.28
111.74 126.14
107.7 123.68
103.55 120.99
99.43 118.16
95.51 115.3
91.9 112.5
88.75 109.89
86.25 107.53
84.45 105.46
83.26 103.68
82.63 102.15
82.5 100.8
82.64 99.57
82.96 98.38
83.35 97.18
83.66 95.94
83.85 94.65
83.94 93.33
83.87 92.01
83.68 90.72
83.4 89.49
83.04 88.35
82.65 87.31
82.25 86.37
81.84 85.54
81.42 84.78
80.97 84.07
80.46 83.39
79.86 82.71
79.2 82.02
78.46 81.32
77.63 80.61
76.71 79.88
75.75 79.15
74.76 78.44
73.78 77.74
72.84 77.07
71.97 76.43
71.15 75.81
70.35 75.19
69.54 74.54
68.71 73.86
67.82 73.13
66.87 72.39
66.03 71.82
65.83 71.7
65.59 71.63
