69.0 69.68
71.21 70.83
74.76 72.68
79.7 75.27
85.81 78.53
92.72 82.27
99.99 86.25
107.08 90.17
113.54 93.8
119.07 96.96
123.46 99.58
126.61 101.66
128.61 103.28
129.65 104.56
130.0 105.65
129.86 106.7
129.42 107.78
128.82 108.98
128.12 110.28
127.38 111.67
126.63 113.07
125.88 114.44
125.13 115.69
124.4 116.79
123.67 117.72
122.94 118.47
122.18 119.06
121.37 119.49
120.51 119.79
119.58 119.94
118.57 119.96
117.46 119.83
116.22 119.52
114.78 119.01
113.1 118.26
111.13 117.26
108.89 116.01
106.46 114.56
103.93 112.98
101.44 111.34
99.13 109.74
97.11 108.25
95.45 106.92
94.17 105.76
93.24 104.75
92.63 103.87
92.27 103.07
92.09 102.32
92.03 101.58
92.02 100.84
92.02 100.08
91.96 99.28
91.8 98.43
91.55 97.56
91.19 96.66
90.75 95.75
90.23 94.86
89.65 94.0
89.02 93.17
88.35 92.38
87.67 91.63
86.99 90.92
86.33 90.24
85.69 89.59
85.07 88.96
84.47 88.36
83.88 87.77
83.3 87.2
82.73 86.64
82.16 86.09
81.61 85.56
81.09 85.03
80.58 84.51
80.08 84.01
79.6 83.52
79.13 83.03
78.68 82.55
78.25 82.07
77.83 81.59
77.43 81.12
77.05 80.65
76.67 80.19
76.3 79.73
75.95 79.29
75.61 78.85
75.29 78.43
75.01 78.03
74.74 77.66
74.53 77.32
74.35 77.01
74.19 76.72
74.06 76.45
73.94 76.19
73.82 75.94
73.69 75.69
73.56 75.44
73.43 75.2
73.3 74.96
73.17 74.73
73.03 74.51
72.88 74.29
72.72 74.07
72.55 73.86
72.38 73.65
72.19 73.45
72.02 73.25
71.86 73.07
71.71 72.91
71.59 72.76
71.5 72.64
71.4 72.52
71.28 72.39
71.13 72.25
70.95 72.08
70.72 71.89
70.46 71.67
70.18 71.44
69.88 71.2
69.59 70.98
69.38 70.81
69.41 70.76
69.7 70.92
70.2 71.28
