79.0 79.85
80.43 80.61
82.62 81.78
85.6 83.39
89.32 85.4
93.63 87.73
98.29 90.26
103.02 92.84
107.53 95.3
111.55 97.54
114.9 99.46
117.48 101.04
119.29 102.3
120.41 103.3
120.93 104.13
121.0 104.85
120.7 105.53
120.18 106.22
119.48 106.94
118.68 107.66
117.8 108.38
116.87 109.07
115.91 109.69
114.93 110.22
113.96 110.64
112.99 110.96
112.05 111.16
111.13 111.27
110.23 111.28
109.33 111.2
108.41 111.02
107.43 110.72
106.34 110.29
105.13 109.72
103.8 109.0
102.38 108.16
100.9 107.22
99.45 106.24
98.09 105.25
96.89 104.3
95.89 103.43
95.14 102.66
94.65 102.01
94.37 101.44
94.28 100.96
94.32 100.52
94.43 100.1
94.57 99.69
94.7 99.26
94.81 98.82
94.89 98.38
94.94 97.94
94.97 97.51
94.97 97.11
94.94 96.73
94.85 96.36
94.71 96.02
94.5 95.67
94.23 95.34
93.91 94.99
93.52 94.64
93.09 94.29
92.63 93.93
92.14 93.56
91.64 93.21
91.14 92.86
90.66 92.52
90.2 92.19
89.75 91.88
89.32 91.56
88.89 91.25
88.45 90.91
87.99 90.56
87.52 90.19
87.02 89.79
86.51 89.38
86.0 88.95
85.51 88.53
85.05 88.12
84.63 87.72
84.25 87.34
83.92 86.97
83.63 86.62
83.37 86.28
83.13 85.95
82.9 85.62
82.69 85.3
82.48 84.97
82.27 84.65
82.04 84.32
81.79 83.99
81.55 83.67
81.3 83.35
81.07 83.05
80.85 82.77
80.65 82.5
80.46 82.25
80.27 82.0
80.08 81.76
79.88 81.5
79.66 81.25
79.43 80.99
79.2 80.75
78.99 80.55
78.88 80.41
78.81 80.37
78.69 80.25
78.6 80.16
78.25 79.93
77.95 79.73
