75.0 77.38
78.22 79.03
83.67 81.81
91.39 85.78
100.83 90.72
111.09 96.23
121.27 101.81
130.66 107.01
138.82 111.53
145.49 115.23
150.5 118.1
153.71 120.16
155.0 121.49
154.42 122.16
152.26 122.31
148.95 122.08
144.85 121.65
140.26 121.18
135.4 120.75
130.43 120.38
125.46 120.03
120.57 119.6
115.83 119.0
111.27 118.15
106.93 117.06
102.8 115.75
98.88 114.27
95.18 112.66
91.72 110.94
88.56 109.13
85.75 107.26
83.35 105.37
81.39 103.49
79.87 101.69
78.75 99.96
77.98 98.31
77.51 96.72
77.27 95.16
77.23 93.64
77.34 92.16
77.59 90.76
77.95 89.45
78.39 88.25
78.9 87.17
79.44 86.21
79.99 85.35
80.5 84.61
80.96 83.96
81.34 83.38
81.61 82.87
81.76 82.4
81.77 81.96
81.63 81.53
81.36 81.11
80.97 80.68
80.47 80.27
79.9 79.87
79.27 79.48
78.6 79.12
77.93 78.78
77.25 78.45
76.58 78.13
75.91 77.81
75.24 77.47
74.57 77.12
73.92 76.76
73.33 76.42
72.95 76.2
73.32 76.33
74.11 76.91
