81.79 80.51
83.52 81.5
86.29 83.01
90.23 85.16
95.43 88.01
101.81 91.48
108.85 95.36
115.85 99.32
122.22 103.03
127.38 106.13
130.88 108.44
132.67 109.9
133.0 110.62
132.19 110.83
130.64 110.77
128.63 110.66
126.39 110.64
124.09 110.77
121.82 111.06
119.64 111.47
117.6 111.95
115.71 112.43
113.98 112.86
112.41 113.19
110.97 113.36
109.65 113.36
108.42 113.19
107.24 112.83
106.02 112.31
104.7 111.64
103.22 110.81
101.53 109.82
99.67 108.69
97.74 107.42
95.84 106.07
94.1 104.71
92.64 103.4
91.52 102.21
90.76 101.19
90.38 100.34
90.35 99.67
90.6 99.13
91.08 98.7
91.71 98.33
92.39 98.0
93.05 97.66
93.63 97.3
94.07 96.89
94.32 96.43
94.38 95.91
94.23 95.35
93.89 94.76
93.36 94.15
92.69 93.53
91.9 92.92
91.03 92.31
90.11 91.71
89.17 91.13
88.24 90.56
87.33 90.01
86.44 89.47
85.58 88.95
84.76 88.43
83.97 87.91
83.22 87.39
82.5 86.87
81.84 86.35
81.23 85.84
80.68 85.33
80.2 84.83
79.77 84.35
79.41 83.88
79.09 83.43
78.82 82.99
78.59 82.56
78.41 82.16
78.26 81.77
78.16 81.4
78.09 81.05
78.03 80.73
78.0 80.42
77.98 80.14
77.99 79.89
78.01 79.66
78.06 79.46
78.12 79.29
78.18 79.14
78.25 79.02
78.31 78.91
78.37 78.81
78.42 78.73
78.46 78.65
78.48 78.59
78.5 78.53
78.5 78.48
78.5 78.44
78.49 78.41
78.48 78.38
78.47 78.36
78.46 78.34
78.46 78.34
78.49 78.35
78.55 78.39
78.66 78.46
78.84 78.57
79.11 78.74
79.55 79.02
80.08 79.42
80.55 79.78
