74.0 75.03
75.47 75.79
77.8 77.02
81.02 78.74
85.04 80.89
89.59 83.36
94.4 85.96
99.14 88.53
103.49 90.88
107.19 92.92
110.12 94.58
112.18 95.86
113.43 96.82
113.98 97.53
114.0 98.1
113.65 98.64
113.09 99.21
112.43 99.86
111.74 100.6
111.06 101.42
110.39 102.25
109.73 103.05
109.07 103.75
108.36 104.32
107.59 104.73
106.75 104.98
105.82 105.06
104.77 104.98
103.56 104.72
102.17 104.3
100.6 103.71
98.89 102.99
97.1 102.16
95.34 101.27
93.68 100.37
92.21 99.51
90.96 98.69
89.96 97.94
89.19 97.26
88.66 96.63
88.32 96.05
88.13 95.49
88.03 94.93
87.97 94.37
87.91 93.79
87.82 93.18
87.7 92.55
87.54 91.91
87.35 91.29
87.15 90.69
86.92 90.11
86.66 89.57
86.38 89.06
86.07 88.57
85.72 88.09
85.33 87.61
84.91 87.14
84.46 86.68
84.02 86.23
83.58 85.8
83.15 85.39
82.74 85.0
82.35 84.62
81.95 84.26
81.54 83.89
81.12 83.53
80.68 83.15
80.22 82.76
79.76 82.36
79.29 81.96
78.86 81.57
78.45 81.19
78.09 80.83
77.76 80.48
77.47 80.16
77.2 79.84
76.95 79.53
76.69 79.21
76.44 78.88
76.15 78.54
75.85 78.18
75.53 77.82
75.21 77.46
74.89 77.09
74.56 76.74
74.25 76.4
73.96 76.08
73.69 75.78
73.46 75.51
73.28 75.27
73.16 75.07
73.08 74.91
72.94 74.76
72.84 74.53
72.85 74.39
72.89 74.25
73.16 74.1
