83.99 85.88
86.3 87.1
90.11 89.15
95.51 92.06
102.28 95.68
109.87 99.73
117.57 103.82
124.59 107.55
130.34 110.59
134.47 112.81
136.95 114.21
138.0 114.96
137.91 115.3
137.06 115.48
135.75 115.67
134.19 116.0
132.52 116.5
130.85 117.16
129.22 117.95
127.68 118.81
126.27 119.68
124.99 120.49
123.84 121.17
122.78 121.68
121.79 121.99
120.81 122.1
119.82 122.02
118.76 121.78
117.58 121.38
116.23 120.84
114.68 120.12
112.93 119.23
111.02 118.16
109.04 116.95
107.1 115.67
105.31 114.41
103.82 113.25
102.69 112.24
101.96 111.41
101.65 110.77
101.7 110.28
102.01 109.88
102.45 109.52
102.94 109.15
103.37 108.72
103.67 108.21
103.82 107.63
103.81 106.99
103.63 106.3
103.3 105.58
102.82 104.86
102.21 104.14
101.48 103.42
100.66 102.71
99.74 102.01
98.77 101.31
97.76 100.6
96.7 99.89
95.64 99.17
94.6 98.45
93.6 97.75
92.66 97.07
91.79 96.41
90.98 95.78
90.22 95.17
89.53 94.58
88.86 93.99
88.25 93.4
87.67 92.8
87.11 92.19
86.58 91.59
86.1 90.98
85.63 90.38
85.2 89.8
84.8 89.22
84.43 88.66
84.07 88.12
83.74 87.59
83.41 87.07
83.09 86.57
82.78 86.08
82.47 85.62
82.19 85.2
82.04 84.89
82.11 84.73
82.37 84.76
83.13 85.04
