76.0 76.91
76.9 77.37
78.26 78.09
80.1 79.07
82.39 80.31
85.05 81.74
87.95 83.31
90.97 84.94
93.95 86.56
96.76 88.09
99.29 89.51
101.45 90.77
103.23 91.89
104.61 92.88
105.63 93.77
106.33 94.58
106.76 95.35
106.97 96.09
107.0 96.8
106.87 97.5
106.61 98.16
106.23 98.77
105.76 99.31
105.2 99.77
104.56 100.15
103.88 100.45
103.15 100.67
102.41 100.82
101.65 100.89
100.87 100.89
100.05 100.8
99.16 100.61
98.19 100.3
97.1 99.88
95.9 99.33
94.63 98.69
93.34 97.98
92.09 97.23
90.93 96.49
89.91 95.78
89.05 95.12
88.37 94.52
87.84 93.96
87.44 93.45
87.16 92.96
86.97 92.49
86.84 92.02
86.75 91.56
86.69 91.1
86.63 90.63
86.56 90.17
86.47 89.71
86.36 89.26
86.21 88.82
86.04 88.4
85.85 87.99
85.63 87.61
85.4 87.24
85.13 86.88
84.85 86.53
84.55 86.19
84.24 85.85
83.92 85.52
83.59 85.21
83.27 84.9
82.96 84.62
82.66 84.34
82.37 84.08
82.09 83.82
81.81 83.56
81.53 83.3
81.24 83.04
80.95 82.78
80.66 82.51
80.36 82.24
80.08 81.97
79.8 81.71
79.54 81.44
79.29 81.18
79.05 80.93
78.82 80.68
78.61 80.43
78.4 80.19
78.19 79.94
77.99 79.7
77.77 79.45
77.54 79.19
77.31 78.94
77.07 78.68
76.81 78.42
76.57 78.16
76.32 77.92
76.09 77.68
75.88 77.46
75.7 77.27
75.56 77.11
75.48 76.99
75.42 76.9
75.49 76.87
75.72 76.9
76.02 77.05
