79.0 81.7
80.53 82.48
82.92 83.74
86.19 85.48
90.26 87.65
94.96 90.15
100.07 92.86
105.36 95.65
110.6 98.38
115.49 100.95
119.79 103.25
123.34 105.22
126.02 106.85
127.8 108.14
128.75 109.15
129.0 109.96
128.68 110.66
127.94 111.3
126.92 111.93
125.7 112.57
124.35 113.19
122.93 113.78
121.47 114.29
119.94 114.69
118.36 114.95
116.7 115.03
114.93 114.92
113.07 114.63
111.16 114.17
109.25 113.59
107.41 112.92
105.69 112.21
104.12 111.49
102.72 110.76
101.48 110.03
100.39 109.28
99.45 108.51
98.68 107.73
98.07 106.95
97.6 106.17
97.25 105.41
97.01 104.66
96.82 103.91
96.66 103.17
96.51 102.44
96.36 101.72
96.21 101.04
96.06 100.39
95.9 99.77
95.72 99.19
95.52 98.63
95.28 98.09
94.99 97.57
94.68 97.05
94.34 96.56
93.96 96.07
93.55 95.6
93.1 95.14
92.61 94.68
92.08 94.22
91.53 93.76
90.99 93.31
90.44 92.86
89.89 92.42
89.34 91.98
88.79 91.55
88.24 91.12
87.72 90.69
87.22 90.27
86.75 89.86
86.31 89.45
85.9 89.05
85.51 88.64
85.13 88.23
84.75 87.81
84.33 87.37
83.89 86.91
83.42 86.42
82.9 85.92
82.37 85.41
81.83 84.89
81.28 84.38
80.76 83.88
80.23 83.41
79.7 82.94
79.26 82.48
78.82 82.0
78.43 81.55
78.1 81.16
77.81 80.8
77.57 80.5
