77.0 78.64
78.12 79.24
79.97 80.23
82.59 81.64
85.86 83.38
89.54 85.32
93.33 87.3
96.92 89.16
100.06 90.77
102.6 92.08
104.5 93.08
105.8 93.84
106.59 94.42
106.96 94.91
107.0 95.35
106.77 95.79
106.35 96.23
105.76 96.68
105.06 97.14
104.28 97.58
103.43 97.99
102.55 98.34
101.66 98.62
100.77 98.81
99.89 98.91
99.03 98.93
98.19 98.88
97.36 98.76
96.51 98.56
95.62 98.28
94.65 97.91
93.61 97.43
92.52 96.86
91.41 96.21
90.35 95.54
89.4 94.87
88.59 94.24
87.94 93.66
87.44 93.12
87.07 92.63
86.79 92.15
86.57 91.68
86.4 91.21
86.25 90.74
86.11 90.26
85.97 89.78
85.82 89.31
85.67 88.84
85.51 88.39
85.32 87.95
85.12 87.52
84.88 87.1
84.61 86.7
84.31 86.31
84.0 85.92
83.66 85.55
83.31 85.18
82.97 84.83
82.63 84.48
82.3 84.15
81.96 83.83
81.63 83.51
81.27 83.19
80.9 82.87
80.52 82.54
80.13 82.21
79.75 81.88
79.39 81.55
79.03 81.23
78.68 80.91
78.35 80.59
78.03 80.28
77.72 79.98
77.43 79.69
77.16 79.4
76.93 79.14
76.78 78.93
76.69 78.73
76.57 78.51
76.59 78.38
76.57 78.18
