86.99 90.66
90.24 92.32
95.55 95.1
102.98 99.01
112.15 103.85
122.33 109.26
132.77 114.82
142.72 120.09
151.49 124.73
158.64 128.55
163.99 131.51
167.52 133.69
169.44 135.27
170.0 136.44
169.49 137.38
168.19 138.23
166.33 139.09
164.07 140.01
161.58 141.0
158.94 142.01
156.24 142.99
153.56 143.85
150.91 144.52
148.31 144.96
145.75 145.13
143.21 145.04
140.66 144.69
138.03 144.08
135.24 143.2
132.27 142.05
129.14 140.64
125.9 139.01
122.7 137.23
119.69 135.37
117.0 133.53
114.73 131.77
112.92 130.13
111.57 128.63
110.64 127.25
110.08 125.98
109.81 124.79
109.74 123.65
109.84 122.54
110.04 121.46
110.27 120.4
110.51 119.37
110.72 118.37
110.85 117.4
110.9 116.45
110.82 115.54
110.6 114.65
110.24 113.77
109.73 112.91
109.07 112.04
108.28 111.16
107.38 110.29
106.41 109.43
105.39 108.58
104.35 107.77
103.32 107.0
102.31 106.26
101.32 105.55
100.35 104.87
99.42 104.19
98.51 103.51
97.64 102.84
96.82 102.17
96.07 101.51
95.37 100.86
94.7 100.21
94.05 99.55
93.4 98.88
92.74 98.18
92.06 97.47
91.38 96.74
90.7 95.99
90.03 95.24
89.36 94.51
88.76 93.8
88.12 93.17
87.42 92.5
86.86 91.87
86.54 91.25
86.38 90.77
86.6 90.37
