86.0 91.48
89.32 93.14
95.05 96.07
103.23 100.3
113.38 105.56
124.48 111.35
135.45 117.11
145.41 122.29
153.73 126.53
159.99 129.66
164.04 131.7
165.97 132.81
166.0 133.23
164.42 133.15
161.59 132.78
157.79 132.26
153.31 131.69
148.35 131.14
143.15 130.63
137.86 130.14
132.62 129.62
127.52 128.99
122.64 128.15
117.98 127.06
113.53 125.71
109.32 124.13
105.36 122.39
101.69 120.57
98.38 118.73
95.49 116.91
93.07 115.14
91.14 113.44
89.72 111.82
88.82 110.3
88.43 108.88
88.53 107.59
89.08 106.45
90.03 105.45
91.34 104.61
92.9 103.91
94.62 103.33
96.39 102.84
98.12 102.42
99.69 102.03
101.04 101.65
102.1 101.27
102.86 100.88
103.3 100.48
103.43 100.08
103.29 99.68
102.93 99.29
102.4 98.92
101.73 98.59
100.96 98.29
100.1 98.01
99.14 97.73
98.11 97.43
97.04 97.11
95.93 96.76
94.8 96.37
93.69 95.94
92.59 95.49
91.48 94.98
90.36 94.43
89.26 93.84
88.17 93.19
87.1 92.51
86.1 91.81
85.16 91.12
84.34 90.51
83.91 90.08
84.02 90.03
84.26 90.24
