62.0 62.38
63.67 63.32
66.32 64.8
69.99 66.84
74.55 69.37
79.73 72.26
85.26 75.33
90.81 78.39
96.05 81.27
100.64 83.82
104.34 85.94
106.99 87.58
108.52 88.74
109.0 89.48
108.53 89.87
107.31 90.03
105.53 90.06
103.37 90.03
100.99 90.02
98.53 90.04
96.09 90.09
93.72 90.14
91.49 90.17
89.43 90.14
87.55 90.05
85.87 89.89
84.38 89.66
83.07 89.36
81.94 89.0
80.95 88.56
80.07 88.07
79.29 87.5
78.56 86.87
77.87 86.16
77.18 85.39
76.51 84.56
75.86 83.69
75.25 82.8
74.7 81.92
74.24 81.07
73.87 80.28
73.62 79.56
73.48 78.93
73.48 78.39
73.6 77.95
73.84 77.6
74.2 77.34
74.65 77.17
75.18 77.06
75.75 77.01
76.33 77.0
76.89 77.02
77.4 77.04
77.82 77.05
78.13 77.05
78.32 77.03
78.38 76.97
78.32 76.89
78.15 76.78
77.88 76.65
77.53 76.5
77.12 76.33
76.65 76.16
76.14 75.97
75.6 75.78
75.04 75.57
74.46 75.35
73.88 75.11
73.3 74.85
72.72 74.57
72.15 74.28
71.59 73.97
71.06 73.65
70.55 73.33
70.08 72.99
69.64 72.65
69.23 72.31
68.83 71.95
68.45 71.59
68.09 71.23
67.75 70.86
67.44 70.49
67.15 70.13
66.88 69.77
66.61 69.4
66.34 69.04
66.06 68.68
65.78 68.31
65.5 67.96
65.23 67.6
64.96 67.26
64.7 66.94
64.46 66.63
64.24 66.33
64.04 66.05
63.85 65.79
63.68 65.53
63.52 65.29
63.36 65.06
63.2 64.83
63.03 64.61
62.87 64.39
62.72 64.18
62.57 63.98
62.44 63.79
62.33 63.61
62.23 63.45
62.14 63.29
62.05 63.15
61.95 63.0
61.85 62.87
61.76 62.75
61.71 62.67
61.63 62.61
61.56 62.49
61.45 62.31
61.32 62.15
61.18 62.02
60.93 61.91
