73.0 73.66
74.03 74.23
75.58 75.08
77.66 76.23
80.27 77.66
83.31 79.33
86.68 81.18
90.22 83.11
93.78 85.06
97.18 86.94
100.28 88.69
102.97 90.28
105.18 91.68
106.9 92.91
108.16 94.0
109.03 94.98
109.59 95.9
109.89 96.8
110.0 97.69
109.95 98.58
109.8 99.45
109.56 100.3
109.23 101.09
108.84 101.82
108.39 102.46
107.88 103.0
107.31 103.45
106.71 103.8
106.06 104.05
105.38 104.21
104.64 104.26
103.79 104.18
102.79 103.95
101.58 103.55
100.14 102.95
98.49 102.17
96.68 101.24
94.81 100.23
93.01 99.19
91.37 98.19
89.98 97.29
88.87 96.5
88.04 95.81
87.44 95.22
87.05 94.69
86.82 94.18
86.7 93.69
86.64 93.19
86.64 92.67
86.66 92.14
86.69 91.59
86.69 91.05
86.68 90.5
86.62 89.97
86.51 89.45
86.33 88.94
86.08 88.44
85.77 87.95
85.4 87.46
84.97 86.97
84.5 86.48
84.01 86.0
83.52 85.54
83.04 85.1
82.58 84.7
82.14 84.32
81.72 83.97
81.33 83.63
80.95 83.31
80.57 82.99
80.21 82.66
79.84 82.33
79.48 81.99
79.14 81.66
78.81 81.32
78.49 81.0
78.19 80.68
77.92 80.37
77.67 80.07
77.45 79.79
77.25 79.51
77.06 79.24
76.89 78.98
76.73 78.73
76.58 78.48
76.44 78.23
76.29 77.99
76.13 77.75
75.95 77.5
75.76 77.26
75.57 77.03
75.39 76.8
75.22 76.59
75.07 76.4
74.94 76.22
74.81 76.05
74.7 75.89
74.6 75.75
74.51 75.6
74.42 75.46
74.33 75.32
74.22 75.18
74.1 75.03
73.95 74.87
73.79 74.71
73.62 74.54
73.45 74.38
73.3 74.23
73.19 74.1
73.12 74.01
73.03 73.89
72.95 73.79
72.94 73.71
72.86 73.58
72.78 73.45
72.65 73.43
72.57 73.28
