90.0 91.35
91.97 92.39
95.11 94.06
99.49 96.4
104.98 99.33
111.23 102.68
117.78 106.21
124.16 109.66
129.92 112.8
134.74 115.45
138.42 117.55
140.95 119.14
142.41 120.3
143.0 121.17
142.92 121.89
142.4 122.58
141.6 123.33
140.67 124.19
139.68 125.14
138.66 126.14
137.62 127.14
136.54 128.06
135.41 128.86
134.26 129.49
133.09 129.95
131.93 130.25
130.79 130.41
129.69 130.45
128.6 130.38
127.52 130.21
126.35 129.89
124.99 129.39
123.36 128.64
121.38 127.63
119.07 126.35
116.53 124.85
113.95 123.25
111.53 121.64
109.45 120.16
107.84 118.88
106.74 117.84
106.11 117.02
105.89 116.39
106.0 115.88
106.34 115.43
106.79 114.99
107.32 114.54
107.83 114.06
108.28 113.54
108.6 112.97
108.78 112.36
108.8 111.7
108.65 111.03
108.37 110.35
107.96 109.68
107.47 109.05
106.9 108.45
106.27 107.87
105.59 107.31
104.87 106.76
104.13 106.21
103.39 105.68
102.65 105.15
101.92 104.63
101.19 104.12
100.44 103.61
99.71 103.1
99.0 102.59
98.31 102.08
97.69 101.58
97.11 101.09
96.57 100.62
96.07 100.15
95.61 99.68
95.17 99.21
94.77 98.74
94.4 98.26
94.04 97.79
93.69 97.33
93.36 96.88
93.07 96.45
92.84 96.05
92.68 95.7
92.6 95.37
92.55 95.08
92.52 94.81
92.47 94.53
92.36 94.24
92.22 93.94
92.02 93.62
91.77 93.29
91.48 92.95
91.14 92.6
90.75 92.25
90.33 91.89
89.9 91.53
89.47 91.18
89.05 90.83
88.63 90.51
88.25 90.21
87.91 89.97
87.69 89.81
87.64 89.8
87.87 89.85
88.46 89.95
